1 pop1 1.0 0.833333
1 pop2 1.0 0.833333
100 pop1 1.19151 0.992921
100 pop2 1.18943 0.991188
200 pop1 1.18998 0.991652
200 pop2 1.1904 0.992002
300 pop1 1.19173 0.993106
300 pop2 1.19096 0.992466
400 pop1 1.1934 0.994501
400 pop2 1.19095 0.992459
500 pop1 1.19038 0.991984
500 pop2 1.18757 0.989642
600 pop1 1.19178 0.993153
600 pop2 1.18711 0.98926
700 pop1 1.19134 0.99278
700 pop2 1.18925 0.991045
800 pop1 1.19236 0.993632
800 pop2 1.19181 0.993176
900 pop1 1.19352 0.994597
900 pop2 1.19379 0.994826
1000 pop1 1.19075 0.992289
1000 pop2 1.1944 0.995331
1100 pop1 1.19301 0.994175
1100 pop2 1.19101 0.992512
1200 pop1 1.189 0.990837
1200 pop2 1.19252 0.993767
1300 pop1 1.1905 0.992086
1300 pop2 1.19335 0.994462
1400 pop1 1.19322 0.994354
1400 pop2 1.1922 0.9935
1500 pop1 1.18931 0.99109
1500 pop2 1.19547 0.996225
1600 pop1 1.19176 0.993136
1600 pop2 1.19153 0.992944
1700 pop1 1.19352 0.994596
1700 pop2 1.19067 0.992224
1800 pop1 1.18892 0.990763
1800 pop2 1.19379 0.994827
1900 pop1 1.18699 0.989157
1900 pop2 1.19135 0.992791
2000 pop1 1.19531 0.996094
2000 pop2 1.18708 0.989235
2100 pop1 1.19274 0.99395
2100 pop2 1.19204 0.993369
2200 pop1 1.19054 0.992117
2200 pop2 1.19596 0.996635
2300 pop1 1.19173 0.993111
2300 pop2 1.18945 0.991207
2400 pop1 1.18844 0.990368
2400 pop2 1.19169 0.993072
2500 pop1 1.18927 0.991056
2500 pop2 1.18609 0.988406
2600 pop1 1.19236 0.993631
2600 pop2 1.19103 0.992527
2700 pop1 1.19298 0.994153
2700 pop2 1.19473 0.995607
2800 pop1 1.19404 0.995031
2800 pop2 1.19118 0.992653
2900 pop1 1.19208 0.993404
2900 pop2 1.1903 0.991914
3000 pop1 1.19069 0.992246
3000 pop2 1.1937 0.994751
3100 pop1 1.19257 0.993806
3100 pop2 1.19087 0.992395
3200 pop1 1.19421 0.995171
3200 pop2 1.19242 0.993686
3300 pop1 1.19219 0.993495
3300 pop2 1.19035 0.991956
3400 pop1 1.18769 0.989741
3400 pop2 1.19103 0.992525
3500 pop1 1.1923 0.99358
3500 pop2 1.19214 0.993454
3600 pop1 1.19418 0.995151
3600 pop2 1.18651 0.988762
3700 pop1 1.19343 0.994522
3700 pop2 1.19134 0.992787
3800 pop1 1.18734 0.98945
3800 pop2 1.19247 0.993722
3900 pop1 1.18969 0.99141
3900 pop2 1.18791 0.989923
4000 pop1 1.19218 0.993484
4000 pop2 1.19054 0.992113
4100 pop1 1.18999 0.991655
4100 pop2 1.18917 0.990972
4200 pop1 1.19543 0.996193
4200 pop2 1.18291 0.98576
4300 pop1 1.19041 0.992012
4300 pop2 1.19351 0.994591
4400 pop1 1.19253 0.993776
4400 pop2 1.19185 0.993211
4500 pop1 1.18782 0.989853
4500 pop2 1.19403 0.995025
4600 pop1 1.19057 0.992138
4600 pop2 1.1894 0.991169
4700 pop1 1.19011 0.991762
4700 pop2 1.1931 0.994252
4800 pop1 1.1894 0.991168
4800 pop2 1.19123 0.992693
4900 pop1 1.18956 0.9913
4900 pop2 1.19357 0.994645
5000 pop1 1.18987 0.991556
5000 pop2 1.19221 0.993506
