1 pop1 1.0 0.909091
1 pop2 1.0 0.909091
100 pop1 1.0826 0.984178
100 pop2 1.08177 0.983428
200 pop1 1.08244 0.984038
200 pop2 1.08209 0.983722
300 pop1 1.08011 0.981916
300 pop2 1.0847 0.986088
400 pop1 1.0792 0.981095
400 pop2 1.07833 0.980299
500 pop1 1.07946 0.981323
500 pop2 1.08193 0.983574
600 pop1 1.08399 0.985445
600 pop2 1.08266 0.984237
700 pop1 1.08438 0.985798
700 pop2 1.0845 0.985912
800 pop1 1.08343 0.984939
800 pop2 1.08107 0.982795
900 pop1 1.08406 0.985511
900 pop2 1.08051 0.982282
1000 pop1 1.08222 0.983835
1000 pop2 1.08217 0.983793
1100 pop1 1.08609 0.987351
1100 pop2 1.07492 0.977204
1200 pop1 1.08671 0.987922
1200 pop2 1.08384 0.985311
1300 pop1 1.08638 0.98762
1300 pop2 1.08446 0.985869
1400 pop1 1.08628 0.987531
1400 pop2 1.08313 0.984664
1500 pop1 1.08453 0.985934
1500 pop2 1.08443 0.985842
1600 pop1 1.0827 0.984275
1600 pop2 1.08755 0.988686
1700 pop1 1.08756 0.988694
1700 pop2 1.0822 0.98382
1800 pop1 1.08739 0.988532
1800 pop2 1.08658 0.987796
1900 pop1 1.08725 0.988405
1900 pop2 1.08425 0.985679
2000 pop1 1.08437 0.985787
2000 pop2 1.08414 0.98558
2100 pop1 1.08614 0.987401
2100 pop2 1.08631 0.987558
2200 pop1 1.08447 0.985882
2200 pop2 1.08277 0.984337
2300 pop1 1.08752 0.988654
2300 pop2 1.08329 0.984814
2400 pop1 1.08466 0.986054
2400 pop2 1.08118 0.98289
2500 pop1 1.08852 0.98956
2500 pop2 1.08488 0.986254
2600 pop1 1.08867 0.989697
2600 pop2 1.08491 0.986281
2700 pop1 1.08497 0.986339
2700 pop2 1.08577 0.98706
2800 pop1 1.08502 0.98638
2800 pop2 1.0865 0.987724
2900 pop1 1.08744 0.988581
2900 pop2 1.08339 0.9849
3000 pop1 1.08517 0.986516
3000 pop2 1.08383 0.985301
3100 pop1 1.08542 0.986746
3100 pop2 1.08385 0.985317
3200 pop1 1.08151 0.983187
3200 pop2 1.08367 0.985153
3300 pop1 1.09019 0.991082
3300 pop2 1.08601 0.987278
3400 pop1 1.08348 0.984985
3400 pop2 1.08786 0.988963
3500 pop1 1.08187 0.983516
3500 pop2 1.08656 0.987781
3600 pop1 1.08379 0.985261
3600 pop2 1.08472 0.986106
3700 pop1 1.08621 0.987461
3700 pop2 1.08128 0.982985
3800 pop1 1.08549 0.98681
3800 pop2 1.08348 0.984982
3900 pop1 1.08216 0.983782
3900 pop2 1.08183 0.983478
4000 pop1 1.08428 0.985712
4000 pop2 1.08517 0.986522
4100 pop1 1.08407 0.98552
4100 pop2 1.08792 0.989023
4200 pop1 1.08305 0.984593
4200 pop2 1.08513 0.986486
4300 pop1 1.08589 0.987173
4300 pop2 1.08233 0.983941
4400 pop1 1.08309 0.984628
4400 pop2 1.08197 0.983613
4500 pop1 1.08676 0.98796
4500 pop2 1.08736 0.988512
4600 pop1 1.08594 0.987215
4600 pop2 1.08513 0.986486
4700 pop1 1.08409 0.985532
4700 pop2 1.08354 0.985038
4800 pop1 1.08451 0.985919
4800 pop2 1.08579 0.987084
4900 pop1 1.08602 0.987291
4900 pop2 1.08396 0.985416
5000 pop1 1.08413 0.985572
5000 pop2 1.08411 0.985555
