1 pop1 1.0 0.909091
1 pop2 1.0 0.909091
100 pop1 1.08758 0.988705
100 pop2 1.08616 0.987414
200 pop1 1.08552 0.986834
200 pop2 1.08843 0.989478
300 pop1 1.08416 0.985598
300 pop2 1.08518 0.986527
400 pop1 1.08718 0.988345
400 pop2 1.08621 0.987465
500 pop1 1.08646 0.987691
500 pop2 1.08387 0.985335
600 pop1 1.08217 0.983791
600 pop2 1.08287 0.984426
700 pop1 1.08559 0.986896
700 pop2 1.08415 0.985595
800 pop1 1.08417 0.985613
800 pop2 1.08814 0.98922
900 pop1 1.0872 0.988366
900 pop2 1.08488 0.986259
1000 pop1 1.08395 0.985405
1000 pop2 1.08271 0.984279
1100 pop1 1.09235 0.993049
1100 pop2 0.991679 0.901526
1200 pop1 1.09116 0.991963
1200 pop2 0.992396 0.902179
1300 pop1 1.08936 0.990329
1300 pop2 0.992313 0.902102
1400 pop1 1.09418 0.994711
1400 pop2 0.991517 0.901379
1500 pop1 1.09555 0.995958
1500 pop2 0.994415 0.904014
1600 pop1 1.0983 0.998459
1600 pop2 0.995624 0.905113
1700 pop1 1.0994 0.999452
1700 pop2 0.997034 0.906395
1800 pop1 1.10042 1.00038
1800 pop2 0.996987 0.906352
1900 pop1 1.10085 1.00078
1900 pop2 0.998301 0.907547
2000 pop1 1.10241 1.00219
2000 pop2 0.999388 0.908534
2100 pop1 1.10226 1.00205
2100 pop2 0.999486 0.908624
2200 pop1 1.10257 1.00234
2200 pop2 0.998696 0.907906
2300 pop1 1.10252 1.00229
2300 pop2 0.999565 0.908696
2400 pop1 1.1025 1.00227
2400 pop2 1.0 0.909091
2500 pop1 1.1025 1.00227
2500 pop2 1.0 0.909091
2600 pop1 1.1025 1.00227
2600 pop2 1.0 0.909091
2700 pop1 1.1025 1.00227
2700 pop2 1.0 0.909091
2800 pop1 1.1025 1.00227
2800 pop2 1.0 0.909091
2900 pop1 1.1025 1.00227
2900 pop2 1.0 0.909091
3000 pop1 1.1025 1.00227
3000 pop2 1.0 0.909091
3100 pop1 1.1025 1.00227
3100 pop2 1.0 0.909091
3200 pop1 1.1025 1.00227
3200 pop2 1.0 0.909091
3300 pop1 1.1025 1.00227
3300 pop2 1.0 0.909091
3400 pop1 1.1025 1.00227
3400 pop2 1.0 0.909091
3500 pop1 1.1025 1.00227
3500 pop2 1.0 0.909091
3600 pop1 1.1025 1.00227
3600 pop2 1.0 0.909091
3700 pop1 1.1025 1.00227
3700 pop2 1.0 0.909091
3800 pop1 1.1025 1.00227
3800 pop2 1.0 0.909091
3900 pop1 1.1025 1.00227
3900 pop2 1.0 0.909091
4000 pop1 1.1025 1.00227
4000 pop2 1.0 0.909091
4100 pop1 1.1025 1.00227
4100 pop2 1.0 0.909091
4200 pop1 1.1025 1.00227
4200 pop2 1.0 0.909091
4300 pop1 1.1025 1.00227
4300 pop2 1.0 0.909091
4400 pop1 1.1025 1.00227
4400 pop2 1.0 0.909091
4500 pop1 1.1025 1.00227
4500 pop2 1.0 0.909091
4600 pop1 1.1025 1.00227
4600 pop2 1.0 0.909091
4700 pop1 1.1025 1.00227
4700 pop2 1.0 0.909091
4800 pop1 1.1025 1.00227
4800 pop2 1.0 0.909091
4900 pop1 1.1025 1.00227
4900 pop2 1.0 0.909091
5000 pop1 1.1025 1.00227
5000 pop2 1.0 0.909091
