1 pop1 1.0 0.980392
1 pop2 1.0 0.980392
100 pop1 1.00768 0.987922
100 pop2 1.00571 0.985993
200 pop1 1.0092 0.98941
200 pop2 1.00492 0.985211
300 pop1 1.00606 0.986332
300 pop2 1.00505 0.985347
400 pop1 1.0092 0.989413
400 pop2 1.00476 0.985063
500 pop1 1.00788 0.988116
500 pop2 1.00807 0.988301
600 pop1 1.00728 0.98753
600 pop2 1.00584 0.986118
700 pop1 1.0053 0.985593
700 pop2 1.00441 0.984717
800 pop1 1.00791 0.988147
800 pop2 1.00265 0.982988
900 pop1 1.00709 0.987339
900 pop2 1.00188 0.982231
1000 pop1 1.00668 0.986944
1000 pop2 1.00418 0.984492
1100 pop1 1.00939 0.9896
1100 pop2 1.00344 0.983764
1200 pop1 1.01186 0.992021
1200 pop2 1.0049 0.985198
1300 pop1 1.0118 0.991965
1300 pop2 1.00837 0.988594
1400 pop1 1.01099 0.991168
1400 pop2 1.01134 0.991513
1500 pop1 1.0129 0.993035
1500 pop2 1.01111 0.991282
1600 pop1 1.01328 0.993411
1600 pop2 1.01094 0.991121
1700 pop1 1.01281 0.992953
1700 pop2 1.01041 0.9906
1800 pop1 1.01083 0.991012
1800 pop2 1.01317 0.993301
1900 pop1 1.0111 0.991278
1900 pop2 1.01285 0.992988
2000 pop1 1.01236 0.992506
2000 pop2 1.01407 0.994182
2100 pop1 1.01094 0.991122
2100 pop2 1.01479 0.994888
2200 pop1 1.01031 0.9905
2200 pop2 1.01438 0.994492
2300 pop1 1.00954 0.989748
2300 pop2 1.01407 0.994187
2400 pop1 1.00909 0.989305
2400 pop2 1.01423 0.994347
2500 pop1 1.00916 0.989371
2500 pop2 1.01436 0.994473
2600 pop1 1.01144 0.991612
2600 pop2 1.01266 0.992803
2700 pop1 1.01201 0.992162
2700 pop2 1.0119 0.992058
2800 pop1 1.01186 0.99202
2800 pop2 1.01242 0.992566
2900 pop1 1.0117 0.991866
2900 pop2 1.01234 0.992495
3000 pop1 1.01065 0.990831
3000 pop2 1.01417 0.994282
3100 pop1 1.01104 0.991211
3100 pop2 1.01131 0.991485
3200 pop1 1.01296 0.993101
3200 pop2 1.01189 0.992048
3300 pop1 1.0115 0.991665
3300 pop2 1.01222 0.992371
3400 pop1 1.01189 0.99205
3400 pop2 1.01233 0.992481
3500 pop1 1.01279 0.99293
3500 pop2 1.0123 0.992454
3600 pop1 1.01368 0.993806
3600 pop2 1.01117 0.991346
3700 pop1 1.01347 0.9936
3700 pop2 1.01118 0.991349
3800 pop1 1.01448 0.994587
3800 pop2 1.0116 0.991768
3900 pop1 1.0131 0.993231
3900 pop2 1.01118 0.991355
4000 pop1 1.01246 0.992605
4000 pop2 1.0121 0.992257
4100 pop1 1.01397 0.994091
4100 pop2 1.0129 0.993036
4200 pop1 1.01306 0.993196
4200 pop2 1.01153 0.991698
4300 pop1 1.01305 0.993188
4300 pop2 1.01129 0.99146
4400 pop1 1.01202 0.992174
4400 pop2 1.01299 0.993125
4500 pop1 1.01241 0.992562
4500 pop2 1.01303 0.993162
4600 pop1 1.01344 0.993569
4600 pop2 1.01108 0.991253
4700 pop1 1.01261 0.992752
4700 pop2 1.01339 0.993516
4800 pop1 1.01233 0.992479
4800 pop2 1.01268 0.992821
4900 pop1 1.01299 0.993124
4900 pop2 1.01244 0.992584
5000 pop1 1.012 0.992157
5000 pop2 1.01371 0.993834
