1 pop1 1.0 0.980392
1 pop2 1.0 0.980392
100 pop1 1.00591 0.986189
100 pop2 1.00796 0.988198
200 pop1 1.00809 0.988327
200 pop2 1.00564 0.98592
300 pop1 1.00773 0.987967
300 pop2 1.00404 0.984357
400 pop1 1.0079 0.988134
400 pop2 1.00598 0.986251
500 pop1 1.00565 0.985934
500 pop2 1.00479 0.985085
600 pop1 1.00365 0.983966
600 pop2 1.00643 0.986693
700 pop1 1.00079 0.981168
700 pop2 1.00748 0.987726
800 pop1 1.00351 0.983833
800 pop2 1.00766 0.987904
900 pop1 1.00421 0.984519
900 pop2 1.00596 0.986232
1000 pop1 1.00638 0.986647
1000 pop2 1.00683 0.987086
1100 pop1 1.00886 0.989082
1100 pop2 1.00733 0.98758
1200 pop1 1.01133 0.991503
1200 pop2 1.01144 0.991604
1300 pop1 1.01152 0.99169
1300 pop2 1.01275 0.992892
1400 pop1 1.0123 0.992453
1400 pop2 1.01319 0.99332
1500 pop1 1.01281 0.992952
1500 pop2 1.01081 0.990985
1600 pop1 1.01203 0.992187
1600 pop2 1.01101 0.991188
1700 pop1 1.01292 0.993063
1700 pop2 1.01066 0.990843
1800 pop1 1.01243 0.992579
1800 pop2 1.01179 0.991952
1900 pop1 1.01134 0.991506
1900 pop2 1.01263 0.992772
2000 pop1 1.01153 0.991694
2000 pop2 1.01283 0.992973
2100 pop1 1.01304 0.993172
2100 pop2 1.01115 0.991323
2200 pop1 1.0129 0.993037
2200 pop2 1.0119 0.99206
2300 pop1 1.01289 0.993029
2300 pop2 1.0118 0.991965
2400 pop1 1.01282 0.992965
2400 pop2 1.0114 0.991565
2500 pop1 1.01335 0.99348
2500 pop2 1.0116 0.991763
2600 pop1 1.01274 0.992886
2600 pop2 1.01358 0.993703
2700 pop1 1.01114 0.991309
2700 pop2 1.01346 0.993585
2800 pop1 1.0112 0.991372
2800 pop2 1.0141 0.994211
2900 pop1 1.01218 0.992331
2900 pop2 1.01322 0.993356
3000 pop1 1.01041 0.990595
3000 pop2 1.01356 0.993691
3100 pop1 1.00987 0.990065
3100 pop2 1.01404 0.994156
3200 pop1 1.01142 0.99159
3200 pop2 1.01348 0.993612
3300 pop1 1.01113 0.991305
3300 pop2 1.01423 0.994342
3400 pop1 1.01242 0.992565
3400 pop2 1.01332 0.99345
3500 pop1 1.01298 0.99312
3500 pop2 1.01199 0.992148
3600 pop1 1.01225 0.992398
3600 pop2 1.0122 0.992354
3700 pop1 1.01283 0.992969
3700 pop2 1.01255 0.992693
3800 pop1 1.01304 0.993175
3800 pop2 1.01188 0.992038
3900 pop1 1.01262 0.992767
3900 pop2 1.01312 0.993253
4000 pop1 1.01357 0.993695
4000 pop2 1.01203 0.992188
4100 pop1 1.01274 0.992882
4100 pop2 1.01112 0.991293
4200 pop1 1.01253 0.99268
4200 pop2 1.01231 0.992464
4300 pop1 1.0136 0.993726
4300 pop2 1.01072 0.990899
4400 pop1 1.01166 0.99182
4400 pop2 1.01256 0.992701
4500 pop1 1.01295 0.993088
4500 pop2 1.01274 0.992878
4600 pop1 1.01252 0.992667
4600 pop2 1.01329 0.993423
4700 pop1 1.01217 0.992323
4700 pop2 1.01183 0.991987
4800 pop1 1.00955 0.989759
4800 pop2 1.01276 0.992902
4900 pop1 1.00903 0.989245
4900 pop2 1.01371 0.993833
5000 pop1 1.00949 0.989696
5000 pop2 1.01608 0.996153
