1 pop1 1.0 0.833333
1 pop2 1.0 0.833333
100 pop1 1.06907 0.890895
100 pop2 1.07319 0.894326
200 pop1 1.06582 0.88818
200 pop2 1.07038 0.89198
300 pop1 1.07997 0.899975
300 pop2 1.07651 0.897089
400 pop1 1.06902 0.890851
400 pop2 1.07484 0.895697
500 pop1 1.06432 0.88693
500 pop2 1.07792 0.898263
600 pop1 1.07597 0.896639
600 pop2 1.07332 0.894434
700 pop1 1.07597 0.896641
700 pop2 1.07093 0.892441
800 pop1 1.07802 0.898348
800 pop2 1.06356 0.886302
900 pop1 1.06863 0.890523
900 pop2 1.07272 0.893934
1000 pop1 1.079 0.899168
1000 pop2 1.06982 0.891514
1100 pop1 1.11181 0.926509
1100 pop2 1.12453 0.937109
1200 pop1 1.09094 0.909114
1200 pop2 1.13817 0.948476
1300 pop1 1.11287 0.927389
1300 pop2 1.1227 0.935585
1400 pop1 1.1183 0.931917
1400 pop2 1.12504 0.937529
1500 pop1 1.1151 0.929253
1500 pop2 1.12608 0.938397
1600 pop1 1.11835 0.931961
1600 pop2 1.12817 0.940143
1700 pop1 1.12146 0.934552
1700 pop2 1.11692 0.930763
1800 pop1 1.11919 0.932661
1800 pop2 1.12353 0.936273
1900 pop1 1.12218 0.935147
1900 pop2 1.11631 0.930259
2000 pop1 1.12401 0.936678
2000 pop2 1.12274 0.935615
2100 pop1 1.12298 0.935813
2100 pop2 1.12163 0.934695
2200 pop1 1.12162 0.934684
2200 pop2 1.12165 0.934705
2300 pop1 1.12586 0.93822
2300 pop2 1.12177 0.934809
2400 pop1 1.11822 0.931847
2400 pop2 1.12288 0.935731
2500 pop1 1.13051 0.942092
2500 pop2 1.11286 0.927384
2600 pop1 1.11422 0.928514
2600 pop2 1.12621 0.938508
2700 pop1 1.11993 0.933279
2700 pop2 1.12488 0.9374
2800 pop1 1.11964 0.933029
2800 pop2 1.11877 0.932305
2900 pop1 1.12305 0.935873
2900 pop2 1.12373 0.936442
3000 pop1 1.1265 0.93875
3000 pop2 1.11008 0.925063
3100 pop1 1.1256 0.937997
3100 pop2 1.11442 0.928686
3200 pop1 1.13157 0.942974
3200 pop2 1.11555 0.929622
3300 pop1 1.1224 0.935334
3300 pop2 1.12106 0.934219
3400 pop1 1.13263 0.94386
3400 pop2 1.11198 0.926652
3500 pop1 1.12157 0.934642
3500 pop2 1.11793 0.931608
3600 pop1 1.1374 0.947834
3600 pop2 1.10536 0.921137
3700 pop1 1.1196 0.932997
3700 pop2 1.12976 0.941466
3800 pop1 1.12167 0.934724
3800 pop2 1.12083 0.934023
3900 pop1 1.12135 0.934455
3900 pop2 1.12384 0.936535
4000 pop1 1.12211 0.935092
4000 pop2 1.11988 0.93323
4100 pop1 1.1247 0.93725
4100 pop2 1.11965 0.933046
4200 pop1 1.13022 0.94185
4200 pop2 1.11716 0.930965
4300 pop1 1.11735 0.931128
4300 pop2 1.12859 0.940488
4400 pop1 1.12551 0.937928
4400 pop2 1.12041 0.933673
4500 pop1 1.11998 0.933313
4500 pop2 1.1285 0.940418
4600 pop1 1.12837 0.940305
4600 pop2 1.12064 0.933865
4700 pop1 1.12355 0.936292
4700 pop2 1.11626 0.930217
4800 pop1 1.12658 0.938814
4800 pop2 1.11903 0.932522
4900 pop1 1.12281 0.935674
4900 pop2 1.12307 0.935892
5000 pop1 1.13289 0.944077
5000 pop2 1.11399 0.928324
