1 pop1 1.0 0.980392
1 pop2 1.0 0.980392
100 pop1 1.00817 0.988403
100 pop2 1.00212 0.982473
200 pop1 1.01007 0.990269
200 pop2 1.00196 0.982313
300 pop1 1.01213 0.992287
300 pop2 0.999052 0.979463
400 pop1 1.01167 0.991837
400 pop2 1.0019 0.982256
500 pop1 1.01013 0.99032
500 pop2 1.00214 0.982491
600 pop1 1.00958 0.989788
600 pop2 1.0018 0.982154
700 pop1 1.009 0.989219
700 pop2 1.00012 0.980514
800 pop1 1.0075 0.987742
800 pop2 1.00255 0.982888
900 pop1 1.00999 0.990185
900 pop2 1.00086 0.981236
1000 pop1 1.00717 0.987418
1000 pop2 1.00394 0.984255
1100 pop1 1.00866 0.988879
1100 pop2 1.00528 0.985568
1200 pop1 1.01062 0.990809
1200 pop2 1.0086 0.98882
1300 pop1 1.01074 0.990926
1300 pop2 1.01204 0.992193
1400 pop1 1.01213 0.992284
1400 pop2 1.01069 0.990868
1500 pop1 1.01069 0.990877
1500 pop2 1.0126 0.992747
1600 pop1 1.00966 0.989862
1600 pop2 1.01248 0.992629
1700 pop1 1.01077 0.990954
1700 pop2 1.01293 0.993073
1800 pop1 1.01151 0.991679
1800 pop2 1.01464 0.994742
1900 pop1 1.00975 0.989949
1900 pop2 1.01337 0.993502
2000 pop1 1.01019 0.990381
2000 pop2 1.01372 0.993839
2100 pop1 1.00835 0.988581
2100 pop2 1.01308 0.993216
2200 pop1 1.01077 0.990955
2200 pop2 1.01354 0.993665
2300 pop1 1.00964 0.989844
2300 pop2 1.01302 0.993159
2400 pop1 1.00843 0.988654
2400 pop2 1.01499 0.995091
2500 pop1 1.00853 0.988752
2500 pop2 1.01589 0.995973
2600 pop1 1.01078 0.990957
2600 pop2 1.0131 0.993234
2700 pop1 1.01109 0.991267
2700 pop2 1.0125 0.992643
2800 pop1 1.01235 0.992503
2800 pop2 1.01104 0.991212
2900 pop1 1.01037 0.990563
2900 pop2 1.01357 0.993699
3000 pop1 1.00911 0.98932
3000 pop2 1.01378 0.993903
3100 pop1 1.01017 0.990361
3100 pop2 1.01321 0.993341
3200 pop1 1.01078 0.990963
3200 pop2 1.01254 0.992689
3300 pop1 1.0101 0.990295
3300 pop2 1.01417 0.994281
3400 pop1 1.00907 0.989282
3400 pop2 1.01513 0.995223
3500 pop1 1.00981 0.99001
3500 pop2 1.01469 0.994799
3600 pop1 1.00982 0.990016
3600 pop2 1.01625 0.996325
3700 pop1 1.0087 0.988921
3700 pop2 1.01312 0.993259
3800 pop1 1.00888 0.989102
3800 pop2 1.01437 0.99448
3900 pop1 1.01015 0.990347
3900 pop2 1.014 0.994121
4000 pop1 1.00991 0.990112
4000 pop2 1.01399 0.994105
4100 pop1 1.01058 0.990769
4100 pop2 1.01338 0.993511
4200 pop1 1.01094 0.991113
4200 pop2 1.01378 0.993902
4300 pop1 1.0095 0.989708
4300 pop2 1.01443 0.994541
4400 pop1 1.01222 0.992369
4400 pop2 1.01369 0.993811
4500 pop1 1.01187 0.992025
4500 pop2 1.01301 0.993144
4600 pop1 1.0115 0.991663
4600 pop2 1.01234 0.992495
4700 pop1 1.01083 0.99101
4700 pop2 1.01176 0.991923
4800 pop1 1.01106 0.991231
4800 pop2 1.01155 0.991718
4900 pop1 1.01107 0.991246
4900 pop2 1.01346 0.993585
5000 pop1 1.01117 0.991345
5000 pop2 1.0126 0.992745
