1 pop1 1.0 0.980392
1 pop2 1.0 0.980392
100 pop1 1.0089 0.989113
100 pop2 1.0048 0.985103
200 pop1 1.00775 0.987991
200 pop2 1.00347 0.983793
300 pop1 1.00758 0.987822
300 pop2 1.00318 0.983509
400 pop1 1.00868 0.988899
400 pop2 0.999703 0.980101
500 pop1 1.00999 0.990188
500 pop2 1.00096 0.98133
600 pop1 1.00914 0.989356
600 pop2 0.999518 0.97992
700 pop1 1.00782 0.988062
700 pop2 1.00226 0.982605
800 pop1 1.00599 0.986266
800 pop2 1.00455 0.984848
900 pop1 1.00593 0.986209
900 pop2 1.00592 0.986199
1000 pop1 1.007 0.987252
1000 pop2 1.00596 0.986237
1100 pop1 1.00981 0.990015
1100 pop2 1.00104 0.981416
1200 pop1 1.01147 0.991641
1200 pop2 1.00492 0.985214
1300 pop1 1.01345 0.993578
1300 pop2 1.00707 0.987319
1400 pop1 1.01392 0.994038
1400 pop2 1.00833 0.988561
1500 pop1 1.013 0.993136
1500 pop2 1.00922 0.989436
1600 pop1 1.01364 0.993761
1600 pop2 1.01064 0.990819
1700 pop1 1.01248 0.992623
1700 pop2 1.00992 0.990114
1800 pop1 1.01194 0.992098
1800 pop2 1.01164 0.991809
1900 pop1 1.01309 0.993227
1900 pop2 1.01038 0.990567
2000 pop1 1.01362 0.993743
2000 pop2 1.01048 0.990664
2100 pop1 1.01498 0.995081
2100 pop2 1.01107 0.991249
2200 pop1 1.01312 0.993258
2200 pop2 1.01233 0.992478
2300 pop1 1.01286 0.992998
2300 pop2 1.01192 0.992079
2400 pop1 1.013 0.993138
2400 pop2 1.01286 0.992998
2500 pop1 1.01065 0.990835
2500 pop2 1.01353 0.993652
2600 pop1 1.01015 0.990344
2600 pop2 1.01317 0.993306
2700 pop1 1.01072 0.990906
2700 pop2 1.01408 0.994192
2800 pop1 1.01036 0.990553
2800 pop2 1.01404 0.994161
2900 pop1 1.00962 0.989823
2900 pop2 1.01511 0.995208
3000 pop1 1.01003 0.990224
3000 pop2 1.01412 0.994239
3100 pop1 1.01045 0.990633
3100 pop2 1.01346 0.993587
3200 pop1 1.00997 0.990162
3200 pop2 1.0139 0.994019
3300 pop1 1.00886 0.989074
3300 pop2 1.01412 0.994231
3400 pop1 1.00894 0.989158
3400 pop2 1.01558 0.995668
3500 pop1 1.00856 0.988781
3500 pop2 1.01501 0.995107
3600 pop1 1.00871 0.988927
3600 pop2 1.01459 0.994696
3700 pop1 1.00595 0.986222
3700 pop2 1.01734 0.997397
3800 pop1 1.00567 0.985949
3800 pop2 1.01682 0.99688
3900 pop1 1.00652 0.986784
3900 pop2 1.01638 0.996455
4000 pop1 1.00607 0.986344
4000 pop2 1.01707 0.997125
4100 pop1 1.00663 0.986887
4100 pop2 1.01669 0.99675
4200 pop1 1.00697 0.987224
4200 pop2 1.01638 0.996446
4300 pop1 1.00755 0.98779
4300 pop2 1.01609 0.996166
4400 pop1 1.00859 0.988816
4400 pop2 1.01612 0.996194
4500 pop1 1.00891 0.989124
4500 pop2 1.01471 0.994809
4600 pop1 1.00986 0.99006
4600 pop2 1.01453 0.994636
4700 pop1 1.01033 0.990519
4700 pop2 1.01366 0.993781
4800 pop1 1.01212 0.992276
4800 pop2 1.01286 0.993005
4900 pop1 1.0113 0.991471
4900 pop2 1.01263 0.992776
5000 pop1 1.01187 0.992026
5000 pop2 1.01418 0.994297
