1 pop1 1.0 0.980392
1 pop2 1.0 0.980392
100 pop1 1.00094 0.981312
100 pop2 1.00038 0.980765
200 pop1 1.00256 0.982903
200 pop2 0.999329 0.979734
300 pop1 1.00248 0.982819
300 pop2 0.999282 0.979688
400 pop1 1.00325 0.983583
400 pop2 0.997439 0.977882
500 pop1 1.00401 0.984321
500 pop2 0.996656 0.977113
600 pop1 1.0027 0.983043
600 pop2 0.997752 0.978188
700 pop1 1.00219 0.982541
700 pop2 0.998324 0.978749
800 pop1 1.00401 0.984328
800 pop2 0.99682 0.977275
900 pop1 1.00309 0.98342
900 pop2 0.997478 0.977919
1000 pop1 1.00128 0.981644
1000 pop2 0.999479 0.979881
1100 pop1 1.00553 0.985816
1100 pop2 0.997179 0.977627
1200 pop1 1.0084 0.988629
1200 pop2 1.00023 0.980614
1300 pop1 1.01019 0.990384
1300 pop2 1.00091 0.981286
1400 pop1 1.00997 0.990168
1400 pop2 1.00484 0.985134
1500 pop1 1.00935 0.98956
1500 pop2 1.00636 0.986631
1600 pop1 1.00967 0.989869
1600 pop2 1.0065 0.986769
1700 pop1 1.00975 0.989946
1700 pop2 1.00769 0.987931
1800 pop1 1.00777 0.988011
1800 pop2 1.01076 0.990939
1900 pop1 1.00598 0.986258
1900 pop2 1.01242 0.992569
2000 pop1 1.0055 0.985782
2000 pop2 1.01375 0.993874
2100 pop1 1.00448 0.984789
2100 pop2 1.01515 0.995242
2200 pop1 1.00381 0.984125
2200 pop2 1.01558 0.995667
2300 pop1 1.00333 0.983654
2300 pop2 1.01673 0.996799
2400 pop1 1.00331 0.983639
2400 pop2 1.01653 0.996599
2500 pop1 1.00472 0.985017
2500 pop2 1.01464 0.994741
2600 pop1 1.00396 0.984272
2600 pop2 1.01542 0.995506
2700 pop1 1.00429 0.984593
2700 pop2 1.0157 0.995783
2800 pop1 1.00304 0.983371
2800 pop2 1.01596 0.996041
2900 pop1 1.00539 0.985677
2900 pop2 1.01471 0.994818
3000 pop1 1.00355 0.983876
3000 pop2 1.01619 0.996268
3100 pop1 1.00394 0.984251
3100 pop2 1.016 0.996076
3200 pop1 1.00299 0.983319
3200 pop2 1.01686 0.996919
3300 pop1 1.00315 0.983478
3300 pop2 1.01681 0.996872
3400 pop1 1.0038 0.984114
3400 pop2 1.01633 0.9964
3500 pop1 1.00405 0.984366
3500 pop2 1.01617 0.996243
3600 pop1 1.00307 0.983406
3600 pop2 1.01727 0.997326
3700 pop1 1.00247 0.982818
3700 pop2 1.01711 0.997165
3800 pop1 1.00394 0.984252
3800 pop2 1.01626 0.99633
3900 pop1 1.00422 0.984526
3900 pop2 1.0159 0.995977
4000 pop1 1.00366 0.983977
4000 pop2 1.01627 0.996346
4100 pop1 1.00366 0.98398
4100 pop2 1.01658 0.996648
4200 pop1 1.00318 0.983513
4200 pop2 1.01731 0.997366
4300 pop1 1.0033 0.983632
4300 pop2 1.01699 0.997045
4400 pop1 1.00286 0.983198
4400 pop2 1.01754 0.997588
4500 pop1 1.00228 0.982632
4500 pop2 1.01808 0.998113
4600 pop1 1.00228 0.982624
4600 pop2 1.01812 0.998153
4700 pop1 1.00274 0.983074
4700 pop2 1.01746 0.997508
4800 pop1 1.00222 0.982567
4800 pop2 1.01778 0.997821
4900 pop1 1.00274 0.983082
4900 pop2 1.01785 0.997895
5000 pop1 1.00208 0.982429
5000 pop2 1.01794 0.997978
