1 pop1 1.0 0.980392
1 pop2 1.0 0.980392
100 pop1 0.999743 0.98014
100 pop2 1.00187 0.982228
200 pop1 0.998674 0.979092
200 pop2 1.00264 0.982979
300 pop1 0.997862 0.978296
300 pop2 1.00401 0.984322
400 pop1 0.994261 0.974766
400 pop2 1.0065 0.986761
500 pop1 0.993741 0.974256
500 pop2 1.00749 0.987733
600 pop1 0.994841 0.975334
600 pop2 1.00637 0.986641
700 pop1 0.993957 0.974468
700 pop2 1.0072 0.987454
800 pop1 0.995385 0.975868
800 pop2 1.00572 0.986002
900 pop1 0.996005 0.976476
900 pop2 1.00556 0.985846
1000 pop1 0.995846 0.976319
1000 pop2 1.00546 0.985747
1100 pop1 1.00448 0.984782
1100 pop2 0.996332 0.976796
1200 pop1 1.00819 0.988422
1200 pop2 0.996557 0.977017
1300 pop1 1.01364 0.993769
1300 pop2 0.996862 0.977315
1400 pop1 1.0177 0.997745
1400 pop2 0.996666 0.977123
1500 pop1 1.01869 0.99872
1500 pop2 0.997909 0.978343
1600 pop1 1.01963 0.999637
1600 pop2 0.998284 0.97871
1700 pop1 1.0201 1.0001
1700 pop2 0.99909 0.9795
1800 pop1 1.0201 1.0001
1800 pop2 0.999457 0.97986
1900 pop1 1.0201 1.0001
1900 pop2 0.999888 0.980283
2000 pop1 1.0201 1.0001
2000 pop2 0.999972 0.980365
2100 pop1 1.0201 1.0001
2100 pop2 1.0 0.980392
2200 pop1 1.0201 1.0001
2200 pop2 1.0 0.980392
2300 pop1 1.0201 1.0001
2300 pop2 1.0 0.980392
2400 pop1 1.0201 1.0001
2400 pop2 1.0 0.980392
2500 pop1 1.0201 1.0001
2500 pop2 1.0 0.980392
2600 pop1 1.0201 1.0001
2600 pop2 1.0 0.980392
2700 pop1 1.0201 1.0001
2700 pop2 1.0 0.980392
2800 pop1 1.0201 1.0001
2800 pop2 1.0 0.980392
2900 pop1 1.0201 1.0001
2900 pop2 1.0 0.980392
3000 pop1 1.0201 1.0001
3000 pop2 1.0 0.980392
3100 pop1 1.0201 1.0001
3100 pop2 1.0 0.980392
3200 pop1 1.0201 1.0001
3200 pop2 1.0 0.980392
3300 pop1 1.0201 1.0001
3300 pop2 1.0 0.980392
3400 pop1 1.0201 1.0001
3400 pop2 1.0 0.980392
3500 pop1 1.0201 1.0001
3500 pop2 1.0 0.980392
3600 pop1 1.0201 1.0001
3600 pop2 1.0 0.980392
3700 pop1 1.0201 1.0001
3700 pop2 1.0 0.980392
3800 pop1 1.0201 1.0001
3800 pop2 1.0 0.980392
3900 pop1 1.0201 1.0001
3900 pop2 1.0 0.980392
4000 pop1 1.0201 1.0001
4000 pop2 1.0 0.980392
4100 pop1 1.0201 1.0001
4100 pop2 1.0 0.980392
4200 pop1 1.0201 1.0001
4200 pop2 1.0 0.980392
4300 pop1 1.0201 1.0001
4300 pop2 1.0 0.980392
4400 pop1 1.0201 1.0001
4400 pop2 1.0 0.980392
4500 pop1 1.0201 1.0001
4500 pop2 1.0 0.980392
4600 pop1 1.0201 1.0001
4600 pop2 1.0 0.980392
4700 pop1 1.0201 1.0001
4700 pop2 1.0 0.980392
4800 pop1 1.0201 1.0001
4800 pop2 1.0 0.980392
4900 pop1 1.0201 1.0001
4900 pop2 1.0 0.980392
5000 pop1 1.0201 1.0001
5000 pop2 1.0 0.980392
