1 pop1 1.0 0.980392
1 pop2 1.0 0.980392
100 pop1 1.00294 0.983279
100 pop2 0.99771 0.978147
200 pop1 1.00059 0.980971
200 pop2 1.00069 0.981064
300 pop1 0.999731 0.980129
300 pop2 1.00083 0.981205
400 pop1 1.00122 0.981587
400 pop2 1.0001 0.980491
500 pop1 0.998271 0.978697
500 pop2 1.00371 0.984027
600 pop1 1.0007 0.981083
600 pop2 1.00033 0.980713
700 pop1 1.00256 0.982902
700 pop2 0.999067 0.979478
800 pop1 1.00199 0.982343
800 pop2 1.00024 0.980632
900 pop1 1.00139 0.981756
900 pop2 0.999877 0.980272
1000 pop1 0.996901 0.977354
1000 pop2 1.00309 0.983425
1100 pop1 1.00952 0.989724
1100 pop2 0.994836 0.975329
1200 pop1 1.0138 0.993925
1200 pop2 0.994449 0.97495
1300 pop1 1.01695 0.997008
1300 pop2 0.994541 0.975041
1400 pop1 1.01741 0.997459
1400 pop2 0.993882 0.974394
1500 pop1 1.01902 0.999043
1500 pop2 0.995647 0.976125
1600 pop1 1.01989 0.999895
1600 pop2 0.995862 0.976336
1700 pop1 1.01982 0.999823
1700 pop2 0.995739 0.976215
1800 pop1 1.01966 0.999662
1800 pop2 0.997112 0.977561
1900 pop1 1.01994 0.999945
1900 pop2 0.99777 0.978206
2000 pop1 1.0201 1.0001
2000 pop2 0.999002 0.979414
2100 pop1 1.0201 1.0001
2100 pop2 0.998811 0.979226
2200 pop1 1.0201 1.0001
2200 pop2 0.998472 0.978894
2300 pop1 1.02011 1.0001
2300 pop2 0.997746 0.978182
2400 pop1 1.02011 1.0001
2400 pop2 0.998177 0.978604
2500 pop1 1.0201 1.0001
2500 pop2 0.998771 0.979187
2600 pop1 1.0201 1.0001
2600 pop2 0.998647 0.979066
2700 pop1 1.0201 1.0001
2700 pop2 0.999154 0.979563
2800 pop1 1.0201 1.0001
2800 pop2 0.999469 0.979872
2900 pop1 1.0201 1.0001
2900 pop2 0.999577 0.979977
3000 pop1 1.0201 1.0001
3000 pop2 0.999972 0.980365
3100 pop1 1.0201 1.0001
3100 pop2 1.0 0.980392
3200 pop1 1.0201 1.0001
3200 pop2 1.0 0.980392
3300 pop1 1.0201 1.0001
3300 pop2 1.0 0.980392
3400 pop1 1.0201 1.0001
3400 pop2 1.0 0.980392
3500 pop1 1.0201 1.0001
3500 pop2 1.0 0.980392
3600 pop1 1.0201 1.0001
3600 pop2 1.0 0.980392
3700 pop1 1.0201 1.0001
3700 pop2 1.0 0.980392
3800 pop1 1.0201 1.0001
3800 pop2 1.0 0.980392
3900 pop1 1.0201 1.0001
3900 pop2 1.0 0.980392
4000 pop1 1.0201 1.0001
4000 pop2 1.0 0.980392
4100 pop1 1.0201 1.0001
4100 pop2 1.0 0.980392
4200 pop1 1.0201 1.0001
4200 pop2 1.0 0.980392
4300 pop1 1.0201 1.0001
4300 pop2 1.0 0.980392
4400 pop1 1.0201 1.0001
4400 pop2 1.0 0.980392
4500 pop1 1.0201 1.0001
4500 pop2 1.0 0.980392
4600 pop1 1.0201 1.0001
4600 pop2 1.0 0.980392
4700 pop1 1.0201 1.0001
4700 pop2 1.0 0.980392
4800 pop1 1.0201 1.0001
4800 pop2 1.0 0.980392
4900 pop1 1.0201 1.0001
4900 pop2 1.0 0.980392
5000 pop1 1.0201 1.0001
5000 pop2 1.0 0.980392
