1 pop1 1.0 0.833333
1 pop2 1.0 0.833333
100 pop1 1.19056 0.992134
100 pop2 1.18982 0.99152
200 pop1 1.19359 0.994661
200 pop2 1.19158 0.992984
300 pop1 1.18916 0.99097
300 pop2 1.19358 0.994651
400 pop1 1.19484 0.995699
400 pop2 1.19161 0.993005
500 pop1 1.19323 0.994361
500 pop2 1.19189 0.993246
600 pop1 1.19175 0.993128
600 pop2 1.18927 0.99106
700 pop1 1.18913 0.990943
700 pop2 1.19092 0.992431
800 pop1 1.19605 0.996711
800 pop2 1.19354 0.994614
900 pop1 1.18556 0.987964
900 pop2 1.19472 0.995601
1000 pop1 1.19319 0.994329
1000 pop2 1.19092 0.992431
1100 pop1 1.2073 1.00608
1100 pop2 0.995905 0.829921
1200 pop1 1.20924 1.0077
1200 pop2 0.997933 0.831611
1300 pop1 1.21025 1.00854
1300 pop2 0.999766 0.833138
1400 pop1 1.21041 1.00868
1400 pop2 0.998206 0.831838
1500 pop1 1.21009 1.0084
1500 pop2 0.999961 0.833301
1600 pop1 1.21026 1.00855
1600 pop2 0.999415 0.832846
1700 pop1 1.2104 1.00867
1700 pop2 0.99844 0.832033
1800 pop1 1.21011 1.00843
1800 pop2 0.999805 0.833171
1900 pop1 1.2102 1.0085
1900 pop2 0.999688 0.833073
2000 pop1 1.21006 1.00838
2000 pop2 0.999922 0.833268
2100 pop1 1.21005 1.00838
2100 pop2 0.999805 0.833171
2200 pop1 1.21 1.00833
2200 pop2 1.0 0.833333
2300 pop1 1.21 1.00833
2300 pop2 1.0 0.833333
2400 pop1 1.21 1.00833
2400 pop2 1.0 0.833333
2500 pop1 1.21 1.00833
2500 pop2 1.0 0.833333
2600 pop1 1.21 1.00833
2600 pop2 1.0 0.833333
2700 pop1 1.21 1.00833
2700 pop2 1.0 0.833333
2800 pop1 1.21 1.00833
2800 pop2 1.0 0.833333
2900 pop1 1.21 1.00833
2900 pop2 1.0 0.833333
3000 pop1 1.21 1.00833
3000 pop2 1.0 0.833333
3100 pop1 1.21 1.00833
3100 pop2 1.0 0.833333
3200 pop1 1.21 1.00833
3200 pop2 1.0 0.833333
3300 pop1 1.21 1.00833
3300 pop2 1.0 0.833333
3400 pop1 1.21 1.00833
3400 pop2 1.0 0.833333
3500 pop1 1.21 1.00833
3500 pop2 1.0 0.833333
3600 pop1 1.21 1.00833
3600 pop2 1.0 0.833333
3700 pop1 1.21 1.00833
3700 pop2 1.0 0.833333
3800 pop1 1.21 1.00833
3800 pop2 1.0 0.833333
3900 pop1 1.21 1.00833
3900 pop2 1.0 0.833333
4000 pop1 1.21 1.00833
4000 pop2 1.0 0.833333
4100 pop1 1.21 1.00833
4100 pop2 1.0 0.833333
4200 pop1 1.21 1.00833
4200 pop2 1.0 0.833333
4300 pop1 1.21 1.00833
4300 pop2 1.0 0.833333
4400 pop1 1.21 1.00833
4400 pop2 1.0 0.833333
4500 pop1 1.21 1.00833
4500 pop2 1.0 0.833333
4600 pop1 1.21 1.00833
4600 pop2 1.0 0.833333
4700 pop1 1.21 1.00833
4700 pop2 1.0 0.833333
4800 pop1 1.21 1.00833
4800 pop2 1.0 0.833333
4900 pop1 1.21 1.00833
4900 pop2 1.0 0.833333
5000 pop1 1.21 1.00833
5000 pop2 1.0 0.833333
