1 pop1 1.0 0.980392
1 pop2 1.0 0.980392
100 pop1 0.998133 0.978562
100 pop2 1.00567 0.985948
200 pop1 0.998923 0.979336
200 pop2 1.00516 0.985452
300 pop1 0.998771 0.979188
300 pop2 1.00468 0.984979
400 pop1 0.998245 0.978671
400 pop2 1.00527 0.985562
500 pop1 1.00301 0.983339
500 pop2 1.00177 0.982123
600 pop1 1.0008 0.981179
600 pop2 1.00293 0.98326
700 pop1 1.00282 0.983157
700 pop2 1.00133 0.981695
800 pop1 1.00288 0.98322
800 pop2 0.998196 0.978623
900 pop1 1.00382 0.984139
900 pop2 0.999284 0.979691
1000 pop1 1.00303 0.983361
1000 pop2 1.00118 0.981549
1100 pop1 1.01095 0.991126
1100 pop2 0.994524 0.975023
1200 pop1 1.01497 0.995071
1200 pop2 0.992728 0.973263
1300 pop1 1.01664 0.996707
1300 pop2 0.992143 0.972689
1400 pop1 1.0185 0.998532
1400 pop2 0.991291 0.971854
1500 pop1 1.01933 0.999345
1500 pop2 0.991266 0.971829
1600 pop1 1.02001 1.00001
1600 pop2 0.991685 0.972241
1700 pop1 1.0199 0.999905
1700 pop2 0.991965 0.972515
1800 pop1 1.02009 1.00009
1800 pop2 0.992902 0.973433
1900 pop1 1.02011 1.00011
1900 pop2 0.993593 0.97411
2000 pop1 1.02011 1.00011
2000 pop2 0.9952 0.975686
2100 pop1 1.02011 1.00011
2100 pop2 0.99663 0.977088
2200 pop1 1.02011 1.0001
2200 pop2 0.997758 0.978194
2300 pop1 1.0201 1.0001
2300 pop2 0.998975 0.979387
2400 pop1 1.0201 1.0001
2400 pop2 0.999326 0.979731
2500 pop1 1.0201 1.0001
2500 pop2 0.999421 0.979825
2600 pop1 1.0201 1.0001
2600 pop2 0.999693 0.980091
2700 pop1 1.0201 1.0001
2700 pop2 0.999785 0.980181
2800 pop1 1.0201 1.0001
2800 pop2 0.999996 0.980388
2900 pop1 1.0201 1.0001
2900 pop2 1.0 0.980392
3000 pop1 1.0201 1.0001
3000 pop2 1.0 0.980392
3100 pop1 1.0201 1.0001
3100 pop2 1.0 0.980392
3200 pop1 1.0201 1.0001
3200 pop2 1.0 0.980392
3300 pop1 1.0201 1.0001
3300 pop2 1.0 0.980392
3400 pop1 1.0201 1.0001
3400 pop2 1.0 0.980392
3500 pop1 1.0201 1.0001
3500 pop2 1.0 0.980392
3600 pop1 1.0201 1.0001
3600 pop2 1.0 0.980392
3700 pop1 1.0201 1.0001
3700 pop2 1.0 0.980392
3800 pop1 1.0201 1.0001
3800 pop2 1.0 0.980392
3900 pop1 1.0201 1.0001
3900 pop2 1.0 0.980392
4000 pop1 1.0201 1.0001
4000 pop2 1.0 0.980392
4100 pop1 1.0201 1.0001
4100 pop2 1.0 0.980392
4200 pop1 1.0201 1.0001
4200 pop2 1.0 0.980392
4300 pop1 1.0201 1.0001
4300 pop2 1.0 0.980392
4400 pop1 1.0201 1.0001
4400 pop2 1.0 0.980392
4500 pop1 1.0201 1.0001
4500 pop2 1.0 0.980392
4600 pop1 1.0201 1.0001
4600 pop2 1.0 0.980392
4700 pop1 1.0201 1.0001
4700 pop2 1.0 0.980392
4800 pop1 1.0201 1.0001
4800 pop2 1.0 0.980392
4900 pop1 1.0201 1.0001
4900 pop2 1.0 0.980392
5000 pop1 1.0201 1.0001
5000 pop2 1.0 0.980392
