1 pop1 1.0 0.833333
1 pop2 1.0 0.833333
100 pop1 1.19356 0.994634
100 pop2 1.18993 0.99161
200 pop1 1.18649 0.988738
200 pop2 1.19043 0.992021
300 pop1 1.19489 0.995738
300 pop2 1.19564 0.99637
400 pop1 1.19222 0.99352
400 pop2 1.19386 0.994881
500 pop1 1.18773 0.989779
500 pop2 1.19231 0.99359
600 pop1 1.19697 0.997479
600 pop2 1.18836 0.990302
700 pop1 1.18997 0.991641
700 pop2 1.19138 0.992814
800 pop1 1.18896 0.990801
800 pop2 1.19244 0.993698
900 pop1 1.1916 0.993002
900 pop2 1.18922 0.991015
1000 pop1 1.19156 0.992966
1000 pop2 1.1878 0.989835
1100 pop1 1.19909 0.999238
1100 pop2 0.992016 0.82668
1200 pop1 1.20217 1.00181
1200 pop2 0.994598 0.828832
1300 pop1 1.20393 1.00328
1300 pop2 0.995788 0.829823
1400 pop1 1.20785 1.00654
1400 pop2 0.997387 0.831156
1500 pop1 1.20896 1.00747
1500 pop2 0.997426 0.831188
1600 pop1 1.21006 1.00838
1600 pop2 0.999883 0.833236
1700 pop1 1.21008 1.0084
1700 pop2 0.999844 0.833203
1800 pop1 1.21011 1.00843
1800 pop2 0.999649 0.833041
1900 pop1 1.21012 1.00843
1900 pop2 0.999142 0.832618
2000 pop1 1.21 1.00833
2000 pop2 1.0 0.833333
2100 pop1 1.21 1.00833
2100 pop2 1.0 0.833333
2200 pop1 1.21 1.00833
2200 pop2 1.0 0.833333
2300 pop1 1.21 1.00833
2300 pop2 1.0 0.833333
2400 pop1 1.21 1.00833
2400 pop2 1.0 0.833333
2500 pop1 1.21 1.00833
2500 pop2 1.0 0.833333
2600 pop1 1.21 1.00833
2600 pop2 1.0 0.833333
2700 pop1 1.21 1.00833
2700 pop2 1.0 0.833333
2800 pop1 1.21 1.00833
2800 pop2 1.0 0.833333
2900 pop1 1.21 1.00833
2900 pop2 1.0 0.833333
3000 pop1 1.21 1.00833
3000 pop2 1.0 0.833333
3100 pop1 1.21 1.00833
3100 pop2 1.0 0.833333
3200 pop1 1.21 1.00833
3200 pop2 1.0 0.833333
3300 pop1 1.21 1.00833
3300 pop2 1.0 0.833333
3400 pop1 1.21 1.00833
3400 pop2 1.0 0.833333
3500 pop1 1.21 1.00833
3500 pop2 1.0 0.833333
3600 pop1 1.21 1.00833
3600 pop2 1.0 0.833333
3700 pop1 1.21 1.00833
3700 pop2 1.0 0.833333
3800 pop1 1.21 1.00833
3800 pop2 1.0 0.833333
3900 pop1 1.21 1.00833
3900 pop2 1.0 0.833333
4000 pop1 1.21 1.00833
4000 pop2 1.0 0.833333
4100 pop1 1.21 1.00833
4100 pop2 1.0 0.833333
4200 pop1 1.21 1.00833
4200 pop2 1.0 0.833333
4300 pop1 1.21 1.00833
4300 pop2 1.0 0.833333
4400 pop1 1.21 1.00833
4400 pop2 1.0 0.833333
4500 pop1 1.21 1.00833
4500 pop2 1.0 0.833333
4600 pop1 1.21 1.00833
4600 pop2 1.0 0.833333
4700 pop1 1.21 1.00833
4700 pop2 1.0 0.833333
4800 pop1 1.21 1.00833
4800 pop2 1.0 0.833333
4900 pop1 1.21 1.00833
4900 pop2 1.0 0.833333
5000 pop1 1.21 1.00833
5000 pop2 1.0 0.833333
