1 pop1 1.0 0.909091
1 pop2 1.0 0.909091
100 pop1 1.04053 0.945939
100 pop2 1.02916 0.9356
200 pop1 1.03956 0.945051
200 pop2 1.04401 0.9491
300 pop1 1.03945 0.94495
300 pop2 1.04144 0.94676
400 pop1 1.03366 0.93969
400 pop2 1.04466 0.949695
500 pop1 1.03804 0.943673
500 pop2 1.0396 0.945089
600 pop1 1.03874 0.94431
600 pop2 1.04533 0.950298
700 pop1 1.037 0.942723
700 pop2 1.04379 0.948901
800 pop1 1.0342 0.940182
800 pop2 1.04515 0.950137
900 pop1 1.03778 0.943438
900 pop2 1.0398 0.945271
1000 pop1 1.04081 0.946195
1000 pop2 1.0448 0.949818
1100 pop1 1.08616 0.987422
1100 pop2 0.973998 0.885453
1200 pop1 1.09621 0.996551
1200 pop2 0.977146 0.888315
1300 pop1 1.09976 0.999783
1300 pop2 0.991263 0.901148
1400 pop1 1.10211 1.00192
1400 pop2 0.997887 0.90717
1500 pop1 1.10251 1.00228
1500 pop2 0.999427 0.90857
1600 pop1 1.1025 1.00227
1600 pop2 1.0 0.909091
1700 pop1 1.1025 1.00227
1700 pop2 1.0 0.909091
1800 pop1 1.1025 1.00227
1800 pop2 1.0 0.909091
1900 pop1 1.1025 1.00227
1900 pop2 1.0 0.909091
2000 pop1 1.1025 1.00227
2000 pop2 1.0 0.909091
2100 pop1 1.1025 1.00227
2100 pop2 1.0 0.909091
2200 pop1 1.1025 1.00227
2200 pop2 1.0 0.909091
2300 pop1 1.1025 1.00227
2300 pop2 1.0 0.909091
2400 pop1 1.1025 1.00227
2400 pop2 1.0 0.909091
2500 pop1 1.1025 1.00227
2500 pop2 1.0 0.909091
2600 pop1 1.1025 1.00227
2600 pop2 1.0 0.909091
2700 pop1 1.1025 1.00227
2700 pop2 1.0 0.909091
2800 pop1 1.1025 1.00227
2800 pop2 1.0 0.909091
2900 pop1 1.1025 1.00227
2900 pop2 1.0 0.909091
3000 pop1 1.1025 1.00227
3000 pop2 1.0 0.909091
3100 pop1 1.1025 1.00227
3100 pop2 1.0 0.909091
3200 pop1 1.1025 1.00227
3200 pop2 1.0 0.909091
3300 pop1 1.1025 1.00227
3300 pop2 1.0 0.909091
3400 pop1 1.1025 1.00227
3400 pop2 1.0 0.909091
3500 pop1 1.1025 1.00227
3500 pop2 1.0 0.909091
3600 pop1 1.1025 1.00227
3600 pop2 1.0 0.909091
3700 pop1 1.1025 1.00227
3700 pop2 1.0 0.909091
3800 pop1 1.1025 1.00227
3800 pop2 1.0 0.909091
3900 pop1 1.1025 1.00227
3900 pop2 1.0 0.909091
4000 pop1 1.1025 1.00227
4000 pop2 1.0 0.909091
4100 pop1 1.1025 1.00227
4100 pop2 1.0 0.909091
4200 pop1 1.1025 1.00227
4200 pop2 1.0 0.909091
4300 pop1 1.1025 1.00227
4300 pop2 1.0 0.909091
4400 pop1 1.1025 1.00227
4400 pop2 1.0 0.909091
4500 pop1 1.1025 1.00227
4500 pop2 1.0 0.909091
4600 pop1 1.1025 1.00227
4600 pop2 1.0 0.909091
4700 pop1 1.1025 1.00227
4700 pop2 1.0 0.909091
4800 pop1 1.1025 1.00227
4800 pop2 1.0 0.909091
4900 pop1 1.1025 1.00227
4900 pop2 1.0 0.909091
5000 pop1 1.1025 1.00227
5000 pop2 1.0 0.909091
