1 pop1 1.0 0.909091
1 pop2 1.0 0.909091
100 pop1 1.03481 0.940736
100 pop2 1.04388 0.948985
200 pop1 1.04504 0.950033
200 pop2 1.03684 0.942578
300 pop1 1.04935 0.953951
300 pop2 1.04061 0.946006
400 pop1 1.04026 0.945692
400 pop2 1.03915 0.944681
500 pop1 1.04736 0.952142
500 pop2 1.03917 0.944697
600 pop1 1.03891 0.944462
600 pop2 1.03907 0.94461
700 pop1 1.03852 0.944106
700 pop2 1.04413 0.949206
800 pop1 1.04079 0.94617
800 pop2 1.03627 0.942062
900 pop1 1.03975 0.945227
900 pop2 1.04397 0.949068
1000 pop1 1.04179 0.947079
1000 pop2 1.03786 0.943506
1100 pop1 1.09691 0.997187
1100 pop2 0.984052 0.894593
1200 pop1 1.10234 1.00213
1200 pop2 0.997176 0.906523
1300 pop1 1.10242 1.0022
1300 pop2 0.999743 0.908857
1400 pop1 1.10251 1.00228
1400 pop2 0.999625 0.90875
1500 pop1 1.1025 1.00228
1500 pop2 0.99998 0.909073
1600 pop1 1.1025 1.00227
1600 pop2 1.0 0.909091
1700 pop1 1.1025 1.00227
1700 pop2 1.0 0.909091
1800 pop1 1.1025 1.00227
1800 pop2 1.0 0.909091
1900 pop1 1.1025 1.00227
1900 pop2 1.0 0.909091
2000 pop1 1.1025 1.00227
2000 pop2 1.0 0.909091
2100 pop1 1.1025 1.00227
2100 pop2 1.0 0.909091
2200 pop1 1.1025 1.00227
2200 pop2 1.0 0.909091
2300 pop1 1.1025 1.00227
2300 pop2 1.0 0.909091
2400 pop1 1.1025 1.00227
2400 pop2 1.0 0.909091
2500 pop1 1.1025 1.00227
2500 pop2 1.0 0.909091
2600 pop1 1.1025 1.00227
2600 pop2 1.0 0.909091
2700 pop1 1.1025 1.00227
2700 pop2 1.0 0.909091
2800 pop1 1.1025 1.00227
2800 pop2 1.0 0.909091
2900 pop1 1.1025 1.00227
2900 pop2 1.0 0.909091
3000 pop1 1.1025 1.00227
3000 pop2 1.0 0.909091
3100 pop1 1.1025 1.00227
3100 pop2 1.0 0.909091
3200 pop1 1.1025 1.00227
3200 pop2 1.0 0.909091
3300 pop1 1.1025 1.00227
3300 pop2 1.0 0.909091
3400 pop1 1.1025 1.00227
3400 pop2 1.0 0.909091
3500 pop1 1.1025 1.00227
3500 pop2 1.0 0.909091
3600 pop1 1.1025 1.00227
3600 pop2 1.0 0.909091
3700 pop1 1.1025 1.00227
3700 pop2 1.0 0.909091
3800 pop1 1.1025 1.00227
3800 pop2 1.0 0.909091
3900 pop1 1.1025 1.00227
3900 pop2 1.0 0.909091
4000 pop1 1.1025 1.00227
4000 pop2 1.0 0.909091
4100 pop1 1.1025 1.00227
4100 pop2 1.0 0.909091
4200 pop1 1.1025 1.00227
4200 pop2 1.0 0.909091
4300 pop1 1.1025 1.00227
4300 pop2 1.0 0.909091
4400 pop1 1.1025 1.00227
4400 pop2 1.0 0.909091
4500 pop1 1.1025 1.00227
4500 pop2 1.0 0.909091
4600 pop1 1.1025 1.00227
4600 pop2 1.0 0.909091
4700 pop1 1.1025 1.00227
4700 pop2 1.0 0.909091
4800 pop1 1.1025 1.00227
4800 pop2 1.0 0.909091
4900 pop1 1.1025 1.00227
4900 pop2 1.0 0.909091
5000 pop1 1.1025 1.00227
5000 pop2 1.0 0.909091
