1 pop1 1.0 0.833333
1 pop2 1.0 0.833333
100 pop1 1.12509 0.937573
100 pop2 1.12195 0.934959
200 pop1 1.12155 0.934622
200 pop2 1.12026 0.933548
300 pop1 1.12953 0.941279
300 pop2 1.12738 0.939486
400 pop1 1.12292 0.935768
400 pop2 1.12892 0.940771
500 pop1 1.12414 0.936787
500 pop2 1.12401 0.936675
600 pop1 1.12957 0.941306
600 pop2 1.11804 0.931701
700 pop1 1.12145 0.934544
700 pop2 1.12502 0.937521
800 pop1 1.12159 0.934658
800 pop2 1.12909 0.940904
900 pop1 1.12584 0.938197
900 pop2 1.12354 0.936282
1000 pop1 1.11765 0.931378
1000 pop2 1.12474 0.937279
1100 pop1 1.14093 0.950775
1100 pop2 1.14802 0.956686
1200 pop1 1.13598 0.946651
1200 pop2 1.15067 0.95889
1300 pop1 1.14541 0.954508
1300 pop2 1.14351 0.952929
1400 pop1 1.14076 0.950635
1400 pop2 1.14032 0.950263
1500 pop1 1.1447 0.953919
1500 pop2 1.14389 0.953241
1600 pop1 1.13396 0.944971
1600 pop2 1.15469 0.962241
1700 pop1 1.13595 0.946622
1700 pop2 1.15281 0.960677
1800 pop1 1.14252 0.952097
1800 pop2 1.14512 0.954267
1900 pop1 1.1367 0.947253
1900 pop2 1.15186 0.959882
2000 pop1 1.14179 0.951495
2000 pop2 1.14489 0.954074
2100 pop1 1.13938 0.94948
2100 pop2 1.1429 0.95242
2200 pop1 1.14052 0.950431
2200 pop2 1.14675 0.955624
2300 pop1 1.14297 0.952475
2300 pop2 1.14387 0.953222
2400 pop1 1.14174 0.951448
2400 pop2 1.1516 0.959667
2500 pop1 1.14028 0.950236
2500 pop2 1.13965 0.949712
2600 pop1 1.13814 0.948448
2600 pop2 1.14812 0.956767
2700 pop1 1.14352 0.952932
2700 pop2 1.13453 0.945443
2800 pop1 1.14144 0.951203
2800 pop2 1.13801 0.948345
2900 pop1 1.14028 0.950234
2900 pop2 1.14491 0.954096
3000 pop1 1.13973 0.949772
3000 pop2 1.14612 0.955097
3100 pop1 1.13703 0.947523
3100 pop2 1.14122 0.951017
3200 pop1 1.1433 0.952751
3200 pop2 1.14409 0.95341
3300 pop1 1.13439 0.945329
3300 pop2 1.1445 0.953753
3400 pop1 1.14935 0.957791
3400 pop2 1.14132 0.951098
3500 pop1 1.14539 0.954489
3500 pop2 1.14958 0.957985
3600 pop1 1.14037 0.950312
3600 pop2 1.13872 0.948932
3700 pop1 1.14573 0.954775
3700 pop2 1.14041 0.950345
3800 pop1 1.13625 0.946877
3800 pop2 1.13702 0.947518
3900 pop1 1.14424 0.95353
3900 pop2 1.14677 0.955645
4000 pop1 1.1469 0.955746
4000 pop2 1.14051 0.950425
4100 pop1 1.14204 0.9517
4100 pop2 1.14143 0.951194
4200 pop1 1.14579 0.954822
4200 pop2 1.14503 0.954188
4300 pop1 1.13741 0.947839
4300 pop2 1.14469 0.95391
4400 pop1 1.13921 0.94934
4400 pop2 1.14087 0.950725
4500 pop1 1.14011 0.950092
4500 pop2 1.14288 0.952404
4600 pop1 1.14606 0.955054
4600 pop2 1.14098 0.950817
4700 pop1 1.15267 0.960555
4700 pop2 1.13858 0.948814
4800 pop1 1.14781 0.956511
4800 pop2 1.13524 0.946032
4900 pop1 1.14062 0.950518
4900 pop2 1.13739 0.947829
5000 pop1 1.14431 0.953594
5000 pop2 1.13969 0.949741
