1 pop1 1.0 0.833333
1 pop2 1.0 0.833333
100 pop1 1.18894 0.990786
100 pop2 1.1894 0.991171
200 pop1 1.18866 0.990547
200 pop2 1.18889 0.99074
300 pop1 1.19243 0.993695
300 pop2 1.18982 0.991518
400 pop1 1.19326 0.994384
400 pop2 1.18966 0.991381
500 pop1 1.18754 0.989619
500 pop2 1.1863 0.988584
600 pop1 1.19403 0.995029
600 pop2 1.19272 0.993933
700 pop1 1.19401 0.99501
700 pop2 1.1904 0.992001
800 pop1 1.19284 0.994034
800 pop2 1.19246 0.993714
900 pop1 1.19013 0.991774
900 pop2 1.1915 0.992916
1000 pop1 1.19219 0.993493
1000 pop2 1.19265 0.993879
1100 pop1 1.20143 1.00119
1100 pop2 0.995554 0.829628
1200 pop1 1.20469 1.00391
1200 pop2 0.995008 0.829173
1300 pop1 1.20774 1.00645
1300 pop2 0.998401 0.832001
1400 pop1 1.20917 1.00764
1400 pop2 0.998206 0.831838
1500 pop1 1.21004 1.00837
1500 pop2 0.998752 0.832293
1600 pop1 1.21012 1.00844
1600 pop2 0.999376 0.832813
1700 pop1 1.21011 1.00843
1700 pop2 0.999883 0.833236
1800 pop1 1.21 1.00833
1800 pop2 1.0 0.833333
1900 pop1 1.21 1.00833
1900 pop2 1.0 0.833333
2000 pop1 1.21 1.00833
2000 pop2 1.0 0.833333
2100 pop1 1.21 1.00833
2100 pop2 1.0 0.833333
2200 pop1 1.21 1.00833
2200 pop2 1.0 0.833333
2300 pop1 1.21 1.00833
2300 pop2 1.0 0.833333
2400 pop1 1.21 1.00833
2400 pop2 1.0 0.833333
2500 pop1 1.21 1.00833
2500 pop2 1.0 0.833333
2600 pop1 1.21 1.00833
2600 pop2 1.0 0.833333
2700 pop1 1.21 1.00833
2700 pop2 1.0 0.833333
2800 pop1 1.21 1.00833
2800 pop2 1.0 0.833333
2900 pop1 1.21 1.00833
2900 pop2 1.0 0.833333
3000 pop1 1.21 1.00833
3000 pop2 1.0 0.833333
3100 pop1 1.21 1.00833
3100 pop2 1.0 0.833333
3200 pop1 1.21 1.00833
3200 pop2 1.0 0.833333
3300 pop1 1.21 1.00833
3300 pop2 1.0 0.833333
3400 pop1 1.21 1.00833
3400 pop2 1.0 0.833333
3500 pop1 1.21 1.00833
3500 pop2 1.0 0.833333
3600 pop1 1.21 1.00833
3600 pop2 1.0 0.833333
3700 pop1 1.21 1.00833
3700 pop2 1.0 0.833333
3800 pop1 1.21 1.00833
3800 pop2 1.0 0.833333
3900 pop1 1.21 1.00833
3900 pop2 1.0 0.833333
4000 pop1 1.21 1.00833
4000 pop2 1.0 0.833333
4100 pop1 1.21 1.00833
4100 pop2 1.0 0.833333
4200 pop1 1.21 1.00833
4200 pop2 1.0 0.833333
4300 pop1 1.21 1.00833
4300 pop2 1.0 0.833333
4400 pop1 1.21 1.00833
4400 pop2 1.0 0.833333
4500 pop1 1.21 1.00833
4500 pop2 1.0 0.833333
4600 pop1 1.21 1.00833
4600 pop2 1.0 0.833333
4700 pop1 1.21 1.00833
4700 pop2 1.0 0.833333
4800 pop1 1.21 1.00833
4800 pop2 1.0 0.833333
4900 pop1 1.21 1.00833
4900 pop2 1.0 0.833333
5000 pop1 1.21 1.00833
5000 pop2 1.0 0.833333
