1 pop1 1.0 0.909091
1 pop2 1.0 0.909091
100 pop1 1.08595 0.987226
100 pop2 1.08388 0.985349
200 pop1 1.0834 0.984912
200 pop2 1.08297 0.984516
300 pop1 1.08596 0.987241
300 pop2 1.0823 0.983908
400 pop1 1.085 0.986365
400 pop2 1.08514 0.986489
500 pop1 1.08566 0.986964
500 pop2 1.0836 0.98509
600 pop1 1.08659 0.987812
600 pop2 1.08134 0.983036
700 pop1 1.08523 0.986577
700 pop2 1.08337 0.984885
800 pop1 1.08244 0.984039
800 pop2 1.08688 0.988076
900 pop1 1.0858 0.987093
900 pop2 1.08501 0.986372
1000 pop1 1.07894 0.980855
1000 pop2 1.08425 0.985681
1100 pop1 1.0924 0.99309
1100 pop2 0.994459 0.904054
1200 pop1 1.09506 0.995509
1200 pop2 0.993897 0.903543
1300 pop1 1.09654 0.996853
1300 pop2 0.995901 0.905364
1400 pop1 1.10132 1.0012
1400 pop2 0.996883 0.906258
1500 pop1 1.10116 1.00105
1500 pop2 0.998538 0.907762
1600 pop1 1.10204 1.00185
1600 pop2 0.999032 0.908211
1700 pop1 1.10252 1.00229
1700 pop2 0.999783 0.908893
1800 pop1 1.1025 1.00227
1800 pop2 1.0 0.909091
1900 pop1 1.1025 1.00227
1900 pop2 1.0 0.909091
2000 pop1 1.1025 1.00227
2000 pop2 1.0 0.909091
2100 pop1 1.1025 1.00227
2100 pop2 1.0 0.909091
2200 pop1 1.1025 1.00227
2200 pop2 1.0 0.909091
2300 pop1 1.1025 1.00227
2300 pop2 1.0 0.909091
2400 pop1 1.1025 1.00227
2400 pop2 1.0 0.909091
2500 pop1 1.1025 1.00227
2500 pop2 1.0 0.909091
2600 pop1 1.1025 1.00227
2600 pop2 1.0 0.909091
2700 pop1 1.1025 1.00227
2700 pop2 1.0 0.909091
2800 pop1 1.1025 1.00227
2800 pop2 1.0 0.909091
2900 pop1 1.1025 1.00227
2900 pop2 1.0 0.909091
3000 pop1 1.1025 1.00227
3000 pop2 1.0 0.909091
3100 pop1 1.1025 1.00227
3100 pop2 1.0 0.909091
3200 pop1 1.1025 1.00227
3200 pop2 1.0 0.909091
3300 pop1 1.1025 1.00227
3300 pop2 1.0 0.909091
3400 pop1 1.1025 1.00227
3400 pop2 1.0 0.909091
3500 pop1 1.1025 1.00227
3500 pop2 1.0 0.909091
3600 pop1 1.1025 1.00227
3600 pop2 1.0 0.909091
3700 pop1 1.1025 1.00227
3700 pop2 1.0 0.909091
3800 pop1 1.1025 1.00227
3800 pop2 1.0 0.909091
3900 pop1 1.1025 1.00227
3900 pop2 1.0 0.909091
4000 pop1 1.1025 1.00227
4000 pop2 1.0 0.909091
4100 pop1 1.1025 1.00227
4100 pop2 1.0 0.909091
4200 pop1 1.1025 1.00227
4200 pop2 1.0 0.909091
4300 pop1 1.1025 1.00227
4300 pop2 1.0 0.909091
4400 pop1 1.1025 1.00227
4400 pop2 1.0 0.909091
4500 pop1 1.1025 1.00227
4500 pop2 1.0 0.909091
4600 pop1 1.1025 1.00227
4600 pop2 1.0 0.909091
4700 pop1 1.1025 1.00227
4700 pop2 1.0 0.909091
4800 pop1 1.1025 1.00227
4800 pop2 1.0 0.909091
4900 pop1 1.1025 1.00227
4900 pop2 1.0 0.909091
5000 pop1 1.1025 1.00227
5000 pop2 1.0 0.909091
