1 pop1 1.0 0.909091
1 pop2 1.0 0.909091
100 pop1 1.03511 0.941013
100 pop2 1.03334 0.939396
200 pop1 1.03627 0.942067
200 pop2 1.03249 0.938626
300 pop1 1.02864 0.935123
300 pop2 1.03655 0.942315
400 pop1 1.03747 0.943156
400 pop2 1.0393 0.944819
500 pop1 1.03722 0.942929
500 pop2 1.02678 0.933439
600 pop1 1.03557 0.941431
600 pop2 1.03062 0.936929
700 pop1 1.0315 0.937725
700 pop2 1.03297 0.93906
800 pop1 1.03415 0.940132
800 pop2 1.03376 0.939782
900 pop1 1.03713 0.942843
900 pop2 1.02993 0.936299
1000 pop1 1.03291 0.93901
1000 pop2 1.03163 0.93785
1100 pop1 1.06105 0.964594
1100 pop2 1.05269 0.956995
1200 pop1 1.0551 0.959182
1200 pop2 1.06268 0.966073
1300 pop1 1.04809 0.952813
1300 pop2 1.07312 0.975561
1400 pop1 1.04374 0.948859
1400 pop2 1.0723 0.97482
1500 pop1 1.04899 0.953624
1500 pop2 1.07294 0.9754
1600 pop1 1.05221 0.956551
1600 pop2 1.06684 0.969856
1700 pop1 1.04796 0.952695
1700 pop2 1.07332 0.975741
1800 pop1 1.04996 0.954513
1800 pop2 1.06886 0.971687
1900 pop1 1.05192 0.956291
1900 pop2 1.07332 0.975747
2000 pop1 1.05136 0.955786
2000 pop2 1.06866 0.97151
2100 pop1 1.0561 0.960088
2100 pop2 1.06278 0.966162
2200 pop1 1.05332 0.957567
2200 pop2 1.06978 0.97253
2300 pop1 1.05632 0.960292
2300 pop2 1.06671 0.96974
2400 pop1 1.0581 0.96191
2400 pop2 1.05964 0.963307
2500 pop1 1.0543 0.958458
2500 pop2 1.06573 0.968848
2600 pop1 1.05391 0.958103
2600 pop2 1.06959 0.97235
2700 pop1 1.05297 0.957242
2700 pop2 1.06746 0.970421
2800 pop1 1.0535 0.957724
2800 pop2 1.06781 0.97074
2900 pop1 1.05939 0.963086
2900 pop2 1.06502 0.968202
3000 pop1 1.05569 0.959714
3000 pop2 1.06381 0.967099
3100 pop1 1.05964 0.963308
3100 pop2 1.06457 0.967793
3200 pop1 1.05766 0.961513
3200 pop2 1.06396 0.967234
3300 pop1 1.05677 0.960704
3300 pop2 1.06486 0.968055
3400 pop1 1.06021 0.963828
3400 pop2 1.06639 0.969441
3500 pop1 1.06128 0.964802
3500 pop2 1.06335 0.966686
3600 pop1 1.05658 0.960527
3600 pop2 1.06762 0.970561
3700 pop1 1.0594 0.96309
3700 pop2 1.06413 0.96739
3800 pop1 1.06231 0.965732
3800 pop2 1.0609 0.964453
3900 pop1 1.06219 0.965624
3900 pop2 1.0623 0.965732
4000 pop1 1.05536 0.959415
4000 pop2 1.06306 0.966421
4100 pop1 1.06143 0.964941
4100 pop2 1.06079 0.964358
4200 pop1 1.06084 0.964404
4200 pop2 1.06355 0.966865
4300 pop1 1.0638 0.967091
4300 pop2 1.05963 0.9633
4400 pop1 1.06278 0.96616
4400 pop2 1.06118 0.964711
4500 pop1 1.0627 0.966088
4500 pop2 1.05994 0.96358
4600 pop1 1.05464 0.958767
4600 pop2 1.06694 0.969946
4700 pop1 1.05599 0.959991
4700 pop2 1.06578 0.968886
4800 pop1 1.05753 0.96139
4800 pop2 1.06298 0.966341
4900 pop1 1.06664 0.969668
4900 pop2 1.05999 0.963624
5000 pop1 1.06354 0.966853
5000 pop2 1.05833 0.962117
