1 pop1 1.0 0.909091
1 pop2 1.0 0.909091
100 pop1 1.02489 0.931721
100 pop2 1.00667 0.915157
200 pop1 1.0216 0.928725
200 pop2 1.00664 0.915126
300 pop1 1.01078 0.918892
300 pop2 1.02009 0.927351
400 pop1 1.01161 0.919647
400 pop2 1.01489 0.92263
500 pop1 1.01971 0.927013
500 pop2 1.00671 0.915192
600 pop1 1.01602 0.923652
600 pop2 1.01065 0.91877
700 pop1 1.0206 0.927815
700 pop2 1.011 0.919091
800 pop1 1.02061 0.927827
800 pop2 1.00482 0.91347
900 pop1 1.02398 0.930889
900 pop2 1.00531 0.913923
1000 pop1 1.00903 0.917304
1000 pop2 1.01741 0.924918
1100 pop1 1.05539 0.959449
1100 pop2 1.05024 0.954767
1200 pop1 1.04356 0.948687
1200 pop2 1.06395 0.967224
1300 pop1 1.05285 0.957134
1300 pop2 1.05482 0.958923
1400 pop1 1.04829 0.95299
1400 pop2 1.0595 0.963178
1500 pop1 1.05029 0.954811
1500 pop2 1.06185 0.965323
1600 pop1 1.05551 0.959551
1600 pop2 1.05932 0.963021
1700 pop1 1.05538 0.95944
1700 pop2 1.05306 0.957326
1800 pop1 1.05714 0.961032
1800 pop2 1.05209 0.956444
1900 pop1 1.05396 0.958144
1900 pop2 1.05463 0.958752
2000 pop1 1.05538 0.959432
2000 pop2 1.05516 0.959236
2100 pop1 1.05824 0.962035
2100 pop2 1.05487 0.958976
2200 pop1 1.05924 0.962949
2200 pop2 1.05243 0.956755
2300 pop1 1.05692 0.960841
2300 pop2 1.05501 0.959099
2400 pop1 1.05738 0.961256
2400 pop2 1.05465 0.958776
2500 pop1 1.06189 0.965353
2500 pop2 1.05114 0.955583
2600 pop1 1.05811 0.961922
2600 pop2 1.05306 0.957328
2700 pop1 1.05878 0.962527
2700 pop2 1.0535 0.957728
2800 pop1 1.05542 0.959473
2800 pop2 1.05594 0.959944
2900 pop1 1.06038 0.963983
2900 pop2 1.05337 0.957607
3000 pop1 1.05772 0.961559
3000 pop2 1.05303 0.957299
3100 pop1 1.05894 0.962675
3100 pop2 1.05298 0.957253
3200 pop1 1.06485 0.968041
3200 pop2 1.04745 0.952223
3300 pop1 1.05739 0.961265
3300 pop2 1.05515 0.95923
3400 pop1 1.06413 0.967392
3400 pop2 1.04748 0.952256
3500 pop1 1.06709 0.970081
3500 pop2 1.04681 0.951649
3600 pop1 1.05987 0.963518
3600 pop2 1.04993 0.954479
3700 pop1 1.05824 0.962033
3700 pop2 1.05438 0.95853
3800 pop1 1.05072 0.9552
3800 pop2 1.05861 0.96237
3900 pop1 1.0532 0.957453
3900 pop2 1.05641 0.960371
4000 pop1 1.06364 0.966946
4000 pop2 1.04733 0.952114
4100 pop1 1.06469 0.967897
4100 pop2 1.04771 0.952468
4200 pop1 1.06713 0.97012
4200 pop2 1.04049 0.945896
4300 pop1 1.06532 0.968476
4300 pop2 1.04307 0.948242
4400 pop1 1.06719 0.970172
4400 pop2 1.04332 0.948471
4500 pop1 1.0624 0.965816
4500 pop2 1.0463 0.951185
4600 pop1 1.06098 0.964524
4600 pop2 1.04877 0.953425
4700 pop1 1.05749 0.961357
4700 pop2 1.05608 0.96007
4800 pop1 1.0577 0.961541
4800 pop2 1.0537 0.95791
4900 pop1 1.05667 0.960611
4900 pop2 1.05406 0.958237
5000 pop1 1.06355 0.966862
5000 pop2 1.04813 0.952844
