1 pop1 1.0 0.909091
1 pop2 1.0 0.909091
100 pop1 1.015 0.922731
100 pop2 1.01841 0.925831
200 pop1 1.01492 0.92265
200 pop2 1.01865 0.926044
300 pop1 1.00681 0.91528
300 pop2 1.01988 0.927166
400 pop1 1.01728 0.924795
400 pop2 1.01379 0.921631
500 pop1 1.02161 0.928739
500 pop2 1.01388 0.921712
600 pop1 1.01793 0.925387
600 pop2 1.01142 0.91947
700 pop1 1.0119 0.919911
700 pop2 1.01906 0.926415
800 pop1 1.01973 0.927024
800 pop2 1.00391 0.912643
900 pop1 1.01087 0.918975
900 pop2 1.01859 0.925992
1000 pop1 1.01328 0.921165
1000 pop2 1.01407 0.921881
1100 pop1 1.0591 0.962814
1100 pop2 1.04422 0.949292
1200 pop1 1.04571 0.950646
1200 pop2 1.06442 0.967655
1300 pop1 1.03464 0.940581
1300 pop2 1.07 0.972732
1400 pop1 1.04412 0.949196
1400 pop2 1.06498 0.968164
1500 pop1 1.0464 0.951275
1500 pop2 1.06402 0.967295
1600 pop1 1.05079 0.955263
1600 pop2 1.05881 0.962552
1700 pop1 1.0476 0.952367
1700 pop2 1.06404 0.967307
1800 pop1 1.05174 0.956123
1800 pop2 1.06239 0.965806
1900 pop1 1.05839 0.96217
1900 pop2 1.05071 0.955187
2000 pop1 1.05206 0.956422
2000 pop2 1.05532 0.95938
2100 pop1 1.05847 0.962245
2100 pop2 1.05178 0.956166
2200 pop1 1.06409 0.967358
2200 pop2 1.04704 0.951851
2300 pop1 1.06386 0.967143
2300 pop2 1.04839 0.953078
2400 pop1 1.06165 0.965135
2400 pop2 1.04903 0.953665
2500 pop1 1.06414 0.967399
2500 pop2 1.04685 0.951679
2600 pop1 1.06012 0.963742
2600 pop2 1.04938 0.953983
2700 pop1 1.06277 0.96615
2700 pop2 1.04928 0.953888
2800 pop1 1.06293 0.966302
2800 pop2 1.04679 0.951627
2900 pop1 1.06356 0.966875
2900 pop2 1.04898 0.953622
3000 pop1 1.06238 0.9658
3000 pop2 1.04907 0.953703
3100 pop1 1.05794 0.961766
3100 pop2 1.05246 0.956781
3200 pop1 1.06214 0.965578
3200 pop2 1.04786 0.952599
3300 pop1 1.06144 0.964948
3300 pop2 1.05045 0.954953
3400 pop1 1.06068 0.964252
3400 pop2 1.05035 0.954862
3500 pop1 1.05449 0.958631
3500 pop2 1.05476 0.958872
3600 pop1 1.05323 0.95748
3600 pop2 1.05709 0.960986
3700 pop1 1.05491 0.959014
3700 pop2 1.05644 0.960398
3800 pop1 1.04956 0.954148
3800 pop2 1.06117 0.964701
3900 pop1 1.05551 0.959556
3900 pop2 1.05393 0.958115
4000 pop1 1.06184 0.965309
4000 pop2 1.0498 0.954366
4100 pop1 1.05488 0.958978
4100 pop2 1.05478 0.958887
4200 pop1 1.0508 0.955274
4200 pop2 1.05905 0.96277
4300 pop1 1.05782 0.961657
4300 pop2 1.0536 0.957816
4400 pop1 1.06175 0.965224
4400 pop2 1.04956 0.954146
4500 pop1 1.0517 0.956095
4500 pop2 1.05807 0.96188
4600 pop1 1.05106 0.95551
4600 pop2 1.06217 0.965613
4700 pop1 1.0528 0.957093
4700 pop2 1.05642 0.96038
4800 pop1 1.05137 0.95579
4800 pop2 1.05699 0.9609
4900 pop1 1.05262 0.956923
4900 pop2 1.05817 0.96197
5000 pop1 1.0548 0.958905
5000 pop2 1.05449 0.958625
