1 pop1 1.0 0.980392
1 pop2 1.0 0.980392
100 pop1 0.998373 0.978797
100 pop2 1.00288 0.983213
200 pop1 0.997499 0.97794
200 pop2 1.00509 0.985379
300 pop1 0.997473 0.977914
300 pop2 1.00508 0.985371
400 pop1 0.99949 0.979892
400 pop2 1.00287 0.98321
500 pop1 0.99932 0.979726
500 pop2 1.00259 0.982933
600 pop1 0.999902 0.980296
600 pop2 1.00132 0.98169
700 pop1 1.00068 0.981057
700 pop2 1.00184 0.982193
800 pop1 0.99967 0.980069
800 pop2 1.00206 0.982413
900 pop1 0.999994 0.980386
900 pop2 1.00202 0.982376
1000 pop1 0.997714 0.978151
1000 pop2 1.00375 0.984064
1100 pop1 1.00246 0.982803
1100 pop2 1.00696 0.987215
1200 pop1 1.00444 0.984745
1200 pop2 1.00887 0.989093
1300 pop1 1.00582 0.9861
1300 pop2 1.01259 0.992732
1400 pop1 1.00699 0.987248
1400 pop2 1.01268 0.992823
1500 pop1 1.00739 0.987635
1500 pop2 1.01318 0.993318
1600 pop1 1.00728 0.987528
1600 pop2 1.01246 0.992604
1700 pop1 1.00743 0.987673
1700 pop2 1.01262 0.992762
1800 pop1 1.00588 0.986161
1800 pop2 1.01307 0.99321
1900 pop1 1.00558 0.985859
1900 pop2 1.01398 0.994097
2000 pop1 1.00607 0.986347
2000 pop2 1.01283 0.992971
2100 pop1 1.00576 0.986035
2100 pop2 1.01414 0.994258
2200 pop1 1.00578 0.986062
2200 pop2 1.01393 0.994051
2300 pop1 1.00418 0.98449
2300 pop2 1.01536 0.99545
2400 pop1 1.00415 0.984465
2400 pop2 1.01557 0.995652
2500 pop1 1.00437 0.984678
2500 pop2 1.0158 0.995879
2600 pop1 1.00472 0.985018
2600 pop2 1.0151 0.995196
2700 pop1 1.00355 0.983872
2700 pop2 1.01655 0.996616
2800 pop1 1.0039 0.984216
2800 pop2 1.01706 0.997115
2900 pop1 1.0013 0.981671
2900 pop2 1.01856 0.998591
3000 pop1 1.00171 0.982072
3000 pop2 1.01891 0.998927
3100 pop1 1.00167 0.982025
3100 pop2 1.01804 0.998082
3200 pop1 1.00133 0.981693
3200 pop2 1.01902 0.999042
3300 pop1 1.00117 0.981543
3300 pop2 1.019 0.99902
3400 pop1 1.00177 0.982131
3400 pop2 1.01858 0.998603
3500 pop1 1.00075 0.981126
3500 pop2 1.01944 0.999446
3600 pop1 1.00079 0.981168
3600 pop2 1.01953 0.999536
3700 pop1 1.00071 0.981092
3700 pop2 1.01939 0.999403
3800 pop1 1.00052 0.980898
3800 pop2 1.01966 0.999667
3900 pop1 1.00046 0.980839
3900 pop2 1.01944 0.999446
4000 pop1 1.001 0.981376
4000 pop2 1.01948 0.999485
4100 pop1 1.00091 0.981281
4100 pop2 1.01921 0.999221
4200 pop1 1.00085 0.981226
4200 pop2 1.01947 0.999481
4300 pop1 1.00058 0.980957
4300 pop2 1.01967 0.999675
4400 pop1 1.00013 0.980515
4400 pop2 1.01992 0.999924
4500 pop1 1.00046 0.980839
4500 pop2 1.01981 0.99981
4600 pop1 1.00011 0.9805
4600 pop2 1.01985 0.999857
4700 pop1 1.00017 0.980563
4700 pop2 1.02002 1.00002
4800 pop1 0.999993 0.980386
4800 pop2 1.01999 0.999991
4900 pop1 0.999912 0.980306
4900 pop2 1.02011 1.00011
5000 pop1 0.999912 0.980306
5000 pop2 1.02011 1.00011
