1 pop1 1.0 0.833333
1 pop2 1.0 0.833333
100 pop1 1.19145 0.992876
100 pop2 1.19129 0.99274
200 pop1 1.19405 0.995044
200 pop2 1.19055 0.992126
300 pop1 1.19314 0.994282
300 pop2 1.18967 0.991394
400 pop1 1.19111 0.992588
400 pop2 1.18841 0.990344
500 pop1 1.19205 0.993377
500 pop2 1.1903 0.991914
600 pop1 1.19386 0.99488
600 pop2 1.1888 0.99067
700 pop1 1.19111 0.99259
700 pop2 1.18407 0.986727
800 pop1 1.19175 0.993126
800 pop2 1.18964 0.99137
900 pop1 1.19196 0.993299
900 pop2 1.19163 0.993022
1000 pop1 1.19065 0.992211
1000 pop2 1.19382 0.994847
1100 pop1 1.1909 0.992414
1100 pop2 1.19281 0.994005
1200 pop1 1.191 0.992497
1200 pop2 1.19095 0.992455
1300 pop1 1.18914 0.990953
1300 pop2 1.19497 0.995812
1400 pop1 1.1911 0.992586
1400 pop2 1.18954 0.991284
1500 pop1 1.19221 0.993505
1500 pop2 1.18788 0.989899
1600 pop1 1.19124 0.992699
1600 pop2 1.18966 0.991381
1700 pop1 1.19147 0.992893
1700 pop2 1.1935 0.994585
1800 pop1 1.19286 0.994051
1800 pop2 1.1919 0.993254
1900 pop1 1.1899 0.991584
1900 pop2 1.19279 0.99399
2000 pop1 1.19097 0.992475
2000 pop2 1.19369 0.994746
2100 pop1 1.18757 0.989641
2100 pop2 1.19297 0.994139
2200 pop1 1.19018 0.991813
2200 pop2 1.19518 0.99598
2300 pop1 1.19111 0.99259
2300 pop2 1.19128 0.992735
2400 pop1 1.19154 0.992953
2400 pop2 1.19037 0.991975
2500 pop1 1.18459 0.987159
2500 pop2 1.19209 0.993407
2600 pop1 1.1896 0.991337
2600 pop2 1.19494 0.995782
2700 pop1 1.18886 0.99072
2700 pop2 1.19124 0.992704
2800 pop1 1.19246 0.993717
2800 pop2 1.19014 0.991781
2900 pop1 1.19327 0.994391
2900 pop2 1.19313 0.994276
3000 pop1 1.18926 0.991052
3000 pop2 1.18559 0.987993
3100 pop1 1.18983 0.991523
3100 pop2 1.19248 0.993731
3200 pop1 1.18477 0.987308
3200 pop2 1.20001 1.00001
3300 pop1 1.1905 0.992082
3300 pop2 1.19238 0.993651
3400 pop1 1.19429 0.995246
3400 pop2 1.19278 0.993981
3500 pop1 1.19106 0.99255
3500 pop2 1.19657 0.997141
3600 pop1 1.18916 0.990963
3600 pop2 1.19778 0.998148
3700 pop1 1.19418 0.995148
3700 pop2 1.19127 0.992722
3800 pop1 1.1936 0.994668
3800 pop2 1.19033 0.991945
3900 pop1 1.19118 0.992653
3900 pop2 1.19441 0.995344
4000 pop1 1.19405 0.995045
4000 pop2 1.19367 0.994722
4100 pop1 1.19472 0.9956
4100 pop2 1.19162 0.99302
4200 pop1 1.18888 0.99073
4200 pop2 1.19207 0.993388
4300 pop1 1.19605 0.99671
4300 pop2 1.18875 0.990624
4400 pop1 1.19221 0.993509
4400 pop2 1.1939 0.994919
4500 pop1 1.18773 0.989775
4500 pop2 1.19361 0.994674
4600 pop1 1.18909 0.99091
4600 pop2 1.18982 0.991513
4700 pop1 1.18526 0.987714
4700 pop2 1.19334 0.994452
4800 pop1 1.1905 0.992087
4800 pop2 1.19069 0.992238
4900 pop1 1.18726 0.989387
4900 pop2 1.19284 0.994034
5000 pop1 1.18672 0.988936
5000 pop2 1.19239 0.993659
