1 pop1 1.0 0.909091
1 pop2 1.0 0.909091
100 pop1 1.08076 0.98251
100 pop2 1.08201 0.983648
200 pop1 1.08404 0.985489
200 pop2 1.08072 0.982476
300 pop1 1.08229 0.9839
300 pop2 1.08026 0.982056
400 pop1 1.08034 0.982125
400 pop2 1.08121 0.982919
500 pop1 1.08352 0.98502
500 pop2 1.08297 0.984518
600 pop1 1.08175 0.983407
600 pop2 1.08339 0.984901
700 pop1 1.08213 0.983758
700 pop2 1.08258 0.984166
800 pop1 1.08416 0.985598
800 pop2 1.08217 0.98379
900 pop1 1.08428 0.985706
900 pop2 1.08429 0.985722
1000 pop1 1.0835 0.984999
1000 pop2 1.08451 0.985915
1100 pop1 1.08527 0.986609
1100 pop2 1.07151 0.974096
1200 pop1 1.08307 0.984611
1200 pop2 1.08276 0.984329
1300 pop1 1.0822 0.983815
1300 pop2 1.08666 0.987875
1400 pop1 1.08586 0.987149
1400 pop2 1.08573 0.987028
1500 pop1 1.08487 0.986241
1500 pop2 1.08949 0.990443
1600 pop1 1.08699 0.988171
1600 pop2 1.08374 0.985216
1700 pop1 1.085 0.98636
1700 pop2 1.08362 0.985105
1800 pop1 1.08505 0.986411
1800 pop2 1.08286 0.984422
1900 pop1 1.08296 0.984513
1900 pop2 1.08442 0.985839
2000 pop1 1.08574 0.987041
2000 pop2 1.08625 0.987496
2100 pop1 1.08578 0.987069
2100 pop2 1.08876 0.989777
2200 pop1 1.08524 0.986583
2200 pop2 1.08568 0.986983
2300 pop1 1.08717 0.988335
2300 pop2 1.08778 0.988891
2400 pop1 1.08397 0.985424
2400 pop2 1.08926 0.990237
2500 pop1 1.086 0.987272
2500 pop2 1.08641 0.987644
2600 pop1 1.08714 0.988306
2600 pop2 1.08507 0.986427
2700 pop1 1.07967 0.981516
2700 pop2 1.08902 0.990022
2800 pop1 1.08755 0.988683
2800 pop2 1.086 0.987272
2900 pop1 1.08622 0.98747
2900 pop2 1.08575 0.987046
3000 pop1 1.08393 0.985392
3000 pop2 1.08861 0.989649
3100 pop1 1.08887 0.989881
3100 pop2 1.08855 0.989591
3200 pop1 1.08457 0.985974
3200 pop2 1.08534 0.986673
3300 pop1 1.08264 0.984222
3300 pop2 1.0894 0.990365
3400 pop1 1.0838 0.985272
3400 pop2 1.08553 0.986844
3500 pop1 1.08357 0.985062
3500 pop2 1.08255 0.984136
3600 pop1 1.08648 0.987708
3600 pop2 1.08239 0.983988
3700 pop1 1.08639 0.987625
3700 pop2 1.08228 0.983892
3800 pop1 1.08504 0.986397
3800 pop2 1.08359 0.985084
3900 pop1 1.08297 0.984516
3900 pop2 1.0836 0.985088
4000 pop1 1.08276 0.984329
4000 pop2 1.08534 0.986669
4100 pop1 1.0884 0.989453
4100 pop2 1.08614 0.987401
4200 pop1 1.08677 0.987968
4200 pop2 1.08689 0.988082
4300 pop1 1.08669 0.987899
4300 pop2 1.08461 0.986013
4400 pop1 1.08497 0.986336
4400 pop2 1.08628 0.987529
4500 pop1 1.08471 0.986104
4500 pop2 1.08554 0.986851
4600 pop1 1.08013 0.981941
4600 pop2 1.08791 0.989007
4700 pop1 1.08396 0.98542
4700 pop2 1.08758 0.988705
4800 pop1 1.08452 0.985928
4800 pop2 1.08455 0.985952
4900 pop1 1.08718 0.988347
4900 pop2 1.08759 0.988717
5000 pop1 1.08553 0.986844
5000 pop2 1.0885 0.989545
