1 pop1 1.0 0.980392
1 pop2 1.0 0.980392
100 pop1 1.00067 0.981049
100 pop2 1.00169 0.982045
200 pop1 1.00219 0.982543
200 pop2 1.00291 0.983243
300 pop1 1.00348 0.9838
300 pop2 1.00088 0.981256
400 pop1 1.00502 0.985318
400 pop2 0.998032 0.978462
500 pop1 1.0043 0.984607
500 pop2 0.999342 0.979747
600 pop1 1.00593 0.986208
600 pop2 0.997839 0.978273
700 pop1 1.00682 0.987076
700 pop2 0.996667 0.977124
800 pop1 1.00566 0.985946
800 pop2 0.998042 0.978473
900 pop1 1.00576 0.986037
900 pop2 0.99813 0.978559
1000 pop1 1.00851 0.988731
1000 pop2 0.994814 0.975308
1100 pop1 1.0132 0.993332
1100 pop2 0.995053 0.975543
1200 pop1 1.01456 0.994663
1200 pop2 0.995005 0.975495
1300 pop1 1.01688 0.996937
1300 pop2 0.99513 0.975618
1400 pop1 1.01804 0.998078
1400 pop2 0.995486 0.975966
1500 pop1 1.01887 0.998888
1500 pop2 0.997351 0.977796
1600 pop1 1.01964 0.999644
1600 pop2 0.997937 0.97837
1700 pop1 1.02003 1.00003
1700 pop2 0.998328 0.978753
1800 pop1 1.0201 1.0001
1800 pop2 0.999378 0.979782
1900 pop1 1.0201 1.0001
1900 pop2 0.999713 0.98011
2000 pop1 1.0201 1.0001
2000 pop2 1.0 0.980392
2100 pop1 1.0201 1.0001
2100 pop2 1.0 0.980392
2200 pop1 1.0201 1.0001
2200 pop2 1.0 0.980392
2300 pop1 1.0201 1.0001
2300 pop2 1.0 0.980392
2400 pop1 1.0201 1.0001
2400 pop2 1.0 0.980392
2500 pop1 1.0201 1.0001
2500 pop2 1.0 0.980392
2600 pop1 1.0201 1.0001
2600 pop2 1.0 0.980392
2700 pop1 1.0201 1.0001
2700 pop2 1.0 0.980392
2800 pop1 1.0201 1.0001
2800 pop2 1.0 0.980392
2900 pop1 1.0201 1.0001
2900 pop2 1.0 0.980392
3000 pop1 1.0201 1.0001
3000 pop2 1.0 0.980392
3100 pop1 1.0201 1.0001
3100 pop2 1.0 0.980392
3200 pop1 1.0201 1.0001
3200 pop2 1.0 0.980392
3300 pop1 1.0201 1.0001
3300 pop2 1.0 0.980392
3400 pop1 1.0201 1.0001
3400 pop2 1.0 0.980392
3500 pop1 1.0201 1.0001
3500 pop2 1.0 0.980392
3600 pop1 1.0201 1.0001
3600 pop2 1.0 0.980392
3700 pop1 1.0201 1.0001
3700 pop2 1.0 0.980392
3800 pop1 1.0201 1.0001
3800 pop2 1.0 0.980392
3900 pop1 1.0201 1.0001
3900 pop2 1.0 0.980392
4000 pop1 1.0201 1.0001
4000 pop2 1.0 0.980392
4100 pop1 1.0201 1.0001
4100 pop2 1.0 0.980392
4200 pop1 1.0201 1.0001
4200 pop2 1.0 0.980392
4300 pop1 1.0201 1.0001
4300 pop2 1.0 0.980392
4400 pop1 1.0201 1.0001
4400 pop2 1.0 0.980392
4500 pop1 1.0201 1.0001
4500 pop2 1.0 0.980392
4600 pop1 1.0201 1.0001
4600 pop2 1.0 0.980392
4700 pop1 1.0201 1.0001
4700 pop2 1.0 0.980392
4800 pop1 1.0201 1.0001
4800 pop2 1.0 0.980392
4900 pop1 1.0201 1.0001
4900 pop2 1.0 0.980392
5000 pop1 1.0201 1.0001
5000 pop2 1.0 0.980392
