1 pop1 1.0 0.833333
1 pop2 1.0 0.833333
100 pop1 1.07667 0.897228
100 pop2 1.07645 0.897046
200 pop1 1.067 0.889163
200 pop2 1.07387 0.89489
300 pop1 1.06744 0.889534
300 pop2 1.07325 0.894378
400 pop1 1.05748 0.881232
400 pop2 1.08102 0.900847
500 pop1 1.07398 0.894981
500 pop2 1.06884 0.890697
600 pop1 1.07892 0.899097
600 pop2 1.06465 0.887211
700 pop1 1.07263 0.893859
700 pop2 1.06751 0.889591
800 pop1 1.08029 0.900245
800 pop2 1.06724 0.889367
900 pop1 1.06668 0.8889
900 pop2 1.0694 0.891166
1000 pop1 1.07404 0.895033
1000 pop2 1.07369 0.894745
1100 pop1 1.10676 0.922302
1100 pop2 1.12819 0.940155
1200 pop1 1.10051 0.917094
1200 pop2 1.14001 0.95001
1300 pop1 1.10068 0.91723
1300 pop2 1.13074 0.942281
1400 pop1 1.09908 0.915904
1400 pop2 1.14546 0.954547
1500 pop1 1.11119 0.92599
1500 pop2 1.1269 0.939083
1600 pop1 1.11011 0.925092
1600 pop2 1.13305 0.94421
1700 pop1 1.10109 0.917573
1700 pop2 1.13631 0.946921
1800 pop1 1.10132 0.91777
1800 pop2 1.14336 0.952801
1900 pop1 1.10854 0.92378
1900 pop2 1.1303 0.941919
2000 pop1 1.11295 0.927457
2000 pop2 1.1259 0.938251
2100 pop1 1.10754 0.922947
2100 pop2 1.13004 0.941701
2200 pop1 1.10992 0.924936
2200 pop2 1.12994 0.941615
2300 pop1 1.11003 0.925022
2300 pop2 1.12687 0.939056
2400 pop1 1.11618 0.930152
2400 pop2 1.12556 0.93797
2500 pop1 1.11676 0.930629
2500 pop2 1.12758 0.939652
2600 pop1 1.11589 0.929909
2600 pop2 1.13 0.941671
2700 pop1 1.10987 0.924889
2700 pop2 1.13171 0.943089
2800 pop1 1.12623 0.938522
2800 pop2 1.12245 0.935376
2900 pop1 1.12931 0.941095
2900 pop2 1.12133 0.934444
3000 pop1 1.12102 0.934187
3000 pop2 1.12829 0.94024
3100 pop1 1.1294 0.941163
3100 pop2 1.11263 0.927189
3200 pop1 1.12554 0.937946
3200 pop2 1.1228 0.935663
3300 pop1 1.12135 0.934457
3300 pop2 1.1245 0.937081
3400 pop1 1.13286 0.944053
3400 pop2 1.11749 0.931238
3500 pop1 1.12041 0.933675
3500 pop2 1.12265 0.935543
3600 pop1 1.11442 0.928682
3600 pop2 1.13258 0.943814
3700 pop1 1.12317 0.935972
3700 pop2 1.11929 0.93274
3800 pop1 1.11559 0.929659
3800 pop2 1.12862 0.940513
3900 pop1 1.12407 0.936726
3900 pop2 1.12217 0.93514
4000 pop1 1.11859 0.932162
4000 pop2 1.12446 0.937047
4100 pop1 1.13072 0.942265
4100 pop2 1.11162 0.926353
4200 pop1 1.12947 0.941225
4200 pop2 1.11 0.925
4300 pop1 1.12245 0.935375
4300 pop2 1.12249 0.935406
4400 pop1 1.12021 0.933505
4400 pop2 1.12965 0.941378
4500 pop1 1.12168 0.934731
4500 pop2 1.12114 0.934284
4600 pop1 1.11652 0.930437
4600 pop2 1.13001 0.941675
4700 pop1 1.12595 0.938288
4700 pop2 1.11308 0.927568
4800 pop1 1.13165 0.943043
4800 pop2 1.11064 0.925535
4900 pop1 1.13405 0.945043
4900 pop2 1.10966 0.924721
5000 pop1 1.12407 0.936722
5000 pop2 1.1217 0.934746
