1 pop1 1.0 0.909091
1 pop2 1.0 0.909091
100 pop1 1.01482 0.922563
100 pop2 1.01553 0.923208
200 pop1 1.02023 0.927481
200 pop2 1.01244 0.920396
300 pop1 1.02205 0.92914
300 pop2 1.00692 0.915381
400 pop1 1.01635 0.92395
400 pop2 1.01163 0.919668
500 pop1 1.0115 0.919545
500 pop2 1.01839 0.925809
600 pop1 1.01135 0.919408
600 pop2 1.01933 0.926667
700 pop1 1.01952 0.926833
700 pop2 1.01111 0.919193
800 pop1 1.02161 0.928741
800 pop2 1.00877 0.917059
900 pop1 1.00713 0.915575
900 pop2 1.01574 0.923399
1000 pop1 1.00563 0.914209
1000 pop2 1.02302 0.930021
1100 pop1 1.05957 0.963247
1100 pop2 1.03752 0.943196
1200 pop1 1.05489 0.958994
1200 pop2 1.04833 0.953031
1300 pop1 1.03567 0.941518
1300 pop2 1.07208 0.974619
1400 pop1 1.03571 0.94155
1400 pop2 1.07073 0.973393
1500 pop1 1.03893 0.944481
1500 pop2 1.06651 0.969558
1600 pop1 1.03265 0.938768
1600 pop2 1.07303 0.975485
1700 pop1 1.03977 0.945242
1700 pop2 1.06852 0.971378
1800 pop1 1.04674 0.951582
1800 pop2 1.06236 0.965782
1900 pop1 1.05282 0.957111
1900 pop2 1.05795 0.961772
2000 pop1 1.05163 0.956028
2000 pop2 1.05963 0.963302
2100 pop1 1.05673 0.960668
2100 pop2 1.05602 0.960018
2200 pop1 1.0543 0.95845
2200 pop2 1.05541 0.959467
2300 pop1 1.06463 0.967846
2300 pop2 1.04472 0.949743
2400 pop1 1.06033 0.96394
2400 pop2 1.04714 0.951946
2500 pop1 1.05579 0.959806
2500 pop2 1.05341 0.957647
2600 pop1 1.06146 0.964964
2600 pop2 1.05065 0.955138
2700 pop1 1.05666 0.960603
2700 pop2 1.05554 0.959582
2800 pop1 1.04992 0.954472
2800 pop2 1.0602 0.963816
2900 pop1 1.05283 0.957121
2900 pop2 1.05998 0.963615
3000 pop1 1.05182 0.956201
3000 pop2 1.05672 0.960654
3100 pop1 1.05281 0.957096
3100 pop2 1.05872 0.962473
3200 pop1 1.05686 0.960784
3200 pop2 1.05582 0.95984
3300 pop1 1.05525 0.959322
3300 pop2 1.05772 0.961563
3400 pop1 1.04448 0.949528
3400 pop2 1.06291 0.966281
3500 pop1 1.05638 0.960347
3500 pop2 1.05606 0.960054
3600 pop1 1.05811 0.961919
3600 pop2 1.0547 0.958817
3700 pop1 1.05448 0.958614
3700 pop2 1.05528 0.959342
3800 pop1 1.05669 0.960632
3800 pop2 1.05437 0.958517
3900 pop1 1.05642 0.960381
3900 pop2 1.0529 0.957182
4000 pop1 1.05837 0.962158
4000 pop2 1.0524 0.956727
4100 pop1 1.0507 0.955179
4100 pop2 1.0585 0.962277
4200 pop1 1.05586 0.959876
4200 pop2 1.05483 0.958937
4300 pop1 1.05688 0.960803
4300 pop2 1.05554 0.959586
4400 pop1 1.06027 0.963884
4400 pop2 1.05105 0.955501
4500 pop1 1.05461 0.958738
4500 pop2 1.05657 0.960514
4600 pop1 1.05916 0.962875
4600 pop2 1.05752 0.961383
4700 pop1 1.06103 0.964571
4700 pop2 1.04938 0.953984
4800 pop1 1.05837 0.962153
4800 pop2 1.05294 0.957223
4900 pop1 1.05261 0.956922
4900 pop2 1.06036 0.963968
5000 pop1 1.05005 0.954591
5000 pop2 1.06244 0.965851
