1 pop1 1.0 0.909091
1 pop2 1.0 0.909091
100 pop1 1.0838 0.98527
100 pop2 1.08456 0.985966
200 pop1 1.08545 0.986775
200 pop2 1.08361 0.985104
300 pop1 1.08381 0.985285
300 pop2 1.08332 0.984832
400 pop1 1.08197 0.983608
400 pop2 1.08124 0.982948
500 pop1 1.08566 0.986965
500 pop2 1.08332 0.984836
600 pop1 1.08043 0.982205
600 pop2 1.08621 0.987466
700 pop1 1.08333 0.984847
700 pop2 1.08006 0.981874
800 pop1 1.08636 0.987598
800 pop2 1.08177 0.983431
900 pop1 1.08372 0.985196
900 pop2 1.08449 0.985904
1000 pop1 1.08663 0.987849
1000 pop2 1.08607 0.987338
1100 pop1 1.09566 0.996057
1100 pop2 0.994134 0.903758
1200 pop1 1.09804 0.998214
1200 pop2 0.994371 0.903974
1300 pop1 1.09653 0.996844
1300 pop2 0.998835 0.908032
1400 pop1 1.10163 1.00148
1400 pop2 0.998756 0.90796
1500 pop1 1.10167 1.00152
1500 pop2 0.99998 0.909073
1600 pop1 1.10251 1.00228
1600 pop2 0.999941 0.909037
1700 pop1 1.10253 1.0023
1700 pop2 0.999763 0.908875
1800 pop1 1.1025 1.00228
1800 pop2 1.0 0.909091
1900 pop1 1.1025 1.00227
1900 pop2 1.0 0.909091
2000 pop1 1.1025 1.00227
2000 pop2 1.0 0.909091
2100 pop1 1.1025 1.00227
2100 pop2 1.0 0.909091
2200 pop1 1.1025 1.00227
2200 pop2 1.0 0.909091
2300 pop1 1.1025 1.00227
2300 pop2 1.0 0.909091
2400 pop1 1.1025 1.00227
2400 pop2 1.0 0.909091
2500 pop1 1.1025 1.00227
2500 pop2 1.0 0.909091
2600 pop1 1.1025 1.00227
2600 pop2 1.0 0.909091
2700 pop1 1.1025 1.00227
2700 pop2 1.0 0.909091
2800 pop1 1.1025 1.00227
2800 pop2 1.0 0.909091
2900 pop1 1.1025 1.00227
2900 pop2 1.0 0.909091
3000 pop1 1.1025 1.00227
3000 pop2 1.0 0.909091
3100 pop1 1.1025 1.00227
3100 pop2 1.0 0.909091
3200 pop1 1.1025 1.00227
3200 pop2 1.0 0.909091
3300 pop1 1.1025 1.00227
3300 pop2 1.0 0.909091
3400 pop1 1.1025 1.00227
3400 pop2 1.0 0.909091
3500 pop1 1.1025 1.00227
3500 pop2 1.0 0.909091
3600 pop1 1.1025 1.00227
3600 pop2 1.0 0.909091
3700 pop1 1.1025 1.00227
3700 pop2 1.0 0.909091
3800 pop1 1.1025 1.00227
3800 pop2 1.0 0.909091
3900 pop1 1.1025 1.00227
3900 pop2 1.0 0.909091
4000 pop1 1.1025 1.00227
4000 pop2 1.0 0.909091
4100 pop1 1.1025 1.00227
4100 pop2 1.0 0.909091
4200 pop1 1.1025 1.00227
4200 pop2 1.0 0.909091
4300 pop1 1.1025 1.00227
4300 pop2 1.0 0.909091
4400 pop1 1.1025 1.00227
4400 pop2 1.0 0.909091
4500 pop1 1.1025 1.00227
4500 pop2 1.0 0.909091
4600 pop1 1.1025 1.00227
4600 pop2 1.0 0.909091
4700 pop1 1.1025 1.00227
4700 pop2 1.0 0.909091
4800 pop1 1.1025 1.00227
4800 pop2 1.0 0.909091
4900 pop1 1.1025 1.00227
4900 pop2 1.0 0.909091
5000 pop1 1.1025 1.00227
5000 pop2 1.0 0.909091
