1 pop1 1.0 0.980392
1 pop2 1.0 0.980392
100 pop1 1.00209 0.982439
100 pop2 1.00155 0.981913
200 pop1 1.00212 0.982474
200 pop2 1.0002 0.980586
300 pop1 1.00292 0.983254
300 pop2 1.00032 0.980708
400 pop1 1.00354 0.983859
400 pop2 0.999869 0.980264
500 pop1 1.00665 0.986907
500 pop2 0.996988 0.977439
600 pop1 1.00639 0.986655
600 pop2 0.996177 0.976644
700 pop1 1.00611 0.986382
700 pop2 0.997166 0.977613
800 pop1 1.00477 0.985068
800 pop2 0.998701 0.979119
900 pop1 1.00583 0.986107
900 pop2 0.998532 0.978953
1000 pop1 1.00553 0.985809
1000 pop2 0.998187 0.978615
1100 pop1 1.01032 0.990506
1100 pop2 0.995134 0.975621
1200 pop1 1.01495 0.995054
1200 pop2 0.994893 0.975385
1300 pop1 1.0174 0.997453
1300 pop2 0.993608 0.974126
1400 pop1 1.0177 0.99775
1400 pop2 0.994656 0.975153
1500 pop1 1.01945 0.999462
1500 pop2 0.994844 0.975338
1600 pop1 1.01989 0.999888
1600 pop2 0.995359 0.975842
1700 pop1 1.01971 0.99972
1700 pop2 0.996639 0.977097
1800 pop1 1.02003 1.00003
1800 pop2 0.997368 0.977812
1900 pop1 1.01999 0.999993
1900 pop2 0.997929 0.978362
2000 pop1 1.0201 1.0001
2000 pop2 0.999258 0.979665
2100 pop1 1.0201 1.0001
2100 pop2 0.999549 0.97995
2200 pop1 1.0201 1.0001
2200 pop2 0.99992 0.980314
2300 pop1 1.0201 1.0001
2300 pop2 1.0 0.980392
2400 pop1 1.0201 1.0001
2400 pop2 1.0 0.980392
2500 pop1 1.0201 1.0001
2500 pop2 1.0 0.980392
2600 pop1 1.0201 1.0001
2600 pop2 1.0 0.980392
2700 pop1 1.0201 1.0001
2700 pop2 1.0 0.980392
2800 pop1 1.0201 1.0001
2800 pop2 1.0 0.980392
2900 pop1 1.0201 1.0001
2900 pop2 1.0 0.980392
3000 pop1 1.0201 1.0001
3000 pop2 1.0 0.980392
3100 pop1 1.0201 1.0001
3100 pop2 1.0 0.980392
3200 pop1 1.0201 1.0001
3200 pop2 1.0 0.980392
3300 pop1 1.0201 1.0001
3300 pop2 1.0 0.980392
3400 pop1 1.0201 1.0001
3400 pop2 1.0 0.980392
3500 pop1 1.0201 1.0001
3500 pop2 1.0 0.980392
3600 pop1 1.0201 1.0001
3600 pop2 1.0 0.980392
3700 pop1 1.0201 1.0001
3700 pop2 1.0 0.980392
3800 pop1 1.0201 1.0001
3800 pop2 1.0 0.980392
3900 pop1 1.0201 1.0001
3900 pop2 1.0 0.980392
4000 pop1 1.0201 1.0001
4000 pop2 1.0 0.980392
4100 pop1 1.0201 1.0001
4100 pop2 1.0 0.980392
4200 pop1 1.0201 1.0001
4200 pop2 1.0 0.980392
4300 pop1 1.0201 1.0001
4300 pop2 1.0 0.980392
4400 pop1 1.0201 1.0001
4400 pop2 1.0 0.980392
4500 pop1 1.0201 1.0001
4500 pop2 1.0 0.980392
4600 pop1 1.0201 1.0001
4600 pop2 1.0 0.980392
4700 pop1 1.0201 1.0001
4700 pop2 1.0 0.980392
4800 pop1 1.0201 1.0001
4800 pop2 1.0 0.980392
4900 pop1 1.0201 1.0001
4900 pop2 1.0 0.980392
5000 pop1 1.0201 1.0001
5000 pop2 1.0 0.980392
