1 pop1 1.0 0.909091
1 pop2 1.0 0.909091
100 pop1 1.08094 0.982674
100 pop2 1.08297 0.984519
200 pop1 1.08413 0.985577
200 pop2 1.08354 0.985035
300 pop1 1.08227 0.983881
300 pop2 1.08014 0.981942
400 pop1 1.07759 0.979624
400 pop2 1.08295 0.984504
500 pop1 1.082 0.983638
500 pop2 1.08253 0.984116
600 pop1 1.08645 0.987679
600 pop2 1.08457 0.985972
700 pop1 1.08233 0.983937
700 pop2 1.08254 0.984127
800 pop1 1.08195 0.983589
800 pop2 1.08422 0.985657
900 pop1 1.08273 0.984303
900 pop2 1.08355 0.985046
1000 pop1 1.08245 0.984044
1000 pop2 1.08024 0.98204
1100 pop1 1.08666 0.987877
1100 pop2 1.07428 0.976617
1200 pop1 1.08768 0.988797
1200 pop2 1.08587 0.987159
1300 pop1 1.08397 0.985425
1300 pop2 1.08562 0.986924
1400 pop1 1.08406 0.985507
1400 pop2 1.0865 0.987725
1500 pop1 1.08651 0.987733
1500 pop2 1.08302 0.984566
1600 pop1 1.08463 0.986029
1600 pop2 1.08717 0.988336
1700 pop1 1.08983 0.990751
1700 pop2 1.08516 0.986505
1800 pop1 1.08385 0.985316
1800 pop2 1.08734 0.988487
1900 pop1 1.08345 0.984958
1900 pop2 1.08677 0.987969
2000 pop1 1.08524 0.986584
2000 pop2 1.08368 0.985165
2100 pop1 1.08355 0.985045
2100 pop2 1.08681 0.988011
2200 pop1 1.08527 0.986609
2200 pop2 1.08552 0.986837
2300 pop1 1.08538 0.986709
2300 pop2 1.08187 0.98352
2400 pop1 1.085 0.986364
2400 pop2 1.08497 0.986332
2500 pop1 1.08769 0.988809
2500 pop2 1.08303 0.984569
2600 pop1 1.08915 0.990137
2600 pop2 1.09121 0.992013
2700 pop1 1.08278 0.984349
2700 pop2 1.0855 0.986822
2800 pop1 1.08312 0.984651
2800 pop2 1.08366 0.985149
2900 pop1 1.08665 0.987866
2900 pop2 1.0846 0.985997
3000 pop1 1.08674 0.987941
3000 pop2 1.08552 0.986839
3100 pop1 1.08623 0.987483
3100 pop2 1.08501 0.986373
3200 pop1 1.08687 0.988059
3200 pop2 1.08831 0.989373
3300 pop1 1.08698 0.988167
3300 pop2 1.08461 0.986006
3400 pop1 1.08443 0.985843
3400 pop2 1.08445 0.985862
3500 pop1 1.08466 0.986057
3500 pop2 1.08216 0.98378
3600 pop1 1.08557 0.986882
3600 pop2 1.08565 0.986954
3700 pop1 1.08711 0.988283
3700 pop2 1.08558 0.986895
3800 pop1 1.08445 0.985866
3800 pop2 1.08699 0.988172
3900 pop1 1.08292 0.984477
3900 pop2 1.08875 0.989772
4000 pop1 1.08709 0.988266
4000 pop2 1.08691 0.988096
4100 pop1 1.08208 0.983711
4100 pop2 1.0836 0.985093
4200 pop1 1.08526 0.986598
4200 pop2 1.08536 0.986689
4300 pop1 1.08362 0.985109
4300 pop2 1.08641 0.987643
4400 pop1 1.0811 0.982821
4400 pop2 1.0891 0.990092
4500 pop1 1.08522 0.98656
4500 pop2 1.08505 0.986407
4600 pop1 1.08695 0.988136
4600 pop2 1.08598 0.987254
4700 pop1 1.08339 0.9849
4700 pop2 1.08558 0.986894
4800 pop1 1.08438 0.985803
4800 pop2 1.0863 0.987542
4900 pop1 1.08678 0.987982
4900 pop2 1.07999 0.981811
5000 pop1 1.08291 0.984459
5000 pop2 1.08449 0.985899
