1 pop1 1.0 0.980392
1 pop2 1.0 0.980392
100 pop1 1.00528 0.98557
100 pop2 1.00782 0.988057
200 pop1 1.00899 0.989205
200 pop2 1.00752 0.987767
300 pop1 1.00995 0.99015
300 pop2 1.00715 0.987402
400 pop1 1.00903 0.989241
400 pop2 1.00577 0.986048
500 pop1 1.01053 0.990714
500 pop2 1.00693 0.987186
600 pop1 1.00989 0.990085
600 pop2 1.00639 0.986652
700 pop1 1.00697 0.987226
700 pop2 1.00865 0.988869
800 pop1 1.00931 0.989518
800 pop2 1.00578 0.986062
900 pop1 1.00953 0.989735
900 pop2 1.00711 0.987366
1000 pop1 1.01015 0.990342
1000 pop2 1.00949 0.989695
1100 pop1 1.01257 0.992713
1100 pop2 0.997889 0.978323
1200 pop1 1.01438 0.994491
1200 pop2 0.998517 0.978938
1300 pop1 1.01736 0.997411
1300 pop2 0.998428 0.978851
1400 pop1 1.01658 0.996649
1400 pop2 0.99848 0.978902
1500 pop1 1.0184 0.998435
1500 pop2 0.999494 0.979896
1600 pop1 1.01908 0.999098
1600 pop2 0.999565 0.979966
1700 pop1 1.01927 0.999287
1700 pop2 0.999517 0.979919
1800 pop1 1.01882 0.998844
1800 pop2 0.999609 0.980009
1900 pop1 1.01892 0.998938
1900 pop2 0.999629 0.980028
2000 pop1 1.01873 0.998756
2000 pop2 0.99984 0.980236
2100 pop1 1.01996 0.999957
2100 pop2 0.999796 0.980193
2200 pop1 1.0201 1.0001
2200 pop2 0.999952 0.980345
2300 pop1 1.0201 1.0001
2300 pop2 1.0 0.980392
2400 pop1 1.0201 1.0001
2400 pop2 1.0 0.980392
2500 pop1 1.0201 1.0001
2500 pop2 1.0 0.980392
2600 pop1 1.0201 1.0001
2600 pop2 1.0 0.980392
2700 pop1 1.0201 1.0001
2700 pop2 1.0 0.980392
2800 pop1 1.0201 1.0001
2800 pop2 1.0 0.980392
2900 pop1 1.0201 1.0001
2900 pop2 1.0 0.980392
3000 pop1 1.0201 1.0001
3000 pop2 1.0 0.980392
3100 pop1 1.0201 1.0001
3100 pop2 1.0 0.980392
3200 pop1 1.0201 1.0001
3200 pop2 1.0 0.980392
3300 pop1 1.0201 1.0001
3300 pop2 1.0 0.980392
3400 pop1 1.0201 1.0001
3400 pop2 1.0 0.980392
3500 pop1 1.0201 1.0001
3500 pop2 1.0 0.980392
3600 pop1 1.0201 1.0001
3600 pop2 1.0 0.980392
3700 pop1 1.0201 1.0001
3700 pop2 1.0 0.980392
3800 pop1 1.0201 1.0001
3800 pop2 1.0 0.980392
3900 pop1 1.0201 1.0001
3900 pop2 1.0 0.980392
4000 pop1 1.0201 1.0001
4000 pop2 1.0 0.980392
4100 pop1 1.0201 1.0001
4100 pop2 1.0 0.980392
4200 pop1 1.0201 1.0001
4200 pop2 1.0 0.980392
4300 pop1 1.0201 1.0001
4300 pop2 1.0 0.980392
4400 pop1 1.0201 1.0001
4400 pop2 1.0 0.980392
4500 pop1 1.0201 1.0001
4500 pop2 1.0 0.980392
4600 pop1 1.0201 1.0001
4600 pop2 1.0 0.980392
4700 pop1 1.0201 1.0001
4700 pop2 1.0 0.980392
4800 pop1 1.0201 1.0001
4800 pop2 1.0 0.980392
4900 pop1 1.0201 1.0001
4900 pop2 1.0 0.980392
5000 pop1 1.0201 1.0001
5000 pop2 1.0 0.980392
