1 pop1 1.0 0.980392
1 pop2 1.0 0.980392
100 pop1 0.99999 0.980383
100 pop2 1.00046 0.980842
200 pop1 0.999953 0.980346
200 pop2 1.00073 0.981107
300 pop1 0.997259 0.977705
300 pop2 1.00352 0.983846
400 pop1 0.995657 0.976134
400 pop2 1.00532 0.98561
500 pop1 0.997446 0.977888
500 pop2 1.00279 0.983128
600 pop1 0.997043 0.977493
600 pop2 1.00405 0.98436
700 pop1 0.996943 0.977395
700 pop2 1.00428 0.984585
800 pop1 0.997118 0.977567
800 pop2 1.0037 0.98402
900 pop1 0.998999 0.979411
900 pop2 1.00137 0.981734
1000 pop1 0.998933 0.979346
1000 pop2 1.00138 0.981743
1100 pop1 1.00258 0.982926
1100 pop2 1.00891 0.989123
1200 pop1 1.006 0.986274
1200 pop2 1.01194 0.9921
1300 pop1 1.00701 0.987269
1300 pop2 1.01184 0.991996
1400 pop1 1.00835 0.988578
1400 pop2 1.0104 0.990591
1500 pop1 1.00954 0.989742
1500 pop2 1.01082 0.990996
1600 pop1 1.00836 0.988592
1600 pop2 1.012 0.992152
1700 pop1 1.00757 0.987815
1700 pop2 1.01279 0.992934
1800 pop1 1.00664 0.986904
1800 pop2 1.01297 0.993104
1900 pop1 1.00815 0.98838
1900 pop2 1.0117 0.991867
2000 pop1 1.00848 0.988701
2000 pop2 1.01111 0.991281
2100 pop1 1.00756 0.987807
2100 pop2 1.01241 0.992556
2200 pop1 1.00806 0.988294
2200 pop2 1.01183 0.991992
2300 pop1 1.00712 0.987369
2300 pop2 1.01303 0.993162
2400 pop1 1.00621 0.986477
2400 pop2 1.0135 0.993627
2500 pop1 1.00612 0.986393
2500 pop2 1.01353 0.99366
2600 pop1 1.00696 0.987219
2600 pop2 1.01323 0.993361
2700 pop1 1.00551 0.985793
2700 pop2 1.01472 0.994821
2800 pop1 1.00659 0.986849
2800 pop2 1.01342 0.99355
2900 pop1 1.00647 0.986733
2900 pop2 1.01366 0.993781
3000 pop1 1.00678 0.987038
3000 pop2 1.0139 0.994023
3100 pop1 1.00705 0.987306
3100 pop2 1.01298 0.993115
3200 pop1 1.00746 0.98771
3200 pop2 1.01295 0.993086
3300 pop1 1.00804 0.988271
3300 pop2 1.01225 0.992405
3400 pop1 1.00847 0.988695
3400 pop2 1.01198 0.992137
3500 pop1 1.00881 0.989031
3500 pop2 1.01208 0.992236
3600 pop1 1.00895 0.989169
3600 pop2 1.01122 0.991392
3700 pop1 1.00986 0.99006
3700 pop2 1.01099 0.991171
3800 pop1 1.00889 0.98911
3800 pop2 1.01182 0.991976
3900 pop1 1.00884 0.989055
3900 pop2 1.01168 0.991842
4000 pop1 1.00868 0.988904
4000 pop2 1.01205 0.992208
4100 pop1 1.00825 0.988485
4100 pop2 1.01202 0.992177
4200 pop1 1.00841 0.988639
4200 pop2 1.01173 0.991896
4300 pop1 1.00723 0.987477
4300 pop2 1.01325 0.993384
4400 pop1 1.00476 0.985061
4400 pop2 1.01509 0.995189
4500 pop1 1.00488 0.985175
4500 pop2 1.01571 0.995793
4600 pop1 1.0034 0.983729
4600 pop2 1.01693 0.996986
4700 pop1 1.00284 0.983176
4700 pop2 1.0175 0.997547
4800 pop1 1.00231 0.982654
4800 pop2 1.01784 0.997883
4900 pop1 1.00304 0.983369
4900 pop2 1.01696 0.997021
5000 pop1 1.00324 0.983571
5000 pop2 1.01713 0.997188
