1 pop1 1.0 0.909091
1 pop2 1.0 0.909091
100 pop1 1.08258 0.984161
100 pop2 1.08236 0.983966
200 pop1 1.08184 0.983488
200 pop2 1.07981 0.981647
300 pop1 1.08272 0.984294
300 pop2 1.0838 0.985275
400 pop1 1.08206 0.983687
400 pop2 1.07763 0.979666
500 pop1 1.0822 0.983818
500 pop2 1.08262 0.9842
600 pop1 1.08435 0.985771
600 pop2 1.0853 0.986638
700 pop1 1.08071 0.982461
700 pop2 1.08025 0.982042
800 pop1 1.08045 0.982228
800 pop2 1.0825 0.98409
900 pop1 1.08343 0.984937
900 pop2 1.08355 0.985048
1000 pop1 1.08188 0.983527
1000 pop2 1.08094 0.982677
1100 pop1 1.08678 0.987977
1100 pop2 1.06627 0.969339
1200 pop1 1.08128 0.982981
1200 pop2 1.0857 0.987001
1300 pop1 1.08518 0.986528
1300 pop2 1.08712 0.988295
1400 pop1 1.08465 0.98605
1400 pop2 1.08807 0.989154
1500 pop1 1.08453 0.98594
1500 pop2 1.08685 0.988042
1600 pop1 1.08399 0.985444
1600 pop2 1.08636 0.987601
1700 pop1 1.08782 0.988925
1700 pop2 1.08464 0.986037
1800 pop1 1.08575 0.987048
1800 pop2 1.08185 0.983498
1900 pop1 1.08395 0.985406
1900 pop2 1.08497 0.986339
2000 pop1 1.08602 0.987287
2000 pop2 1.08769 0.988812
2100 pop1 1.08596 0.987234
2100 pop2 1.08461 0.986005
2200 pop1 1.09015 0.991049
2200 pop2 1.08784 0.988942
2300 pop1 1.08568 0.986981
2300 pop2 1.0815 0.98318
2400 pop1 1.08391 0.985375
2400 pop2 1.08495 0.986318
2500 pop1 1.08411 0.985555
2500 pop2 1.08558 0.986891
2600 pop1 1.08406 0.98551
2600 pop2 1.08346 0.984965
2700 pop1 1.08925 0.990224
2700 pop2 1.08297 0.984521
2800 pop1 1.08247 0.984062
2800 pop2 1.08587 0.987155
2900 pop1 1.08249 0.984083
2900 pop2 1.08281 0.984376
3000 pop1 1.0832 0.984729
3000 pop2 1.08733 0.988478
3100 pop1 1.08481 0.986194
3100 pop2 1.08328 0.984797
3200 pop1 1.08539 0.986714
3200 pop2 1.08662 0.987838
3300 pop1 1.08388 0.985349
3300 pop2 1.0841 0.98555
3400 pop1 1.08636 0.9876
3400 pop2 1.08517 0.986522
3500 pop1 1.08554 0.986859
3500 pop2 1.089 0.989997
3600 pop1 1.08491 0.986283
3600 pop2 1.08742 0.988562
3700 pop1 1.08616 0.987419
3700 pop2 1.08065 0.982413
3800 pop1 1.08705 0.98823
3800 pop2 1.08579 0.98708
3900 pop1 1.08477 0.986152
3900 pop2 1.08728 0.988438
4000 pop1 1.08405 0.985497
4000 pop2 1.08243 0.984024
4100 pop1 1.0843 0.985726
4100 pop2 1.08036 0.982142
4200 pop1 1.0865 0.987728
4200 pop2 1.08426 0.985695
4300 pop1 1.08754 0.988676
4300 pop2 1.08224 0.983857
4400 pop1 1.08254 0.984127
4400 pop2 1.08361 0.985097
4500 pop1 1.08562 0.986925
4500 pop2 1.08623 0.987478
4600 pop1 1.08583 0.98712
4600 pop2 1.08373 0.985207
4700 pop1 1.08769 0.988813
4700 pop2 1.08683 0.988024
4800 pop1 1.08404 0.985495
4800 pop2 1.08242 0.98402
4900 pop1 1.08843 0.989484
4900 pop2 1.0866 0.987814
5000 pop1 1.08276 0.984325
5000 pop2 1.08459 0.985987
