1 pop1 1.0 0.833333
1 pop2 1.0 0.833333
100 pop1 1.12506 0.937549
100 pop2 1.13054 0.942118
200 pop1 1.12333 0.936112
200 pop2 1.124 0.936664
300 pop1 1.12316 0.935967
300 pop2 1.13753 0.947942
400 pop1 1.12984 0.941529
400 pop2 1.12786 0.939879
500 pop1 1.11712 0.930933
500 pop2 1.12649 0.938741
600 pop1 1.12305 0.935876
600 pop2 1.12007 0.933388
700 pop1 1.12281 0.935679
700 pop2 1.13071 0.942255
800 pop1 1.12072 0.933931
800 pop2 1.12581 0.938173
900 pop1 1.12481 0.937341
900 pop2 1.12533 0.937773
1000 pop1 1.12718 0.939317
1000 pop2 1.12247 0.935396
1100 pop1 1.14041 0.950343
1100 pop2 1.13703 0.947528
1200 pop1 1.12956 0.941297
1200 pop2 1.15317 0.960975
1300 pop1 1.14099 0.950825
1300 pop2 1.13076 0.942302
1400 pop1 1.14251 0.952095
1400 pop2 1.13996 0.949964
1500 pop1 1.1464 0.955333
1500 pop2 1.14005 0.950042
1600 pop1 1.14176 0.951463
1600 pop2 1.14747 0.956221
1700 pop1 1.13745 0.947871
1700 pop2 1.14957 0.957978
1800 pop1 1.14152 0.951268
1800 pop2 1.14471 0.953923
1900 pop1 1.14841 0.957008
1900 pop2 1.13975 0.949791
2000 pop1 1.14641 0.955345
2000 pop2 1.13831 0.948592
2100 pop1 1.13737 0.947812
2100 pop2 1.14482 0.954019
2200 pop1 1.14473 0.953946
2200 pop2 1.15086 0.959049
2300 pop1 1.14818 0.956818
2300 pop2 1.14161 0.951345
2400 pop1 1.14733 0.956106
2400 pop2 1.1399 0.949919
2500 pop1 1.14797 0.95664
2500 pop2 1.14306 0.952552
2600 pop1 1.14226 0.951882
2600 pop2 1.13784 0.948199
2700 pop1 1.14429 0.953574
2700 pop2 1.14054 0.950453
2800 pop1 1.14317 0.95264
2800 pop2 1.14395 0.95329
2900 pop1 1.14748 0.956234
2900 pop2 1.14032 0.950267
3000 pop1 1.14408 0.953404
3000 pop2 1.14172 0.951429
3100 pop1 1.13978 0.94982
3100 pop2 1.14079 0.950661
3200 pop1 1.13618 0.94682
3200 pop2 1.14641 0.955341
3300 pop1 1.1375 0.947914
3300 pop2 1.14337 0.952809
3400 pop1 1.14667 0.955559
3400 pop2 1.13325 0.944377
3500 pop1 1.13842 0.948685
3500 pop2 1.14445 0.953704
3600 pop1 1.14349 0.95291
3600 pop2 1.14491 0.95409
3700 pop1 1.14361 0.953004
3700 pop2 1.14342 0.952849
3800 pop1 1.14463 0.953855
3800 pop2 1.14523 0.954359
3900 pop1 1.14721 0.956007
3900 pop2 1.14011 0.950095
4000 pop1 1.13939 0.949492
4000 pop2 1.1451 0.954251
4100 pop1 1.14698 0.955814
4100 pop2 1.14005 0.950041
4200 pop1 1.14431 0.953588
4200 pop2 1.13903 0.949193
4300 pop1 1.14615 0.955123
4300 pop2 1.13735 0.947793
4400 pop1 1.1438 0.953165
4400 pop2 1.1441 0.953415
4500 pop1 1.14516 0.954303
4500 pop2 1.14306 0.95255
4600 pop1 1.13889 0.949074
4600 pop2 1.14747 0.956221
4700 pop1 1.14367 0.953056
4700 pop2 1.14508 0.954237
4800 pop1 1.14482 0.954016
4800 pop2 1.14499 0.954162
4900 pop1 1.14739 0.956162
4900 pop2 1.13383 0.944856
5000 pop1 1.15363 0.961355
5000 pop2 1.13055 0.942128
