1 pop1 1.0 0.909091
1 pop2 1.0 0.909091
100 pop1 1.01643 0.924024
100 pop2 1.01614 0.92376
200 pop1 1.01982 0.927105
200 pop2 1.01448 0.922258
300 pop1 1.02108 0.928257
300 pop2 1.00931 0.917556
400 pop1 1.0086 0.916909
400 pop2 1.0226 0.92964
500 pop1 1.01037 0.91852
500 pop2 1.01807 0.925521
600 pop1 1.0093 0.917549
600 pop2 1.02451 0.931376
700 pop1 1.00601 0.914555
700 pop2 1.02094 0.92813
800 pop1 1.01427 0.922064
800 pop2 1.01515 0.922867
900 pop1 1.01791 0.925376
900 pop2 1.00623 0.91475
1000 pop1 1.01876 0.926143
1000 pop2 1.00913 0.917389
1100 pop1 1.0598 0.963455
1100 pop2 1.04289 0.948081
1200 pop1 1.05836 0.962142
1200 pop2 1.05232 0.956655
1300 pop1 1.065 0.968185
1300 pop2 1.04608 0.950984
1400 pop1 1.06269 0.966084
1400 pop2 1.04628 0.951165
1500 pop1 1.06671 0.969735
1500 pop2 1.04278 0.947984
1600 pop1 1.06835 0.971231
1600 pop2 1.04106 0.946415
1700 pop1 1.06042 0.964022
1700 pop2 1.04987 0.954432
1800 pop1 1.06773 0.970666
1800 pop2 1.04151 0.946826
1900 pop1 1.05833 0.962119
1900 pop2 1.05385 0.958049
2000 pop1 1.059 0.96273
2000 pop2 1.05331 0.957554
2100 pop1 1.06087 0.964423
2100 pop2 1.05071 0.955195
2200 pop1 1.06292 0.966294
2200 pop2 1.04785 0.95259
2300 pop1 1.05379 0.957992
2300 pop2 1.05432 0.958472
2400 pop1 1.0524 0.956731
2400 pop2 1.0605 0.964091
2500 pop1 1.04761 0.952369
2500 pop2 1.06258 0.965982
2600 pop1 1.05092 0.955383
2600 pop2 1.06139 0.964897
2700 pop1 1.05899 0.96272
2700 pop2 1.05224 0.956585
2800 pop1 1.05901 0.962734
2800 pop2 1.04944 0.95404
2900 pop1 1.06384 0.967127
2900 pop2 1.04853 0.95321
3000 pop1 1.05307 0.957333
3000 pop2 1.05517 0.959246
3100 pop1 1.04924 0.953857
3100 pop2 1.06262 0.966017
3200 pop1 1.05641 0.960371
3200 pop2 1.05761 0.96146
3300 pop1 1.05781 0.961642
3300 pop2 1.05347 0.957701
3400 pop1 1.06032 0.963927
3400 pop2 1.05276 0.957056
3500 pop1 1.05182 0.956204
3500 pop2 1.06037 0.96397
3600 pop1 1.05915 0.962863
3600 pop2 1.0517 0.956091
3700 pop1 1.0665 0.969544
3700 pop2 1.0467 0.951543
3800 pop1 1.05837 0.962153
3800 pop2 1.05324 0.957488
3900 pop1 1.0579 0.961729
3900 pop2 1.05363 0.957849
4000 pop1 1.05434 0.958487
4000 pop2 1.05487 0.958968
4100 pop1 1.05063 0.95512
4100 pop2 1.0596 0.963271
4200 pop1 1.04485 0.94986
4200 pop2 1.0649 0.968091
4300 pop1 1.05373 0.957938
4300 pop2 1.05836 0.962142
4400 pop1 1.04738 0.952168
4400 pop2 1.06258 0.96598
4500 pop1 1.04937 0.953975
4500 pop2 1.0602 0.963819
4600 pop1 1.05397 0.958152
4600 pop2 1.05675 0.960678
4700 pop1 1.05801 0.961827
4700 pop2 1.05148 0.955893
4800 pop1 1.05029 0.954809
4800 pop2 1.05811 0.961914
4900 pop1 1.05242 0.956749
4900 pop2 1.05775 0.961588
5000 pop1 1.05298 0.957259
5000 pop2 1.06043 0.96403
