1 pop1 1.0 0.833333
1 pop2 1.0 0.833333
100 pop1 1.19119 0.992661
100 pop2 1.19176 0.993135
200 pop1 1.1921 0.993415
200 pop2 1.19292 0.994096
300 pop1 1.19273 0.993942
300 pop2 1.19571 0.996426
400 pop1 1.19273 0.993945
400 pop2 1.19319 0.994323
500 pop1 1.19494 0.99578
500 pop2 1.19152 0.99293
600 pop1 1.18871 0.990592
600 pop2 1.19466 0.995551
700 pop1 1.1922 0.993502
700 pop2 1.18808 0.990063
800 pop1 1.1933 0.994416
800 pop2 1.18748 0.989564
900 pop1 1.19208 0.993402
900 pop2 1.19175 0.993128
1000 pop1 1.19344 0.994532
1000 pop2 1.18848 0.990401
1100 pop1 1.19775 0.998122
1100 pop2 0.994153 0.828461
1200 pop1 1.2028 1.00233
1200 pop2 0.990194 0.825161
1300 pop1 1.20601 1.00501
1300 pop2 0.996182 0.830151
1400 pop1 1.20955 1.00796
1400 pop2 0.998986 0.832488
1500 pop1 1.20955 1.00796
1500 pop2 0.999493 0.832911
1600 pop1 1.20967 1.00806
1600 pop2 1.0 0.833333
1700 pop1 1.20845 1.00704
1700 pop2 1.0 0.833333
1800 pop1 1.21 1.00833
1800 pop2 1.0 0.833333
1900 pop1 1.21 1.00833
1900 pop2 1.0 0.833333
2000 pop1 1.21 1.00833
2000 pop2 1.0 0.833333
2100 pop1 1.21 1.00833
2100 pop2 1.0 0.833333
2200 pop1 1.21 1.00833
2200 pop2 1.0 0.833333
2300 pop1 1.21 1.00833
2300 pop2 1.0 0.833333
2400 pop1 1.21 1.00833
2400 pop2 1.0 0.833333
2500 pop1 1.21 1.00833
2500 pop2 1.0 0.833333
2600 pop1 1.21 1.00833
2600 pop2 1.0 0.833333
2700 pop1 1.21 1.00833
2700 pop2 1.0 0.833333
2800 pop1 1.21 1.00833
2800 pop2 1.0 0.833333
2900 pop1 1.21 1.00833
2900 pop2 1.0 0.833333
3000 pop1 1.21 1.00833
3000 pop2 1.0 0.833333
3100 pop1 1.21 1.00833
3100 pop2 1.0 0.833333
3200 pop1 1.21 1.00833
3200 pop2 1.0 0.833333
3300 pop1 1.21 1.00833
3300 pop2 1.0 0.833333
3400 pop1 1.21 1.00833
3400 pop2 1.0 0.833333
3500 pop1 1.21 1.00833
3500 pop2 1.0 0.833333
3600 pop1 1.21 1.00833
3600 pop2 1.0 0.833333
3700 pop1 1.21 1.00833
3700 pop2 1.0 0.833333
3800 pop1 1.21 1.00833
3800 pop2 1.0 0.833333
3900 pop1 1.21 1.00833
3900 pop2 1.0 0.833333
4000 pop1 1.21 1.00833
4000 pop2 1.0 0.833333
4100 pop1 1.21 1.00833
4100 pop2 1.0 0.833333
4200 pop1 1.21 1.00833
4200 pop2 1.0 0.833333
4300 pop1 1.21 1.00833
4300 pop2 1.0 0.833333
4400 pop1 1.21 1.00833
4400 pop2 1.0 0.833333
4500 pop1 1.21 1.00833
4500 pop2 1.0 0.833333
4600 pop1 1.21 1.00833
4600 pop2 1.0 0.833333
4700 pop1 1.21 1.00833
4700 pop2 1.0 0.833333
4800 pop1 1.21 1.00833
4800 pop2 1.0 0.833333
4900 pop1 1.21 1.00833
4900 pop2 1.0 0.833333
5000 pop1 1.21 1.00833
5000 pop2 1.0 0.833333
