1 pop1 1.0 0.980392
1 pop2 1.0 0.980392
100 pop1 0.998711 0.979128
100 pop2 1.0037 0.984016
200 pop1 0.995761 0.976236
200 pop2 1.00482 0.985121
300 pop1 0.997302 0.977747
300 pop2 1.00489 0.985188
400 pop1 0.996825 0.97728
400 pop2 1.00439 0.984701
500 pop1 0.996711 0.977167
500 pop2 1.00609 0.986359
600 pop1 0.993563 0.974081
600 pop2 1.00789 0.988126
700 pop1 0.991719 0.972273
700 pop2 1.01011 0.990301
800 pop1 0.989609 0.970205
800 pop2 1.01101 0.991188
900 pop1 0.990417 0.970997
900 pop2 1.01245 0.992602
1000 pop1 0.990828 0.9714
1000 pop2 1.01057 0.990752
1100 pop1 0.996393 0.976856
1100 pop2 1.00363 0.983951
1200 pop1 1.00156 0.981918
1200 pop2 1.00927 0.989483
1300 pop1 1.00402 0.984337
1300 pop2 1.01232 0.992467
1400 pop1 1.0039 0.98422
1400 pop2 1.01344 0.993567
1500 pop1 1.00387 0.984184
1500 pop2 1.01544 0.99553
1600 pop1 1.00444 0.984748
1600 pop2 1.01461 0.994718
1700 pop1 1.0051 0.98539
1700 pop2 1.01549 0.995576
1800 pop1 1.00552 0.985808
1800 pop2 1.01494 0.995044
1900 pop1 1.00591 0.986188
1900 pop2 1.01403 0.994151
2000 pop1 1.00456 0.984864
2000 pop2 1.01562 0.995705
2100 pop1 1.00342 0.983744
2100 pop2 1.01592 0.995996
2200 pop1 1.00389 0.984203
2200 pop2 1.01549 0.995577
2300 pop1 1.00413 0.984437
2300 pop2 1.01599 0.996073
2400 pop1 1.00324 0.98357
2400 pop2 1.0167 0.996766
2500 pop1 1.00266 0.983
2500 pop2 1.01726 0.997314
2600 pop1 1.00152 0.981881
2600 pop2 1.01877 0.998797
2700 pop1 1.0019 0.982252
2700 pop2 1.01819 0.998221
2800 pop1 1.0022 0.982553
2800 pop2 1.01865 0.99868
2900 pop1 1.00162 0.981976
2900 pop2 1.01879 0.998813
3000 pop1 1.00174 0.982093
3000 pop2 1.01798 0.998017
3100 pop1 1.00222 0.982569
3100 pop2 1.01764 0.997688
3200 pop1 1.00171 0.982064
3200 pop2 1.01837 0.998401
3300 pop1 1.00102 0.981394
3300 pop2 1.019 0.99902
3400 pop1 1.00021 0.980596
3400 pop2 1.01972 0.999722
3500 pop1 1.00006 0.98045
3500 pop2 1.02002 1.00002
3600 pop1 0.999915 0.980309
3600 pop2 1.02011 1.00011
3700 pop1 0.999916 0.98031
3700 pop2 1.02012 1.00011
3800 pop1 0.999915 0.980309
3800 pop2 1.02011 1.00011
3900 pop1 0.999916 0.980309
3900 pop2 1.02012 1.00011
4000 pop1 0.999916 0.98031
4000 pop2 1.02012 1.00011
4100 pop1 0.999915 0.980309
4100 pop2 1.02012 1.00011
4200 pop1 0.999914 0.980308
4200 pop2 1.02011 1.00011
4300 pop1 0.999913 0.980307
4300 pop2 1.02011 1.00011
4400 pop1 0.999912 0.980306
4400 pop2 1.02011 1.00011
4500 pop1 0.999913 0.980307
4500 pop2 1.02011 1.00011
4600 pop1 0.999912 0.980306
4600 pop2 1.02011 1.00011
4700 pop1 0.99991 0.980304
4700 pop2 1.02011 1.00011
4800 pop1 0.999911 0.980305
4800 pop2 1.02011 1.00011
4900 pop1 0.999912 0.980306
4900 pop2 1.02011 1.00011
5000 pop1 0.999911 0.980305
5000 pop2 1.02011 1.00011
