1 pop1 1.0 0.909091
1 pop2 1.0 0.909091
100 pop1 1.01492 0.922657
100 pop2 1.01356 0.921416
200 pop1 1.01556 0.923236
200 pop2 1.01243 0.920393
300 pop1 1.01882 0.926202
300 pop2 1.01317 0.92106
400 pop1 1.01259 0.920532
400 pop2 1.01358 0.921432
500 pop1 1.01096 0.919055
500 pop2 1.01822 0.925653
600 pop1 1.01005 0.91823
600 pop2 1.02014 0.927404
700 pop1 1.01501 0.922732
700 pop2 1.01034 0.918495
800 pop1 1.01587 0.923519
800 pop2 1.01492 0.922655
900 pop1 1.00982 0.918014
900 pop2 1.01714 0.924676
1000 pop1 1.01203 0.920024
1000 pop2 1.01499 0.922719
1100 pop1 1.05314 0.957396
1100 pop2 1.03916 0.944695
1200 pop1 1.04708 0.951893
1200 pop2 1.05782 0.961653
1300 pop1 1.04156 0.946875
1300 pop2 1.06453 0.967754
1400 pop1 1.03799 0.943625
1400 pop2 1.07029 0.97299
1500 pop1 1.04157 0.946886
1500 pop2 1.06756 0.97051
1600 pop1 1.03489 0.940807
1600 pop2 1.07165 0.974223
1700 pop1 1.04299 0.948172
1700 pop2 1.0655 0.968633
1800 pop1 1.03838 0.943984
1800 pop2 1.07064 0.973306
1900 pop1 1.03792 0.943561
1900 pop2 1.06797 0.970886
2000 pop1 1.04061 0.946012
2000 pop2 1.06656 0.969598
2100 pop1 1.04482 0.949837
2100 pop2 1.0633 0.96664
2200 pop1 1.0461 0.951001
2200 pop2 1.06379 0.967086
2300 pop1 1.05024 0.954768
2300 pop2 1.06178 0.965255
2400 pop1 1.05142 0.955833
2400 pop2 1.06077 0.964339
2500 pop1 1.055 0.959095
2500 pop2 1.05785 0.961684
2600 pop1 1.05606 0.960052
2600 pop2 1.05609 0.960083
2700 pop1 1.05722 0.961105
2700 pop2 1.05695 0.960862
2800 pop1 1.05449 0.958624
2800 pop2 1.0546 0.95873
2900 pop1 1.05933 0.963029
2900 pop2 1.05361 0.957825
3000 pop1 1.05473 0.958843
3000 pop2 1.05499 0.959085
3100 pop1 1.05342 0.957658
3100 pop2 1.0588 0.962548
3200 pop1 1.0586 0.962368
3200 pop2 1.04985 0.954409
3300 pop1 1.05471 0.958831
3300 pop2 1.05603 0.96003
3400 pop1 1.05216 0.956506
3400 pop2 1.06027 0.963882
3500 pop1 1.06231 0.965737
3500 pop2 1.05066 0.955143
3600 pop1 1.06376 0.967054
3600 pop2 1.04658 0.951432
3700 pop1 1.05941 0.963096
3700 pop2 1.05279 0.957078
3800 pop1 1.05984 0.963492
3800 pop2 1.0513 0.95573
3900 pop1 1.05479 0.958897
3900 pop2 1.05663 0.960576
4000 pop1 1.05995 0.963587
4000 pop2 1.04931 0.953914
4100 pop1 1.05928 0.962984
4100 pop2 1.05342 0.957658
4200 pop1 1.05656 0.960512
4200 pop2 1.05402 0.958199
4300 pop1 1.05294 0.957222
4300 pop2 1.05731 0.961189
4400 pop1 1.05589 0.959901
4400 pop2 1.05633 0.960301
4500 pop1 1.05884 0.962582
4500 pop2 1.05058 0.955074
4600 pop1 1.0575 0.961367
4600 pop2 1.05541 0.959463
4700 pop1 1.05648 0.960438
4700 pop2 1.053 0.957272
4800 pop1 1.06318 0.966523
4800 pop2 1.04762 0.952383
4900 pop1 1.0622 0.965633
4900 pop2 1.04859 0.95326
5000 pop1 1.0604 0.963998
5000 pop2 1.05075 0.955224
