1 pop1 1.0 0.980392
1 pop2 1.0 0.980392
100 pop1 0.999238 0.979645
100 pop2 1.00116 0.981529
200 pop1 1.00054 0.980918
200 pop2 1.00093 0.981304
300 pop1 1.00006 0.980452
300 pop2 1.00028 0.980666
400 pop1 0.998214 0.978642
400 pop2 1.00266 0.982996
500 pop1 0.998472 0.978894
500 pop2 1.00236 0.982709
600 pop1 0.998245 0.978671
600 pop2 1.00305 0.983384
700 pop1 0.997153 0.977601
700 pop2 1.00405 0.984363
800 pop1 0.996053 0.976523
800 pop2 1.00431 0.984618
900 pop1 0.99821 0.978637
900 pop2 1.00217 0.982517
1000 pop1 0.999748 0.980145
1000 pop2 1.00135 0.98172
1100 pop1 1.00244 0.982781
1100 pop2 1.00203 0.982381
1200 pop1 1.00899 0.989208
1200 pop2 1.00343 0.983754
1300 pop1 1.01146 0.991627
1300 pop2 1.00526 0.985548
1400 pop1 1.01207 0.992226
1400 pop2 1.00566 0.98594
1500 pop1 1.01354 0.993666
1500 pop2 1.00531 0.985595
1600 pop1 1.01137 0.991542
1600 pop2 1.00824 0.988467
1700 pop1 1.01209 0.992243
1700 pop2 1.00775 0.987992
1800 pop1 1.01274 0.992882
1800 pop2 1.00733 0.987581
1900 pop1 1.01255 0.992693
1900 pop2 1.0078 0.988036
2000 pop1 1.01346 0.993593
2000 pop2 1.00712 0.98737
2100 pop1 1.013 0.993141
2100 pop2 1.00717 0.987421
2200 pop1 1.01482 0.994924
2200 pop2 1.00495 0.985243
2300 pop1 1.01423 0.994345
2300 pop2 1.00626 0.986531
2400 pop1 1.01481 0.994909
2400 pop2 1.00559 0.985869
2500 pop1 1.01468 0.994786
2500 pop2 1.00562 0.985901
2600 pop1 1.01457 0.994679
2600 pop2 1.00553 0.985818
2700 pop1 1.01384 0.993966
2700 pop2 1.00666 0.986921
2800 pop1 1.01256 0.992705
2800 pop2 1.00747 0.98772
2900 pop1 1.01353 0.99366
2900 pop2 1.00722 0.987473
3000 pop1 1.01224 0.992395
3000 pop2 1.00822 0.988453
3100 pop1 1.01306 0.993196
3100 pop2 1.00759 0.987834
3200 pop1 1.01437 0.994476
3200 pop2 1.00592 0.986196
3300 pop1 1.01344 0.993569
3300 pop2 1.00729 0.98754
3400 pop1 1.01173 0.991892
3400 pop2 1.00902 0.989234
3500 pop1 1.01126 0.991432
3500 pop2 1.00971 0.989908
3600 pop1 1.01143 0.991595
3600 pop2 1.0093 0.989509
3700 pop1 1.0107 0.990882
3700 pop2 1.00942 0.989631
3800 pop1 1.00995 0.99015
3800 pop2 1.01066 0.990841
3900 pop1 1.00869 0.988907
3900 pop2 1.01141 0.99158
4000 pop1 1.0091 0.989312
4000 pop2 1.01125 0.991423
4100 pop1 1.00948 0.989688
4100 pop2 1.01126 0.991435
4200 pop1 1.00873 0.988951
4200 pop2 1.01159 0.991758
4300 pop1 1.00925 0.989457
4300 pop2 1.0121 0.992258
4400 pop1 1.00739 0.987638
4400 pop2 1.01327 0.993399
4500 pop1 1.00653 0.986795
4500 pop2 1.01408 0.994193
4600 pop1 1.00608 0.986352
4600 pop2 1.01473 0.994832
4700 pop1 1.00688 0.987139
4700 pop2 1.01366 0.993782
4800 pop1 1.00498 0.985277
4800 pop2 1.0151 0.995192
4900 pop1 1.00512 0.985413
4900 pop2 1.01524 0.995335
5000 pop1 1.00497 0.985268
5000 pop2 1.01521 0.995309
