1 pop1 1.0 0.980392
1 pop2 1.0 0.980392
100 pop1 1.00118 0.981554
100 pop2 1.00023 0.980616
200 pop1 1.00249 0.982837
200 pop2 0.998486 0.978908
300 pop1 1.00766 0.9879
300 pop2 0.994787 0.975281
400 pop1 1.00908 0.989293
400 pop2 0.992402 0.972943
500 pop1 1.00962 0.98982
500 pop2 0.991642 0.972198
600 pop1 1.00712 0.987369
600 pop2 0.994544 0.975043
700 pop1 1.00477 0.985067
700 pop2 0.997615 0.978054
800 pop1 1.00368 0.983999
800 pop2 0.997933 0.978365
900 pop1 1.00389 0.984207
900 pop2 0.998325 0.97875
1000 pop1 1.00249 0.982833
1000 pop2 0.998032 0.978463
1100 pop1 1.01102 0.991196
1100 pop2 0.995265 0.97575
1200 pop1 1.01535 0.99544
1200 pop2 0.994286 0.97479
1300 pop1 1.01649 0.996557
1300 pop2 0.995163 0.97565
1400 pop1 1.01793 0.997975
1400 pop2 0.996041 0.976511
1500 pop1 1.01903 0.999046
1500 pop2 0.997153 0.977601
1600 pop1 1.01988 0.999881
1600 pop2 0.998074 0.978504
1700 pop1 1.02004 1.00004
1700 pop2 0.998987 0.979399
1800 pop1 1.0201 1.0001
1800 pop2 0.998998 0.97941
1900 pop1 1.0201 1.0001
1900 pop2 0.999597 0.979997
2000 pop1 1.0201 1.0001
2000 pop2 0.999657 0.980056
2100 pop1 1.0201 1.0001
2100 pop2 0.999378 0.979782
2200 pop1 1.0201 1.0001
2200 pop2 0.999733 0.98013
2300 pop1 1.0201 1.0001
2300 pop2 0.99984 0.980236
2400 pop1 1.0201 1.0001
2400 pop2 1.0 0.980392
2500 pop1 1.0201 1.0001
2500 pop2 1.0 0.980392
2600 pop1 1.0201 1.0001
2600 pop2 1.0 0.980392
2700 pop1 1.0201 1.0001
2700 pop2 1.0 0.980392
2800 pop1 1.0201 1.0001
2800 pop2 1.0 0.980392
2900 pop1 1.0201 1.0001
2900 pop2 1.0 0.980392
3000 pop1 1.0201 1.0001
3000 pop2 1.0 0.980392
3100 pop1 1.0201 1.0001
3100 pop2 1.0 0.980392
3200 pop1 1.0201 1.0001
3200 pop2 1.0 0.980392
3300 pop1 1.0201 1.0001
3300 pop2 1.0 0.980392
3400 pop1 1.0201 1.0001
3400 pop2 1.0 0.980392
3500 pop1 1.0201 1.0001
3500 pop2 1.0 0.980392
3600 pop1 1.0201 1.0001
3600 pop2 1.0 0.980392
3700 pop1 1.0201 1.0001
3700 pop2 1.0 0.980392
3800 pop1 1.0201 1.0001
3800 pop2 1.0 0.980392
3900 pop1 1.0201 1.0001
3900 pop2 1.0 0.980392
4000 pop1 1.0201 1.0001
4000 pop2 1.0 0.980392
4100 pop1 1.0201 1.0001
4100 pop2 1.0 0.980392
4200 pop1 1.0201 1.0001
4200 pop2 1.0 0.980392
4300 pop1 1.0201 1.0001
4300 pop2 1.0 0.980392
4400 pop1 1.0201 1.0001
4400 pop2 1.0 0.980392
4500 pop1 1.0201 1.0001
4500 pop2 1.0 0.980392
4600 pop1 1.0201 1.0001
4600 pop2 1.0 0.980392
4700 pop1 1.0201 1.0001
4700 pop2 1.0 0.980392
4800 pop1 1.0201 1.0001
4800 pop2 1.0 0.980392
4900 pop1 1.0201 1.0001
4900 pop2 1.0 0.980392
5000 pop1 1.0201 1.0001
5000 pop2 1.0 0.980392
