1 pop1 1.0 0.980392
1 pop2 1.0 0.980392
100 pop1 0.99888 0.979294
100 pop2 1.00301 0.983346
200 pop1 0.998319 0.978744
200 pop2 1.00391 0.984227
300 pop1 0.998212 0.978639
300 pop2 1.00449 0.984796
400 pop1 0.997177 0.977625
400 pop2 1.00575 0.986026
500 pop1 0.99626 0.976726
500 pop2 1.00575 0.986025
600 pop1 0.994333 0.974836
600 pop2 1.00762 0.987863
700 pop1 0.994336 0.974839
700 pop2 1.00797 0.988209
800 pop1 0.994128 0.974635
800 pop2 1.00719 0.98744
900 pop1 0.993012 0.973541
900 pop2 1.00865 0.988875
1000 pop1 0.993321 0.973844
1000 pop2 1.0078 0.988042
1100 pop1 1.00358 0.983902
1100 pop2 0.997092 0.977542
1200 pop1 1.01065 0.990832
1200 pop2 0.996355 0.976818
1300 pop1 1.0144 0.994514
1300 pop2 0.996155 0.976622
1400 pop1 1.01536 0.995454
1400 pop2 0.997401 0.977844
1500 pop1 1.01925 0.999266
1500 pop2 0.997894 0.978328
1600 pop1 1.0201 1.0001
1600 pop2 0.998775 0.979192
1700 pop1 1.0201 1.0001
1700 pop2 0.998548 0.978968
1800 pop1 1.0201 1.0001
1800 pop2 0.998636 0.979055
1900 pop1 1.0201 1.0001
1900 pop2 0.99953 0.979931
2000 pop1 1.0201 1.0001
2000 pop2 0.999852 0.980247
2100 pop1 1.0201 1.0001
2100 pop2 0.999896 0.98029
2200 pop1 1.0201 1.0001
2200 pop2 1.0 0.980392
2300 pop1 1.0201 1.0001
2300 pop2 1.0 0.980392
2400 pop1 1.0201 1.0001
2400 pop2 1.0 0.980392
2500 pop1 1.0201 1.0001
2500 pop2 1.0 0.980392
2600 pop1 1.0201 1.0001
2600 pop2 1.0 0.980392
2700 pop1 1.0201 1.0001
2700 pop2 1.0 0.980392
2800 pop1 1.0201 1.0001
2800 pop2 1.0 0.980392
2900 pop1 1.0201 1.0001
2900 pop2 1.0 0.980392
3000 pop1 1.0201 1.0001
3000 pop2 1.0 0.980392
3100 pop1 1.0201 1.0001
3100 pop2 1.0 0.980392
3200 pop1 1.0201 1.0001
3200 pop2 1.0 0.980392
3300 pop1 1.0201 1.0001
3300 pop2 1.0 0.980392
3400 pop1 1.0201 1.0001
3400 pop2 1.0 0.980392
3500 pop1 1.0201 1.0001
3500 pop2 1.0 0.980392
3600 pop1 1.0201 1.0001
3600 pop2 1.0 0.980392
3700 pop1 1.0201 1.0001
3700 pop2 1.0 0.980392
3800 pop1 1.0201 1.0001
3800 pop2 1.0 0.980392
3900 pop1 1.0201 1.0001
3900 pop2 1.0 0.980392
4000 pop1 1.0201 1.0001
4000 pop2 1.0 0.980392
4100 pop1 1.0201 1.0001
4100 pop2 1.0 0.980392
4200 pop1 1.0201 1.0001
4200 pop2 1.0 0.980392
4300 pop1 1.0201 1.0001
4300 pop2 1.0 0.980392
4400 pop1 1.0201 1.0001
4400 pop2 1.0 0.980392
4500 pop1 1.0201 1.0001
4500 pop2 1.0 0.980392
4600 pop1 1.0201 1.0001
4600 pop2 1.0 0.980392
4700 pop1 1.0201 1.0001
4700 pop2 1.0 0.980392
4800 pop1 1.0201 1.0001
4800 pop2 1.0 0.980392
4900 pop1 1.0201 1.0001
4900 pop2 1.0 0.980392
5000 pop1 1.0201 1.0001
5000 pop2 1.0 0.980392
