1 pop1 1.0 0.909091
1 pop2 1.0 0.909091
100 pop1 1.02043 0.927663
100 pop2 1.01869 0.926084
200 pop1 1.01218 0.920162
200 pop2 1.01587 0.923523
300 pop1 1.01993 0.92721
300 pop2 1.00934 0.91758
400 pop1 1.01279 0.920718
400 pop2 1.0105 0.918637
500 pop1 1.01389 0.921714
500 pop2 1.01747 0.924975
600 pop1 1.01303 0.920933
600 pop2 1.01957 0.926885
700 pop1 1.01647 0.92406
700 pop2 1.01656 0.924144
800 pop1 1.01094 0.919039
800 pop2 1.01737 0.924881
900 pop1 1.01393 0.921752
900 pop2 1.01265 0.920591
1000 pop1 1.0191 0.92645
1000 pop2 1.00908 0.91735
1100 pop1 1.06051 0.964099
1100 pop2 1.04381 0.94892
1200 pop1 1.04795 0.952686
1200 pop2 1.05749 0.961357
1300 pop1 1.0531 0.957364
1300 pop2 1.05753 0.961388
1400 pop1 1.05548 0.959525
1400 pop2 1.05289 0.957176
1500 pop1 1.04821 0.952916
1500 pop2 1.06575 0.968864
1600 pop1 1.04838 0.953076
1600 pop2 1.06193 0.965394
1700 pop1 1.05419 0.958359
1700 pop2 1.05765 0.961504
1800 pop1 1.05032 0.95484
1800 pop2 1.06016 0.963785
1900 pop1 1.05962 0.963294
1900 pop2 1.05285 0.957136
2000 pop1 1.05524 0.959313
2000 pop2 1.05595 0.959954
2100 pop1 1.05969 0.963353
2100 pop2 1.0539 0.958088
2200 pop1 1.05425 0.958408
2200 pop2 1.0554 0.959458
2300 pop1 1.06309 0.966441
2300 pop2 1.0487 0.953367
2400 pop1 1.05689 0.960808
2400 pop2 1.05324 0.957493
2500 pop1 1.0599 0.963545
2500 pop2 1.04937 0.953972
2600 pop1 1.06236 0.965778
2600 pop2 1.04634 0.951217
2700 pop1 1.05743 0.961296
2700 pop2 1.05302 0.957291
2800 pop1 1.05328 0.957532
2800 pop2 1.06046 0.964056
2900 pop1 1.05579 0.959808
2900 pop2 1.05544 0.95949
3000 pop1 1.05791 0.961734
3000 pop2 1.05207 0.956429
3100 pop1 1.0585 0.962275
3100 pop2 1.05537 0.959429
3200 pop1 1.06305 0.966409
3200 pop2 1.04563 0.950573
3300 pop1 1.0626 0.966004
3300 pop2 1.04875 0.953406
3400 pop1 1.05746 0.961327
3400 pop2 1.05412 0.958288
3500 pop1 1.05287 0.957152
3500 pop2 1.05831 0.962101
3600 pop1 1.05727 0.961153
3600 pop2 1.05416 0.958329
3700 pop1 1.05087 0.95534
3700 pop2 1.06059 0.964172
3800 pop1 1.05626 0.960235
3800 pop2 1.05454 0.958671
3900 pop1 1.05095 0.955407
3900 pop2 1.05989 0.963533
4000 pop1 1.05488 0.958978
4000 pop2 1.05759 0.961443
4100 pop1 1.05344 0.957674
4100 pop2 1.05971 0.963368
4200 pop1 1.05911 0.962824
4200 pop2 1.05158 0.955982
4300 pop1 1.06042 0.96402
4300 pop2 1.05303 0.957299
4400 pop1 1.05878 0.962524
4400 pop2 1.05001 0.954556
4500 pop1 1.06057 0.964154
4500 pop2 1.04768 0.952435
4600 pop1 1.05917 0.962883
4600 pop2 1.05181 0.956195
4700 pop1 1.05989 0.963532
4700 pop2 1.05431 0.958465
4800 pop1 1.0563 0.96027
4800 pop2 1.05522 0.959292
4900 pop1 1.05 0.954548
4900 pop2 1.06258 0.965978
5000 pop1 1.04846 0.953147
5000 pop2 1.06295 0.966319
