1 pop1 1.0 0.909091
1 pop2 1.0 0.909091
100 pop1 1.01206 0.920052
100 pop2 1.02187 0.928971
200 pop1 1.01349 0.921355
200 pop2 1.01462 0.922381
300 pop1 1.02454 0.931399
300 pop2 1.00861 0.916922
400 pop1 1.01969 0.926988
400 pop2 1.01312 0.921016
500 pop1 1.01291 0.920829
500 pop2 1.01806 0.925509
600 pop1 1.01701 0.924554
600 pop2 1.00364 0.912403
700 pop1 1.01734 0.924856
700 pop2 1.01101 0.919097
800 pop1 1.01968 0.926981
800 pop2 1.00679 0.915268
900 pop1 1.0179 0.925361
900 pop2 1.01339 0.92126
1000 pop1 1.01139 0.919443
1000 pop2 1.01707 0.924605
1100 pop1 1.05203 0.956394
1100 pop2 1.04821 0.952921
1200 pop1 1.04512 0.950113
1200 pop2 1.0569 0.960818
1300 pop1 1.03737 0.943062
1300 pop2 1.07117 0.973788
1400 pop1 1.03999 0.945444
1400 pop2 1.0676 0.970545
1500 pop1 1.04093 0.946303
1500 pop2 1.06561 0.96874
1600 pop1 1.04246 0.94769
1600 pop2 1.06541 0.968558
1700 pop1 1.05026 0.954782
1700 pop2 1.0578 0.961634
1800 pop1 1.05471 0.958827
1800 pop2 1.05789 0.961723
1900 pop1 1.05204 0.956397
1900 pop2 1.05692 0.96084
2000 pop1 1.04998 0.954523
2000 pop2 1.0597 0.963365
2100 pop1 1.05005 0.95459
2100 pop2 1.06306 0.966417
2200 pop1 1.05029 0.95481
2200 pop2 1.0603 0.963908
2300 pop1 1.0561 0.960092
2300 pop2 1.05603 0.960026
2400 pop1 1.05257 0.956879
2400 pop2 1.05719 0.961085
2500 pop1 1.05348 0.957709
2500 pop2 1.05834 0.962131
2600 pop1 1.04932 0.95393
2600 pop2 1.05835 0.962136
2700 pop1 1.05091 0.955375
2700 pop2 1.05827 0.962065
2800 pop1 1.0554 0.959458
2800 pop2 1.05729 0.961177
2900 pop1 1.04971 0.95428
2900 pop2 1.06005 0.963685
3000 pop1 1.05527 0.95934
3000 pop2 1.05751 0.961368
3100 pop1 1.05454 0.958669
3100 pop2 1.05646 0.960419
3200 pop1 1.05715 0.961049
3200 pop2 1.05496 0.959053
3300 pop1 1.06019 0.963808
3300 pop2 1.05046 0.954961
3400 pop1 1.05465 0.958769
3400 pop2 1.0576 0.961459
3500 pop1 1.05475 0.958868
3500 pop2 1.058 0.961818
3600 pop1 1.06319 0.966539
3600 pop2 1.04743 0.952208
3700 pop1 1.06129 0.964809
3700 pop2 1.05274 0.957035
3800 pop1 1.05603 0.960025
3800 pop2 1.05932 0.96302
3900 pop1 1.05824 0.962035
3900 pop2 1.05512 0.959203
4000 pop1 1.05332 0.957565
4000 pop2 1.05793 0.961757
4100 pop1 1.05931 0.963005
4100 pop2 1.05101 0.955462
4200 pop1 1.06394 0.967218
4200 pop2 1.04593 0.950842
4300 pop1 1.05984 0.963491
4300 pop2 1.05033 0.954849
4400 pop1 1.05647 0.960427
4400 pop2 1.05627 0.960249
4500 pop1 1.05456 0.958686
4500 pop2 1.05492 0.959018
4600 pop1 1.05471 0.95883
4600 pop2 1.05446 0.9586
4700 pop1 1.0512 0.955636
4700 pop2 1.05749 0.961359
4800 pop1 1.0633 0.966635
4800 pop2 1.0516 0.955999
4900 pop1 1.06303 0.966387
4900 pop2 1.05018 0.954707
5000 pop1 1.05886 0.962603
5000 pop2 1.04899 0.95363
