1 pop1 1.0 0.833333
1 pop2 1.0 0.833333
100 pop1 1.19165 0.993043
100 pop2 1.1861 0.988416
200 pop1 1.19484 0.995701
200 pop2 1.18993 0.99161
300 pop1 1.19178 0.993149
300 pop2 1.18973 0.991439
400 pop1 1.1907 0.992253
400 pop2 1.18884 0.990698
500 pop1 1.19089 0.992412
500 pop2 1.19464 0.995537
600 pop1 1.19247 0.993722
600 pop2 1.19254 0.993782
700 pop1 1.18934 0.991114
700 pop2 1.18742 0.989518
800 pop1 1.1885 0.990413
800 pop2 1.19058 0.99215
900 pop1 1.19302 0.994182
900 pop2 1.19283 0.994029
1000 pop1 1.19305 0.994206
1000 pop2 1.19332 0.99443
1100 pop1 1.19015 0.991789
1100 pop2 1.19341 0.994505
1200 pop1 1.19084 0.992369
1200 pop2 1.19052 0.992102
1300 pop1 1.19133 0.992775
1300 pop2 1.19258 0.993816
1400 pop1 1.18732 0.989434
1400 pop2 1.19058 0.992154
1500 pop1 1.19218 0.993481
1500 pop2 1.18819 0.99016
1600 pop1 1.18868 0.990564
1600 pop2 1.18805 0.990038
1700 pop1 1.18651 0.988761
1700 pop2 1.19355 0.994621
1800 pop1 1.19324 0.994363
1800 pop2 1.19336 0.994464
1900 pop1 1.1914 0.992835
1900 pop2 1.18968 0.991401
2000 pop1 1.19361 0.994677
2000 pop2 1.19178 0.99315
2100 pop1 1.19071 0.992258
2100 pop2 1.18539 0.987825
2200 pop1 1.19062 0.99218
2200 pop2 1.19165 0.993043
2300 pop1 1.19365 0.994711
2300 pop2 1.19083 0.992361
2400 pop1 1.19156 0.992965
2400 pop2 1.19297 0.994146
2500 pop1 1.19103 0.992527
2500 pop2 1.19257 0.993812
2600 pop1 1.19031 0.991923
2600 pop2 1.1942 0.995166
2700 pop1 1.18968 0.9914
2700 pop2 1.19385 0.994879
2800 pop1 1.19231 0.993595
2800 pop2 1.1929 0.994086
2900 pop1 1.19305 0.994212
2900 pop2 1.19266 0.993883
3000 pop1 1.19387 0.994892
3000 pop2 1.19574 0.996447
3100 pop1 1.1941 0.995086
3100 pop2 1.1919 0.993248
3200 pop1 1.19346 0.994551
3200 pop2 1.19365 0.994708
3300 pop1 1.19098 0.992482
3300 pop2 1.19349 0.994579
3400 pop1 1.19333 0.994443
3400 pop2 1.19831 0.998588
3500 pop1 1.18885 0.990706
3500 pop2 1.19154 0.992952
3600 pop1 1.19482 0.995683
3600 pop2 1.18811 0.990092
3700 pop1 1.19659 0.997155
3700 pop2 1.18876 0.990637
3800 pop1 1.19476 0.995634
3800 pop2 1.19264 0.993867
3900 pop1 1.1912 0.992669
3900 pop2 1.19264 0.993871
4000 pop1 1.19264 0.993869
4000 pop2 1.18782 0.989853
4100 pop1 1.19457 0.995477
4100 pop2 1.18799 0.98999
4200 pop1 1.19742 0.997848
4200 pop2 1.19489 0.995743
4300 pop1 1.18707 0.989226
4300 pop2 1.19042 0.99202
4400 pop1 1.19435 0.995295
4400 pop2 1.19254 0.993781
4500 pop1 1.19273 0.993945
4500 pop2 1.19061 0.992171
4600 pop1 1.19229 0.993572
4600 pop2 1.18707 0.989221
4700 pop1 1.19234 0.993616
4700 pop2 1.19056 0.992136
4800 pop1 1.18994 0.991616
4800 pop2 1.19505 0.995875
4900 pop1 1.19262 0.993853
4900 pop2 1.19362 0.99468
5000 pop1 1.18827 0.990229
5000 pop2 1.19071 0.992257
