1 pop1 1.0 0.980392
1 pop2 1.0 0.980392
100 pop1 0.997205 0.977652
100 pop2 1.00776 0.987996
200 pop1 0.99848 0.978902
200 pop2 1.0054 0.985682
300 pop1 0.998213 0.978641
300 pop2 1.00583 0.986106
400 pop1 0.997229 0.977675
400 pop2 1.00545 0.985735
500 pop1 1.00026 0.980649
500 pop2 1.00293 0.983261
600 pop1 1.00113 0.981496
600 pop2 1.00275 0.983093
700 pop1 1.00168 0.982035
700 pop2 1.00288 0.983215
800 pop1 0.999149 0.979558
800 pop2 1.00343 0.983758
900 pop1 1.00351 0.983833
900 pop2 1.00127 0.981635
1000 pop1 0.999729 0.980126
1000 pop2 1.00333 0.983661
1100 pop1 1.00981 0.990012
1100 pop2 0.996701 0.977158
1200 pop1 1.01408 0.994194
1200 pop2 0.996521 0.976982
1300 pop1 1.01711 0.997167
1300 pop2 0.997974 0.978406
1400 pop1 1.01885 0.998873
1400 pop2 0.997137 0.977585
1500 pop1 1.01997 0.999968
1500 pop2 0.998353 0.978777
1600 pop1 1.0201 1.00009
1600 pop2 0.998073 0.978503
1700 pop1 1.0201 1.0001
1700 pop2 0.998732 0.979149
1800 pop1 1.0201 1.0001
1800 pop2 0.998464 0.978886
1900 pop1 1.0201 1.0001
1900 pop2 0.999561 0.979962
2000 pop1 1.0201 1.0001
2000 pop2 0.999405 0.979809
2100 pop1 1.0201 1.0001
2100 pop2 0.999972 0.980365
2200 pop1 1.0201 1.0001
2200 pop2 1.0 0.980392
2300 pop1 1.0201 1.0001
2300 pop2 1.0 0.980392
2400 pop1 1.0201 1.0001
2400 pop2 1.0 0.980392
2500 pop1 1.0201 1.0001
2500 pop2 1.0 0.980392
2600 pop1 1.0201 1.0001
2600 pop2 1.0 0.980392
2700 pop1 1.0201 1.0001
2700 pop2 1.0 0.980392
2800 pop1 1.0201 1.0001
2800 pop2 1.0 0.980392
2900 pop1 1.0201 1.0001
2900 pop2 1.0 0.980392
3000 pop1 1.0201 1.0001
3000 pop2 1.0 0.980392
3100 pop1 1.0201 1.0001
3100 pop2 1.0 0.980392
3200 pop1 1.0201 1.0001
3200 pop2 1.0 0.980392
3300 pop1 1.0201 1.0001
3300 pop2 1.0 0.980392
3400 pop1 1.0201 1.0001
3400 pop2 1.0 0.980392
3500 pop1 1.0201 1.0001
3500 pop2 1.0 0.980392
3600 pop1 1.0201 1.0001
3600 pop2 1.0 0.980392
3700 pop1 1.0201 1.0001
3700 pop2 1.0 0.980392
3800 pop1 1.0201 1.0001
3800 pop2 1.0 0.980392
3900 pop1 1.0201 1.0001
3900 pop2 1.0 0.980392
4000 pop1 1.0201 1.0001
4000 pop2 1.0 0.980392
4100 pop1 1.0201 1.0001
4100 pop2 1.0 0.980392
4200 pop1 1.0201 1.0001
4200 pop2 1.0 0.980392
4300 pop1 1.0201 1.0001
4300 pop2 1.0 0.980392
4400 pop1 1.0201 1.0001
4400 pop2 1.0 0.980392
4500 pop1 1.0201 1.0001
4500 pop2 1.0 0.980392
4600 pop1 1.0201 1.0001
4600 pop2 1.0 0.980392
4700 pop1 1.0201 1.0001
4700 pop2 1.0 0.980392
4800 pop1 1.0201 1.0001
4800 pop2 1.0 0.980392
4900 pop1 1.0201 1.0001
4900 pop2 1.0 0.980392
5000 pop1 1.0201 1.0001
5000 pop2 1.0 0.980392
