1 pop1 1.0 0.909091
1 pop2 1.0 0.909091
100 pop1 1.02289 0.929903
100 pop2 1.02105 0.928225
200 pop1 1.01431 0.922096
200 pop2 1.025 0.931814
300 pop1 1.01744 0.924944
300 pop2 1.01771 0.925195
400 pop1 1.01884 0.926215
400 pop2 1.02189 0.928994
500 pop1 1.02029 0.927539
500 pop2 1.02465 0.931502
600 pop1 1.02622 0.932926
600 pop2 1.01957 0.926883
700 pop1 1.01232 0.920287
700 pop2 1.02541 0.932194
800 pop1 1.00956 0.917785
800 pop2 1.02994 0.936306
900 pop1 1.00836 0.916694
900 pop2 1.02772 0.934295
1000 pop1 1.01519 0.922897
1000 pop2 1.0288 0.935273
1100 pop1 1.08944 0.990396
1100 pop2 0.975215 0.886559
1200 pop1 1.1004 1.00036
1200 pop2 0.988042 0.89822
1300 pop1 1.10258 1.00235
1300 pop2 0.995537 0.905034
1400 pop1 1.10251 1.00228
1400 pop2 0.999783 0.908893
1500 pop1 1.10251 1.00228
1500 pop2 0.999348 0.908498
1600 pop1 1.1025 1.00227
1600 pop2 0.99996 0.909055
1700 pop1 1.1025 1.00227
1700 pop2 1.0 0.909091
1800 pop1 1.1025 1.00227
1800 pop2 1.0 0.909091
1900 pop1 1.1025 1.00227
1900 pop2 1.0 0.909091
2000 pop1 1.1025 1.00227
2000 pop2 1.0 0.909091
2100 pop1 1.1025 1.00227
2100 pop2 1.0 0.909091
2200 pop1 1.1025 1.00227
2200 pop2 1.0 0.909091
2300 pop1 1.1025 1.00227
2300 pop2 1.0 0.909091
2400 pop1 1.1025 1.00227
2400 pop2 1.0 0.909091
2500 pop1 1.1025 1.00227
2500 pop2 1.0 0.909091
2600 pop1 1.1025 1.00227
2600 pop2 1.0 0.909091
2700 pop1 1.1025 1.00227
2700 pop2 1.0 0.909091
2800 pop1 1.1025 1.00227
2800 pop2 1.0 0.909091
2900 pop1 1.1025 1.00227
2900 pop2 1.0 0.909091
3000 pop1 1.1025 1.00227
3000 pop2 1.0 0.909091
3100 pop1 1.1025 1.00227
3100 pop2 1.0 0.909091
3200 pop1 1.1025 1.00227
3200 pop2 1.0 0.909091
3300 pop1 1.1025 1.00227
3300 pop2 1.0 0.909091
3400 pop1 1.1025 1.00227
3400 pop2 1.0 0.909091
3500 pop1 1.1025 1.00227
3500 pop2 1.0 0.909091
3600 pop1 1.1025 1.00227
3600 pop2 1.0 0.909091
3700 pop1 1.1025 1.00227
3700 pop2 1.0 0.909091
3800 pop1 1.1025 1.00227
3800 pop2 1.0 0.909091
3900 pop1 1.1025 1.00227
3900 pop2 1.0 0.909091
4000 pop1 1.1025 1.00227
4000 pop2 1.0 0.909091
4100 pop1 1.1025 1.00227
4100 pop2 1.0 0.909091
4200 pop1 1.1025 1.00227
4200 pop2 1.0 0.909091
4300 pop1 1.1025 1.00227
4300 pop2 1.0 0.909091
4400 pop1 1.1025 1.00227
4400 pop2 1.0 0.909091
4500 pop1 1.1025 1.00227
4500 pop2 1.0 0.909091
4600 pop1 1.1025 1.00227
4600 pop2 1.0 0.909091
4700 pop1 1.1025 1.00227
4700 pop2 1.0 0.909091
4800 pop1 1.1025 1.00227
4800 pop2 1.0 0.909091
4900 pop1 1.1025 1.00227
4900 pop2 1.0 0.909091
5000 pop1 1.1025 1.00227
5000 pop2 1.0 0.909091
