1 pop1 1.0 0.980392
1 pop2 1.0 0.980392
100 pop1 1.0046 0.984903
100 pop2 0.998709 0.979127
200 pop1 1.00548 0.985762
200 pop2 0.998382 0.978806
300 pop1 1.00067 0.981051
300 pop2 1.00154 0.981903
400 pop1 1.00025 0.980634
400 pop2 1.00399 0.984301
500 pop1 1.00051 0.980897
500 pop2 1.00374 0.984057
600 pop1 0.998034 0.978465
600 pop2 1.00502 0.985311
700 pop1 1.00088 0.981252
700 pop2 1.00416 0.984471
800 pop1 1.00262 0.982963
800 pop2 1.00314 0.983474
900 pop1 0.997622 0.978061
900 pop2 1.00641 0.986672
1000 pop1 0.997634 0.978073
1000 pop2 1.00532 0.985609
1100 pop1 1.00654 0.986807
1100 pop2 0.995933 0.976405
1200 pop1 1.0097 0.989904
1200 pop2 0.99567 0.976147
1300 pop1 1.01124 0.991414
1300 pop2 0.995643 0.97612
1400 pop1 1.01628 0.996348
1400 pop2 0.99337 0.973892
1500 pop1 1.01811 0.99815
1500 pop2 0.992876 0.973408
1600 pop1 1.0184 0.998431
1600 pop2 0.994078 0.974586
1700 pop1 1.01924 0.999259
1700 pop2 0.9942 0.974706
1800 pop1 1.01901 0.999029
1800 pop2 0.994821 0.975315
1900 pop1 1.01967 0.999675
1900 pop2 0.995925 0.976397
2000 pop1 1.01992 0.999924
2000 pop2 0.997025 0.977475
2100 pop1 1.02011 1.00011
2100 pop2 0.997293 0.977738
2200 pop1 1.0201 1.0001
2200 pop2 0.998983 0.979395
2300 pop1 1.0201 1.0001
2300 pop2 0.998983 0.979395
2400 pop1 1.0201 1.0001
2400 pop2 0.999777 0.980173
2500 pop1 1.0201 1.0001
2500 pop2 0.999649 0.980048
2600 pop1 1.0201 1.0001
2600 pop2 0.999856 0.980251
2700 pop1 1.0201 1.0001
2700 pop2 0.999872 0.980267
2800 pop1 1.0201 1.0001
2800 pop2 0.999984 0.980376
2900 pop1 1.0201 1.0001
2900 pop2 1.0 0.980392
3000 pop1 1.0201 1.0001
3000 pop2 1.0 0.980392
3100 pop1 1.0201 1.0001
3100 pop2 1.0 0.980392
3200 pop1 1.0201 1.0001
3200 pop2 1.0 0.980392
3300 pop1 1.0201 1.0001
3300 pop2 1.0 0.980392
3400 pop1 1.0201 1.0001
3400 pop2 1.0 0.980392
3500 pop1 1.0201 1.0001
3500 pop2 1.0 0.980392
3600 pop1 1.0201 1.0001
3600 pop2 1.0 0.980392
3700 pop1 1.0201 1.0001
3700 pop2 1.0 0.980392
3800 pop1 1.0201 1.0001
3800 pop2 1.0 0.980392
3900 pop1 1.0201 1.0001
3900 pop2 1.0 0.980392
4000 pop1 1.0201 1.0001
4000 pop2 1.0 0.980392
4100 pop1 1.0201 1.0001
4100 pop2 1.0 0.980392
4200 pop1 1.0201 1.0001
4200 pop2 1.0 0.980392
4300 pop1 1.0201 1.0001
4300 pop2 1.0 0.980392
4400 pop1 1.0201 1.0001
4400 pop2 1.0 0.980392
4500 pop1 1.0201 1.0001
4500 pop2 1.0 0.980392
4600 pop1 1.0201 1.0001
4600 pop2 1.0 0.980392
4700 pop1 1.0201 1.0001
4700 pop2 1.0 0.980392
4800 pop1 1.0201 1.0001
4800 pop2 1.0 0.980392
4900 pop1 1.0201 1.0001
4900 pop2 1.0 0.980392
5000 pop1 1.0201 1.0001
5000 pop2 1.0 0.980392
