1 pop1 1.0 0.980392
1 pop2 1.0 0.980392
100 pop1 1.00676 0.987017
100 pop2 1.00704 0.987293
200 pop1 1.00858 0.988806
200 pop2 1.00857 0.988797
300 pop1 1.00806 0.988292
300 pop2 1.00882 0.989041
400 pop1 1.00732 0.987571
400 pop2 1.00948 0.989687
500 pop1 1.00973 0.989932
500 pop2 1.00694 0.987192
600 pop1 1.00913 0.98934
600 pop2 1.00822 0.988447
700 pop1 1.00928 0.989489
700 pop2 1.00661 0.986874
800 pop1 1.00623 0.986502
800 pop2 1.0079 0.988133
900 pop1 1.00947 0.989675
900 pop2 1.00671 0.986966
1000 pop1 1.00744 0.987682
1000 pop2 1.00722 0.987474
1100 pop1 1.0087 0.988925
1100 pop2 0.996756 0.977212
1200 pop1 1.01337 0.993505
1200 pop2 0.996242 0.976708
1300 pop1 1.01774 0.997789
1300 pop2 0.996643 0.977101
1400 pop1 1.01819 0.998229
1400 pop2 0.996291 0.976756
1500 pop1 1.01835 0.998378
1500 pop2 0.997175 0.977623
1600 pop1 1.01929 0.999301
1600 pop2 0.997722 0.978159
1700 pop1 1.01971 0.999711
1700 pop2 0.997678 0.978116
1800 pop1 1.01968 0.999685
1800 pop2 0.998276 0.978702
1900 pop1 1.01956 0.999572
1900 pop2 0.999557 0.979958
2000 pop1 1.02007 1.00007
2000 pop2 0.999793 0.980189
2100 pop1 1.0201 1.0001
2100 pop2 1.0 0.980392
2200 pop1 1.0201 1.0001
2200 pop2 0.999836 0.980232
2300 pop1 1.0201 1.0001
2300 pop2 0.999793 0.980189
2400 pop1 1.0201 1.0001
2400 pop2 1.0 0.980392
2500 pop1 1.0201 1.0001
2500 pop2 1.0 0.980392
2600 pop1 1.0201 1.0001
2600 pop2 1.0 0.980392
2700 pop1 1.0201 1.0001
2700 pop2 1.0 0.980392
2800 pop1 1.0201 1.0001
2800 pop2 1.0 0.980392
2900 pop1 1.0201 1.0001
2900 pop2 1.0 0.980392
3000 pop1 1.0201 1.0001
3000 pop2 1.0 0.980392
3100 pop1 1.0201 1.0001
3100 pop2 1.0 0.980392
3200 pop1 1.0201 1.0001
3200 pop2 1.0 0.980392
3300 pop1 1.0201 1.0001
3300 pop2 1.0 0.980392
3400 pop1 1.0201 1.0001
3400 pop2 1.0 0.980392
3500 pop1 1.0201 1.0001
3500 pop2 1.0 0.980392
3600 pop1 1.0201 1.0001
3600 pop2 1.0 0.980392
3700 pop1 1.0201 1.0001
3700 pop2 1.0 0.980392
3800 pop1 1.0201 1.0001
3800 pop2 1.0 0.980392
3900 pop1 1.0201 1.0001
3900 pop2 1.0 0.980392
4000 pop1 1.0201 1.0001
4000 pop2 1.0 0.980392
4100 pop1 1.0201 1.0001
4100 pop2 1.0 0.980392
4200 pop1 1.0201 1.0001
4200 pop2 1.0 0.980392
4300 pop1 1.0201 1.0001
4300 pop2 1.0 0.980392
4400 pop1 1.0201 1.0001
4400 pop2 1.0 0.980392
4500 pop1 1.0201 1.0001
4500 pop2 1.0 0.980392
4600 pop1 1.0201 1.0001
4600 pop2 1.0 0.980392
4700 pop1 1.0201 1.0001
4700 pop2 1.0 0.980392
4800 pop1 1.0201 1.0001
4800 pop2 1.0 0.980392
4900 pop1 1.0201 1.0001
4900 pop2 1.0 0.980392
5000 pop1 1.0201 1.0001
5000 pop2 1.0 0.980392
