1 pop1 1.0 0.909091
1 pop2 1.0 0.909091
100 pop1 1.00637 0.914879
100 pop2 1.02786 0.934415
200 pop1 1.01545 0.92314
200 pop2 1.01702 0.924564
300 pop1 1.01672 0.924287
300 pop2 1.00853 0.916845
400 pop1 1.00892 0.9172
400 pop2 1.02071 0.927914
500 pop1 1.01023 0.91839
500 pop2 1.01977 0.92706
600 pop1 1.01446 0.92224
600 pop2 1.01509 0.922814
700 pop1 1.01123 0.919299
700 pop2 1.02318 0.930168
800 pop1 1.00779 0.916173
800 pop2 1.02593 0.93266
900 pop1 1.01652 0.924111
900 pop2 1.00984 0.918038
1000 pop1 1.01669 0.924261
1000 pop2 1.01064 0.918759
1100 pop1 1.05845 0.962226
1100 pop2 1.04149 0.946809
1200 pop1 1.0462 0.951095
1200 pop2 1.05716 0.961058
1300 pop1 1.03944 0.94495
1300 pop2 1.06761 0.970558
1400 pop1 1.04495 0.949958
1400 pop2 1.06403 0.967298
1500 pop1 1.0444 0.949453
1500 pop2 1.0655 0.968632
1600 pop1 1.04693 0.951757
1600 pop2 1.06101 0.964553
1700 pop1 1.04327 0.948429
1700 pop2 1.06381 0.9671
1800 pop1 1.04878 0.953439
1800 pop2 1.06176 0.965232
1900 pop1 1.05233 0.956665
1900 pop2 1.05722 0.96111
2000 pop1 1.05718 0.96107
2000 pop2 1.05197 0.956341
2100 pop1 1.05531 0.959377
2100 pop2 1.05766 0.961512
2200 pop1 1.05662 0.960564
2200 pop2 1.05318 0.957439
2300 pop1 1.05935 0.963045
2300 pop2 1.05163 0.956025
2400 pop1 1.05893 0.962661
2400 pop2 1.05247 0.95679
2500 pop1 1.05735 0.961229
2500 pop2 1.05398 0.958161
2600 pop1 1.0533 0.957547
2600 pop2 1.05786 0.961693
2700 pop1 1.04703 0.951848
2700 pop2 1.06348 0.966803
2800 pop1 1.0589 0.962636
2800 pop2 1.05306 0.957326
2900 pop1 1.06226 0.965694
2900 pop2 1.0487 0.953363
3000 pop1 1.06079 0.96435
3000 pop2 1.04676 0.951604
3100 pop1 1.06947 0.972243
3100 pop2 1.04212 0.947378
3200 pop1 1.06681 0.969824
3200 pop2 1.04712 0.951926
3300 pop1 1.06222 0.965652
3300 pop2 1.0451 0.950088
3400 pop1 1.06478 0.967979
3400 pop2 1.04619 0.95108
3500 pop1 1.05407 0.958244
3500 pop2 1.05829 0.962083
3600 pop1 1.0555 0.959543
3600 pop2 1.05498 0.959071
3700 pop1 1.05338 0.957615
3700 pop2 1.05934 0.963035
3800 pop1 1.05739 0.961265
3800 pop2 1.05362 0.957835
3900 pop1 1.05597 0.959976
3900 pop2 1.05548 0.959531
4000 pop1 1.05802 0.961834
4000 pop2 1.05354 0.95776
4100 pop1 1.06079 0.964356
4100 pop2 1.05002 0.954565
4200 pop1 1.05917 0.962878
4200 pop2 1.0542 0.95836
4300 pop1 1.06287 0.96625
4300 pop2 1.04789 0.952625
4400 pop1 1.06098 0.964526
4400 pop2 1.04999 0.954538
4500 pop1 1.05857 0.962334
4500 pop2 1.04809 0.95281
4600 pop1 1.06324 0.966578
4600 pop2 1.04854 0.953222
4700 pop1 1.06209 0.96554
4700 pop2 1.05037 0.954883
4800 pop1 1.06079 0.964359
4800 pop2 1.04841 0.9531
4900 pop1 1.06453 0.967756
4900 pop2 1.04433 0.94939
5000 pop1 1.06327 0.966611
5000 pop2 1.0483 0.953002
