1 pop1 1.0 0.980392
1 pop2 1.0 0.980392
100 pop1 1.00044 0.980828
100 pop2 1.00202 0.982372
200 pop1 1.00388 0.984192
200 pop2 1.0006 0.980976
300 pop1 1.00207 0.982422
300 pop2 1.00132 0.981691
400 pop1 1.00042 0.980802
400 pop2 1.00281 0.983151
500 pop1 1.00108 0.981449
500 pop2 1.00288 0.983215
600 pop1 1.00424 0.984551
600 pop2 1.00055 0.980929
700 pop1 1.00257 0.982916
700 pop2 1.00001 0.980405
800 pop1 1.00152 0.981879
800 pop2 1.00173 0.982092
900 pop1 1.00218 0.982531
900 pop2 1.00212 0.982468
1000 pop1 0.997949 0.978381
1000 pop2 1.00583 0.986113
1100 pop1 1.00486 0.985161
1100 pop2 0.995251 0.975736
1200 pop1 1.01109 0.991262
1200 pop2 0.994113 0.974621
1300 pop1 1.01657 0.996633
1300 pop2 0.993163 0.973689
1400 pop1 1.01851 0.998544
1400 pop2 0.992598 0.973135
1500 pop1 1.01985 0.999856
1500 pop2 0.992142 0.972688
1600 pop1 1.02004 1.00004
1600 pop2 0.992004 0.972553
1700 pop1 1.02012 1.00012
1700 pop2 0.992524 0.973062
1800 pop1 1.02012 1.00011
1800 pop2 0.993233 0.973758
1900 pop1 1.02012 1.00011
1900 pop2 0.993965 0.974476
2000 pop1 1.02011 1.00011
2000 pop2 0.995409 0.975891
2100 pop1 1.02011 1.00011
2100 pop2 0.996577 0.977036
2200 pop1 1.02011 1.00011
2200 pop2 0.996992 0.977443
2300 pop1 1.02011 1.00011
2300 pop2 0.996617 0.977076
2400 pop1 1.02011 1.0001
2400 pop2 0.997897 0.978331
2500 pop1 1.0201 1.0001
2500 pop2 0.999126 0.979535
2600 pop1 1.0201 1.0001
2600 pop2 0.998544 0.978964
2700 pop1 1.0201 1.0001
2700 pop2 0.999461 0.979864
2800 pop1 1.0201 1.0001
2800 pop2 0.999992 0.980384
2900 pop1 1.0201 1.0001
2900 pop2 1.0 0.980392
3000 pop1 1.0201 1.0001
3000 pop2 1.0 0.980392
3100 pop1 1.0201 1.0001
3100 pop2 1.0 0.980392
3200 pop1 1.0201 1.0001
3200 pop2 1.0 0.980392
3300 pop1 1.0201 1.0001
3300 pop2 1.0 0.980392
3400 pop1 1.0201 1.0001
3400 pop2 1.0 0.980392
3500 pop1 1.0201 1.0001
3500 pop2 1.0 0.980392
3600 pop1 1.0201 1.0001
3600 pop2 1.0 0.980392
3700 pop1 1.0201 1.0001
3700 pop2 1.0 0.980392
3800 pop1 1.0201 1.0001
3800 pop2 1.0 0.980392
3900 pop1 1.0201 1.0001
3900 pop2 1.0 0.980392
4000 pop1 1.0201 1.0001
4000 pop2 1.0 0.980392
4100 pop1 1.0201 1.0001
4100 pop2 1.0 0.980392
4200 pop1 1.0201 1.0001
4200 pop2 1.0 0.980392
4300 pop1 1.0201 1.0001
4300 pop2 1.0 0.980392
4400 pop1 1.0201 1.0001
4400 pop2 1.0 0.980392
4500 pop1 1.0201 1.0001
4500 pop2 1.0 0.980392
4600 pop1 1.0201 1.0001
4600 pop2 1.0 0.980392
4700 pop1 1.0201 1.0001
4700 pop2 1.0 0.980392
4800 pop1 1.0201 1.0001
4800 pop2 1.0 0.980392
4900 pop1 1.0201 1.0001
4900 pop2 1.0 0.980392
5000 pop1 1.0201 1.0001
5000 pop2 1.0 0.980392
