1 pop1 1.0 0.909091
1 pop2 1.0 0.909091
100 pop1 1.0866 0.987822
100 pop2 1.08316 0.984689
200 pop1 1.08407 0.985515
200 pop2 1.08172 0.983386
300 pop1 1.08395 0.985412
300 pop2 1.08521 0.986551
400 pop1 1.08582 0.98711
400 pop2 1.08627 0.987517
500 pop1 1.08745 0.988587
500 pop2 1.08558 0.986887
600 pop1 1.08842 0.989477
600 pop2 1.08369 0.985172
700 pop1 1.08388 0.985349
700 pop2 1.08427 0.985698
800 pop1 1.08876 0.98978
800 pop2 1.08286 0.984419
900 pop1 1.08419 0.985629
900 pop2 1.08531 0.986644
1000 pop1 1.08711 0.988283
1000 pop2 1.08641 0.987646
1100 pop1 1.08987 0.990795
1100 pop2 0.988155 0.898323
1200 pop1 1.09361 0.994194
1200 pop2 0.991742 0.901584
1300 pop1 1.09569 0.996082
1300 pop2 0.992037 0.901852
1400 pop1 1.09517 0.995612
1400 pop2 0.991717 0.901561
1500 pop1 1.09434 0.994859
1500 pop2 0.991765 0.901604
1600 pop1 1.09535 0.995769
1600 pop2 0.992412 0.902193
1700 pop1 1.09789 0.998084
1700 pop2 0.99229 0.902082
1800 pop1 1.09832 0.998474
1800 pop2 0.996586 0.905987
1900 pop1 1.09855 0.998686
1900 pop2 0.9957 0.905182
2000 pop1 1.10075 1.00068
2000 pop2 0.998894 0.908085
2100 pop1 1.10227 1.00206
2100 pop2 0.999546 0.908678
2200 pop1 1.10202 1.00184
2200 pop2 0.999802 0.908911
2300 pop1 1.10244 1.00222
2300 pop2 0.999644 0.908768
2400 pop1 1.1025 1.00227
2400 pop2 1.0 0.909091
2500 pop1 1.1025 1.00227
2500 pop2 1.0 0.909091
2600 pop1 1.1025 1.00227
2600 pop2 1.0 0.909091
2700 pop1 1.1025 1.00227
2700 pop2 1.0 0.909091
2800 pop1 1.1025 1.00227
2800 pop2 1.0 0.909091
2900 pop1 1.1025 1.00227
2900 pop2 1.0 0.909091
3000 pop1 1.1025 1.00227
3000 pop2 1.0 0.909091
3100 pop1 1.1025 1.00227
3100 pop2 1.0 0.909091
3200 pop1 1.1025 1.00227
3200 pop2 1.0 0.909091
3300 pop1 1.1025 1.00227
3300 pop2 1.0 0.909091
3400 pop1 1.1025 1.00227
3400 pop2 1.0 0.909091
3500 pop1 1.1025 1.00227
3500 pop2 1.0 0.909091
3600 pop1 1.1025 1.00227
3600 pop2 1.0 0.909091
3700 pop1 1.1025 1.00227
3700 pop2 1.0 0.909091
3800 pop1 1.1025 1.00227
3800 pop2 1.0 0.909091
3900 pop1 1.1025 1.00227
3900 pop2 1.0 0.909091
4000 pop1 1.1025 1.00227
4000 pop2 1.0 0.909091
4100 pop1 1.1025 1.00227
4100 pop2 1.0 0.909091
4200 pop1 1.1025 1.00227
4200 pop2 1.0 0.909091
4300 pop1 1.1025 1.00227
4300 pop2 1.0 0.909091
4400 pop1 1.1025 1.00227
4400 pop2 1.0 0.909091
4500 pop1 1.1025 1.00227
4500 pop2 1.0 0.909091
4600 pop1 1.1025 1.00227
4600 pop2 1.0 0.909091
4700 pop1 1.1025 1.00227
4700 pop2 1.0 0.909091
4800 pop1 1.1025 1.00227
4800 pop2 1.0 0.909091
4900 pop1 1.1025 1.00227
4900 pop2 1.0 0.909091
5000 pop1 1.1025 1.00227
5000 pop2 1.0 0.909091
