1 pop1 1.0 0.909091
1 pop2 1.0 0.909091
100 pop1 1.08317 0.9847
100 pop2 1.08681 0.988011
200 pop1 1.08657 0.987787
200 pop2 1.08493 0.986304
300 pop1 1.08141 0.983097
300 pop2 1.08269 0.984267
400 pop1 1.08067 0.982428
400 pop2 1.08437 0.985788
500 pop1 1.08131 0.983011
500 pop2 1.07847 0.980426
600 pop1 1.08221 0.983827
600 pop2 1.0825 0.984095
700 pop1 1.08236 0.983964
700 pop2 1.08209 0.983717
800 pop1 1.0823 0.983906
800 pop2 1.08264 0.984219
900 pop1 1.08078 0.982524
900 pop2 1.08307 0.984609
1000 pop1 1.08343 0.984938
1000 pop2 1.08376 0.985237
1100 pop1 1.0914 0.992181
1100 pop2 1.06611 0.96919
1200 pop1 1.08583 0.987115
1200 pop2 1.08418 0.985614
1300 pop1 1.08558 0.986894
1300 pop2 1.08581 0.987097
1400 pop1 1.08559 0.986903
1400 pop2 1.08594 0.987215
1500 pop1 1.08396 0.98542
1500 pop2 1.08635 0.987591
1600 pop1 1.08658 0.987801
1600 pop2 1.08894 0.989945
1700 pop1 1.08495 0.986315
1700 pop2 1.08513 0.986485
1800 pop1 1.08482 0.986198
1800 pop2 1.08598 0.987251
1900 pop1 1.08412 0.985566
1900 pop2 1.08748 0.988622
2000 pop1 1.08795 0.989041
2000 pop2 1.08311 0.984649
2100 pop1 1.08493 0.986304
2100 pop2 1.08905 0.990041
2200 pop1 1.08736 0.988505
2200 pop2 1.08733 0.988479
2300 pop1 1.08473 0.986114
2300 pop2 1.08351 0.985006
2400 pop1 1.08589 0.987172
2400 pop2 1.08605 0.987316
2500 pop1 1.08786 0.98896
2500 pop2 1.08441 0.985827
2600 pop1 1.08841 0.989466
2600 pop2 1.08666 0.987871
2700 pop1 1.08771 0.988825
2700 pop2 1.08413 0.985571
2800 pop1 1.08752 0.988651
2800 pop2 1.08459 0.985994
2900 pop1 1.08737 0.988519
2900 pop2 1.08426 0.985688
3000 pop1 1.08538 0.986708
3000 pop2 1.08621 0.987464
3100 pop1 1.08366 0.985149
3100 pop2 1.0814 0.983092
3200 pop1 1.08533 0.986667
3200 pop2 1.08437 0.98579
3300 pop1 1.08573 0.98703
3300 pop2 1.08581 0.987099
3400 pop1 1.08729 0.988444
3400 pop2 1.08587 0.987153
3500 pop1 1.08699 0.988177
3500 pop2 1.08373 0.985211
3600 pop1 1.08415 0.98559
3600 pop2 1.08474 0.986124
3700 pop1 1.08639 0.987624
3700 pop2 1.08367 0.985157
3800 pop1 1.08231 0.98392
3800 pop2 1.08803 0.989116
3900 pop1 1.08298 0.984529
3900 pop2 1.08753 0.988661
4000 pop1 1.08882 0.989836
4000 pop2 1.08414 0.985582
4100 pop1 1.08498 0.986343
4100 pop2 1.08368 0.985162
4200 pop1 1.08591 0.987188
4200 pop2 1.08386 0.985325
4300 pop1 1.0833 0.984816
4300 pop2 1.08841 0.989465
4400 pop1 1.08195 0.98359
4400 pop2 1.08769 0.988812
4500 pop1 1.08398 0.985441
4500 pop2 1.08571 0.987009
4600 pop1 1.08563 0.98694
4600 pop2 1.08619 0.987441
4700 pop1 1.08284 0.984396
4700 pop2 1.08526 0.986596
4800 pop1 1.08634 0.987582
4800 pop2 1.08517 0.986517
4900 pop1 1.08728 0.988438
4900 pop2 1.08139 0.983086
5000 pop1 1.0862 0.987459
5000 pop2 1.0868 0.988004
