1 pop1 1.0 0.833333
1 pop2 1.0 0.833333
100 pop1 1.12254 0.935449
100 pop2 1.12067 0.933892
200 pop1 1.12317 0.935976
200 pop2 1.11651 0.930422
300 pop1 1.12095 0.934127
300 pop2 1.12544 0.937866
400 pop1 1.12024 0.933537
400 pop2 1.12132 0.934435
500 pop1 1.1329 0.94408
500 pop2 1.11422 0.928516
600 pop1 1.1243 0.93692
600 pop2 1.12026 0.933549
700 pop1 1.12075 0.933961
700 pop2 1.12875 0.940625
800 pop1 1.1214 0.9345
800 pop2 1.11942 0.932847
900 pop1 1.12476 0.937301
900 pop2 1.12299 0.935824
1000 pop1 1.12517 0.937642
1000 pop2 1.11134 0.926118
1100 pop1 1.13545 0.946206
1100 pop2 1.14338 0.952817
1200 pop1 1.13651 0.947096
1200 pop2 1.15112 0.959269
1300 pop1 1.13433 0.945276
1300 pop2 1.14408 0.953403
1400 pop1 1.13474 0.945621
1400 pop2 1.15343 0.961193
1500 pop1 1.14104 0.950868
1500 pop2 1.1467 0.955585
1600 pop1 1.14127 0.951059
1600 pop2 1.14135 0.951123
1700 pop1 1.15272 0.960602
1700 pop2 1.14144 0.951197
1800 pop1 1.14357 0.952978
1800 pop2 1.13953 0.949605
1900 pop1 1.14666 0.955546
1900 pop2 1.14369 0.953075
2000 pop1 1.14931 0.957759
2000 pop2 1.14461 0.953844
2100 pop1 1.13825 0.948544
2100 pop2 1.14317 0.95264
2200 pop1 1.14347 0.952889
2200 pop2 1.1391 0.949248
2300 pop1 1.13816 0.948465
2300 pop2 1.14792 0.956601
2400 pop1 1.13148 0.942903
2400 pop2 1.14555 0.954621
2500 pop1 1.14939 0.957828
2500 pop2 1.14514 0.95428
2600 pop1 1.13503 0.945862
2600 pop2 1.14717 0.955977
2700 pop1 1.14504 0.954199
2700 pop2 1.14304 0.952537
2800 pop1 1.1379 0.948251
2800 pop2 1.14935 0.957788
2900 pop1 1.14143 0.951191
2900 pop2 1.13939 0.949493
3000 pop1 1.14589 0.954905
3000 pop2 1.14278 0.952315
3100 pop1 1.14927 0.957729
3100 pop2 1.13744 0.94787
3200 pop1 1.14189 0.951572
3200 pop2 1.13736 0.947798
3300 pop1 1.13669 0.947246
3300 pop2 1.14707 0.95589
3400 pop1 1.14246 0.952054
3400 pop2 1.14666 0.955547
3500 pop1 1.1413 0.951086
3500 pop2 1.13763 0.948027
3600 pop1 1.14273 0.952276
3600 pop2 1.14708 0.955903
3700 pop1 1.14071 0.950593
3700 pop2 1.14679 0.955656
3800 pop1 1.14661 0.955505
3800 pop2 1.13891 0.94909
3900 pop1 1.14241 0.952011
3900 pop2 1.14356 0.952969
4000 pop1 1.14577 0.95481
4000 pop2 1.14418 0.953485
4100 pop1 1.14126 0.951051
4100 pop2 1.1454 0.954501
4200 pop1 1.1399 0.949914
4200 pop2 1.14431 0.95359
4300 pop1 1.14512 0.954269
4300 pop2 1.14028 0.950237
4400 pop1 1.13995 0.949958
4400 pop2 1.1456 0.954664
4500 pop1 1.14752 0.956265
4500 pop2 1.14001 0.950007
4600 pop1 1.13867 0.948896
4600 pop2 1.14921 0.957675
4700 pop1 1.13809 0.948409
4700 pop2 1.14178 0.951485
4800 pop1 1.14368 0.953063
4800 pop2 1.14685 0.95571
4900 pop1 1.13075 0.942289
4900 pop2 1.1462 0.955167
5000 pop1 1.13962 0.949684
5000 pop2 1.14389 0.953238
