1 pop1 1.0 0.980392
1 pop2 1.0 0.980392
100 pop1 1.00104 0.981414
100 pop2 1.0022 0.982552
200 pop1 1.00121 0.981582
200 pop2 1.00228 0.982625
300 pop1 1.00356 0.98388
300 pop2 0.998622 0.979041
400 pop1 1.00416 0.984466
400 pop2 0.99812 0.978549
500 pop1 1.00587 0.986144
500 pop2 0.99675 0.977206
600 pop1 1.00562 0.985902
600 pop2 0.996802 0.977256
700 pop1 1.00604 0.986311
700 pop2 0.994976 0.975467
800 pop1 1.00411 0.984418
800 pop2 0.9979 0.978334
900 pop1 1.00386 0.984176
900 pop2 0.998214 0.978641
1000 pop1 1.00129 0.981656
1000 pop2 0.999835 0.98023
1100 pop1 1.00506 0.985356
1100 pop2 1.00208 0.982433
1200 pop1 1.00624 0.986505
1200 pop2 1.00681 0.987065
1300 pop1 1.00828 0.988513
1300 pop2 1.0076 0.987845
1400 pop1 1.0081 0.988338
1400 pop2 1.00959 0.989794
1500 pop1 1.00805 0.988283
1500 pop2 1.01046 0.990651
1600 pop1 1.00694 0.987195
1600 pop2 1.01189 0.992052
1700 pop1 1.00729 0.987543
1700 pop2 1.01361 0.993737
1800 pop1 1.00547 0.985757
1800 pop2 1.01414 0.994252
1900 pop1 1.00638 0.98665
1900 pop2 1.01316 0.993295
2000 pop1 1.00739 0.987639
2000 pop2 1.0127 0.992848
2100 pop1 1.00636 0.986631
2100 pop2 1.01367 0.993792
2200 pop1 1.00623 0.986499
2200 pop2 1.01325 0.993379
2300 pop1 1.00572 0.985996
2300 pop2 1.01436 0.994469
2400 pop1 1.00452 0.984822
2400 pop2 1.01419 0.994305
2500 pop1 1.00473 0.985026
2500 pop2 1.01567 0.995756
2600 pop1 1.00588 0.986155
2600 pop2 1.01422 0.994331
2700 pop1 1.00623 0.986496
2700 pop2 1.01376 0.993885
2800 pop1 1.0056 0.985879
2800 pop2 1.015 0.995095
2900 pop1 1.00453 0.984833
2900 pop2 1.0147 0.994804
3000 pop1 1.00495 0.985243
3000 pop2 1.01463 0.994733
3100 pop1 1.00455 0.984854
3100 pop2 1.01533 0.995422
3200 pop1 1.0042 0.984511
3200 pop2 1.01615 0.996227
3300 pop1 1.00435 0.984658
3300 pop2 1.01567 0.99575
3400 pop1 1.00272 0.983058
3400 pop2 1.01733 0.997381
3500 pop1 1.00425 0.984555
3500 pop2 1.01667 0.996738
3600 pop1 1.00231 0.98266
3600 pop2 1.01767 0.997714
3700 pop1 1.00273 0.983071
3700 pop2 1.01807 0.998109
3800 pop1 1.00367 0.983987
3800 pop2 1.01711 0.997165
3900 pop1 1.00366 0.983979
3900 pop2 1.01733 0.997385
4000 pop1 1.00268 0.983021
4000 pop2 1.01774 0.997786
4100 pop1 1.00213 0.982484
4100 pop2 1.01802 0.99806
4200 pop1 1.00299 0.983326
4200 pop2 1.01716 0.997219
4300 pop1 1.00581 0.986087
4300 pop2 1.01517 0.995269
4400 pop1 1.00494 0.985232
4400 pop2 1.01614 0.99622
4500 pop1 1.00587 0.98615
4500 pop2 1.01475 0.994855
4600 pop1 1.00549 0.98577
4600 pop2 1.0156 0.995691
4700 pop1 1.0043 0.984607
4700 pop2 1.01616 0.996236
4800 pop1 1.00522 0.985509
4800 pop2 1.01491 0.995008
4900 pop1 1.00657 0.986834
4900 pop2 1.0141 0.994219
5000 pop1 1.00688 0.987135
5000 pop2 1.01404 0.99416
