1 pop1 1.0 0.833333
1 pop2 1.0 0.833333
100 pop1 1.18562 0.988014
100 pop2 1.18875 0.990628
200 pop1 1.19012 0.991764
200 pop2 1.18891 0.990754
300 pop1 1.18658 0.988813
300 pop2 1.19083 0.992358
400 pop1 1.18937 0.991142
400 pop2 1.19329 0.994406
500 pop1 1.18872 0.990601
500 pop2 1.19024 0.991869
600 pop1 1.18824 0.990197
600 pop2 1.18975 0.991461
700 pop1 1.19118 0.992654
700 pop2 1.1882 0.99017
800 pop1 1.18963 0.991359
800 pop2 1.19159 0.992989
900 pop1 1.18313 0.985938
900 pop2 1.19175 0.993125
1000 pop1 1.19119 0.992655
1000 pop2 1.18798 0.989984
1100 pop1 1.19342 0.994519
1100 pop2 1.18568 0.988064
1200 pop1 1.19312 0.994266
1200 pop2 1.19405 0.995038
1300 pop1 1.19196 0.993302
1300 pop2 1.19147 0.992888
1400 pop1 1.1878 0.989834
1400 pop2 1.19137 0.992811
1500 pop1 1.18942 0.991184
1500 pop2 1.18947 0.991227
1600 pop1 1.19016 0.991799
1600 pop2 1.19316 0.994303
1700 pop1 1.18936 0.991129
1700 pop2 1.18949 0.991239
1800 pop1 1.18564 0.988032
1800 pop2 1.18727 0.989392
1900 pop1 1.19116 0.992636
1900 pop2 1.18754 0.989617
2000 pop1 1.18971 0.991424
2000 pop2 1.19157 0.992979
2100 pop1 1.19029 0.991912
2100 pop2 1.18845 0.990376
2200 pop1 1.18649 0.988738
2200 pop2 1.19219 0.993493
2300 pop1 1.1894 0.991168
2300 pop2 1.18932 0.9911
2400 pop1 1.18997 0.991645
2400 pop2 1.19502 0.995851
2500 pop1 1.18829 0.990242
2500 pop2 1.19088 0.992397
2600 pop1 1.18951 0.991258
2600 pop2 1.18896 0.990797
2700 pop1 1.18919 0.990995
2700 pop2 1.19646 0.997047
2800 pop1 1.19142 0.99285
2800 pop2 1.19443 0.995357
2900 pop1 1.19 0.991664
2900 pop2 1.19242 0.99368
3000 pop1 1.18805 0.990043
3000 pop2 1.19009 0.991746
3100 pop1 1.19066 0.992217
3100 pop2 1.19271 0.993925
3200 pop1 1.18841 0.990346
3200 pop2 1.18987 0.991554
3300 pop1 1.18796 0.989966
3300 pop2 1.18963 0.991356
3400 pop1 1.19154 0.992951
3400 pop2 1.19146 0.992882
3500 pop1 1.19003 0.991694
3500 pop2 1.19202 0.993348
3600 pop1 1.18778 0.989819
3600 pop2 1.19086 0.992385
3700 pop1 1.1943 0.995252
3700 pop2 1.18912 0.990937
3800 pop1 1.18871 0.990592
3800 pop2 1.19056 0.992132
3900 pop1 1.18713 0.989277
3900 pop2 1.19004 0.991696
4000 pop1 1.18617 0.988472
4000 pop2 1.18584 0.988202
4100 pop1 1.18565 0.988039
4100 pop2 1.19258 0.993813
4200 pop1 1.19263 0.993855
4200 pop2 1.19282 0.994017
4300 pop1 1.19151 0.992924
4300 pop2 1.19245 0.993704
4400 pop1 1.18778 0.989816
4400 pop2 1.18962 0.991352
4500 pop1 1.18769 0.98974
4500 pop2 1.18876 0.990637
4600 pop1 1.19323 0.99436
4600 pop2 1.19121 0.992676
4700 pop1 1.19108 0.992565
4700 pop2 1.19154 0.992954
4800 pop1 1.19023 0.991861
4800 pop2 1.19356 0.994633
4900 pop1 1.19104 0.992536
4900 pop2 1.19114 0.992618
5000 pop1 1.18509 0.987575
5000 pop2 1.18847 0.990388
