1 pop1 1.0 0.980392
1 pop2 1.0 0.980392
100 pop1 1.00419 0.984504
100 pop2 0.997213 0.97766
200 pop1 1.00602 0.986289
200 pop2 0.995043 0.975533
300 pop1 1.01067 0.990857
300 pop2 0.991259 0.971823
400 pop1 1.01211 0.992261
400 pop2 0.989938 0.970527
500 pop1 1.01208 0.992231
500 pop2 0.98989 0.970481
600 pop1 1.01207 0.992224
600 pop2 0.98883 0.969441
700 pop1 1.01174 0.991906
700 pop2 0.990051 0.970638
800 pop1 1.01113 0.991303
800 pop2 0.989639 0.970234
900 pop1 1.01169 0.991852
900 pop2 0.989945 0.970534
1000 pop1 1.01218 0.992334
1000 pop2 0.989228 0.969832
1100 pop1 1.01603 0.996105
1100 pop2 0.993175 0.973701
1200 pop1 1.01745 0.9975
1200 pop2 0.993849 0.974362
1300 pop1 1.01867 0.998692
1300 pop2 0.993926 0.974438
1400 pop1 1.01909 0.999108
1400 pop2 0.994745 0.97524
1500 pop1 1.01937 0.999383
1500 pop2 0.995103 0.975591
1600 pop1 1.01998 0.999976
1600 pop2 0.995414 0.975896
1700 pop1 1.02011 1.00011
1700 pop2 0.996601 0.97706
1800 pop1 1.02011 1.0001
1800 pop2 0.997706 0.978143
1900 pop1 1.02011 1.0001
1900 pop2 0.997786 0.978221
2000 pop1 1.0201 1.0001
2000 pop2 0.998568 0.978988
2100 pop1 1.0201 1.0001
2100 pop2 0.998851 0.979266
2200 pop1 1.0201 1.0001
2200 pop2 0.99925 0.979657
2300 pop1 1.0201 1.0001
2300 pop2 0.999038 0.979449
2400 pop1 1.0201 1.0001
2400 pop2 0.999453 0.979856
2500 pop1 1.0201 1.0001
2500 pop2 0.999992 0.980384
2600 pop1 1.0201 1.0001
2600 pop2 1.0 0.980392
2700 pop1 1.0201 1.0001
2700 pop2 1.0 0.980392
2800 pop1 1.0201 1.0001
2800 pop2 1.0 0.980392
2900 pop1 1.0201 1.0001
2900 pop2 1.0 0.980392
3000 pop1 1.0201 1.0001
3000 pop2 1.0 0.980392
3100 pop1 1.0201 1.0001
3100 pop2 1.0 0.980392
3200 pop1 1.0201 1.0001
3200 pop2 1.0 0.980392
3300 pop1 1.0201 1.0001
3300 pop2 1.0 0.980392
3400 pop1 1.0201 1.0001
3400 pop2 1.0 0.980392
3500 pop1 1.0201 1.0001
3500 pop2 1.0 0.980392
3600 pop1 1.0201 1.0001
3600 pop2 1.0 0.980392
3700 pop1 1.0201 1.0001
3700 pop2 1.0 0.980392
3800 pop1 1.0201 1.0001
3800 pop2 1.0 0.980392
3900 pop1 1.0201 1.0001
3900 pop2 1.0 0.980392
4000 pop1 1.0201 1.0001
4000 pop2 1.0 0.980392
4100 pop1 1.0201 1.0001
4100 pop2 1.0 0.980392
4200 pop1 1.0201 1.0001
4200 pop2 1.0 0.980392
4300 pop1 1.0201 1.0001
4300 pop2 1.0 0.980392
4400 pop1 1.0201 1.0001
4400 pop2 1.0 0.980392
4500 pop1 1.0201 1.0001
4500 pop2 1.0 0.980392
4600 pop1 1.0201 1.0001
4600 pop2 1.0 0.980392
4700 pop1 1.0201 1.0001
4700 pop2 1.0 0.980392
4800 pop1 1.0201 1.0001
4800 pop2 1.0 0.980392
4900 pop1 1.0201 1.0001
4900 pop2 1.0 0.980392
5000 pop1 1.0201 1.0001
5000 pop2 1.0 0.980392
