1 pop1 1.0 0.980392
1 pop2 1.0 0.980392
100 pop1 1.00454 0.984848
100 pop2 1.00754 0.987788
200 pop1 1.00764 0.987883
200 pop2 1.01024 0.990428
300 pop1 1.00535 0.985633
300 pop2 1.00804 0.988271
400 pop1 1.00672 0.986983
400 pop2 1.00675 0.987012
500 pop1 1.00863 0.988851
500 pop2 1.00731 0.987556
600 pop1 1.00669 0.986947
600 pop2 1.0057 0.985984
700 pop1 1.00725 0.987499
700 pop2 1.00684 0.987098
800 pop1 1.00788 0.988119
800 pop2 1.00952 0.989725
900 pop1 1.00611 0.986382
900 pop2 1.00954 0.989743
1000 pop1 1.00646 0.986725
1000 pop2 1.01019 0.990387
1100 pop1 1.00882 0.989041
1100 pop2 0.99528 0.975764
1200 pop1 1.01314 0.993272
1200 pop2 0.994877 0.975369
1300 pop1 1.01512 0.99522
1300 pop2 0.99552 0.976
1400 pop1 1.01731 0.997363
1400 pop2 0.995409 0.975891
1500 pop1 1.01955 0.99956
1500 pop2 0.995476 0.975956
1600 pop1 1.01882 0.998846
1600 pop2 0.995384 0.975867
1700 pop1 1.01981 0.999817
1700 pop2 0.99681 0.977265
1800 pop1 1.01917 0.999182
1800 pop2 0.996817 0.977271
1900 pop1 1.01942 0.999435
1900 pop2 0.997321 0.977766
2000 pop1 1.01986 0.999868
2000 pop2 0.998453 0.978875
2100 pop1 1.02008 1.00008
2100 pop2 0.9988 0.979215
2200 pop1 1.01999 0.999994
2200 pop2 0.998325 0.97875
2300 pop1 1.02011 1.0001
2300 pop2 0.997276 0.977721
2400 pop1 1.0201 1.0001
2400 pop2 0.998388 0.978812
2500 pop1 1.0201 1.0001
2500 pop2 0.998963 0.979375
2600 pop1 1.0201 1.0001
2600 pop2 0.999765 0.980161
2700 pop1 1.0201 1.0001
2700 pop2 0.999924 0.980318
2800 pop1 1.0201 1.0001
2800 pop2 0.999912 0.980306
2900 pop1 1.0201 1.0001
2900 pop2 1.0 0.980392
3000 pop1 1.0201 1.0001
3000 pop2 1.0 0.980392
3100 pop1 1.0201 1.0001
3100 pop2 1.0 0.980392
3200 pop1 1.0201 1.0001
3200 pop2 1.0 0.980392
3300 pop1 1.0201 1.0001
3300 pop2 1.0 0.980392
3400 pop1 1.0201 1.0001
3400 pop2 1.0 0.980392
3500 pop1 1.0201 1.0001
3500 pop2 1.0 0.980392
3600 pop1 1.0201 1.0001
3600 pop2 1.0 0.980392
3700 pop1 1.0201 1.0001
3700 pop2 1.0 0.980392
3800 pop1 1.0201 1.0001
3800 pop2 1.0 0.980392
3900 pop1 1.0201 1.0001
3900 pop2 1.0 0.980392
4000 pop1 1.0201 1.0001
4000 pop2 1.0 0.980392
4100 pop1 1.0201 1.0001
4100 pop2 1.0 0.980392
4200 pop1 1.0201 1.0001
4200 pop2 1.0 0.980392
4300 pop1 1.0201 1.0001
4300 pop2 1.0 0.980392
4400 pop1 1.0201 1.0001
4400 pop2 1.0 0.980392
4500 pop1 1.0201 1.0001
4500 pop2 1.0 0.980392
4600 pop1 1.0201 1.0001
4600 pop2 1.0 0.980392
4700 pop1 1.0201 1.0001
4700 pop2 1.0 0.980392
4800 pop1 1.0201 1.0001
4800 pop2 1.0 0.980392
4900 pop1 1.0201 1.0001
4900 pop2 1.0 0.980392
5000 pop1 1.0201 1.0001
5000 pop2 1.0 0.980392
