1 pop1 1.0 0.833333
1 pop2 1.0 0.833333
100 pop1 1.19248 0.993733
100 pop2 1.18653 0.988773
200 pop1 1.18967 0.991395
200 pop2 1.19176 0.993135
300 pop1 1.18808 0.990064
300 pop2 1.18522 0.987683
400 pop1 1.18939 0.991156
400 pop2 1.19076 0.992297
500 pop1 1.19077 0.992312
500 pop2 1.19445 0.995372
600 pop1 1.1869 0.989085
600 pop2 1.18947 0.991225
700 pop1 1.19347 0.994555
700 pop2 1.18434 0.98695
800 pop1 1.19322 0.994354
800 pop2 1.18801 0.99001
900 pop1 1.19128 0.99273
900 pop2 1.191 0.9925
1000 pop1 1.19544 0.996202
1000 pop2 1.19244 0.993702
1100 pop1 1.19286 0.994046
1100 pop2 1.18958 0.991318
1200 pop1 1.19057 0.992145
1200 pop2 1.19028 0.991903
1300 pop1 1.18511 0.987595
1300 pop2 1.19159 0.992989
1400 pop1 1.19205 0.993374
1400 pop2 1.18786 0.989885
1500 pop1 1.19497 0.995811
1500 pop2 1.1925 0.993753
1600 pop1 1.1943 0.995251
1600 pop2 1.18866 0.990553
1700 pop1 1.19309 0.99424
1700 pop2 1.19154 0.992947
1800 pop1 1.19313 0.994274
1800 pop2 1.18633 0.98861
1900 pop1 1.19282 0.994015
1900 pop2 1.19242 0.99368
2000 pop1 1.18911 0.990929
2000 pop2 1.1877 0.989747
2100 pop1 1.19116 0.992632
2100 pop2 1.18941 0.991175
2200 pop1 1.18679 0.988994
2200 pop2 1.19166 0.993052
2300 pop1 1.19473 0.995604
2300 pop2 1.18607 0.988393
2400 pop1 1.19203 0.993357
2400 pop2 1.1871 0.989249
2500 pop1 1.19135 0.992793
2500 pop2 1.19119 0.992662
2600 pop1 1.18847 0.990392
2600 pop2 1.18833 0.990278
2700 pop1 1.18961 0.991341
2700 pop2 1.19178 0.993151
2800 pop1 1.19093 0.992442
2800 pop2 1.18812 0.990099
2900 pop1 1.19393 0.994945
2900 pop2 1.18921 0.991008
3000 pop1 1.18792 0.989935
3000 pop2 1.19143 0.992857
3100 pop1 1.19304 0.9942
3100 pop2 1.19156 0.99297
3200 pop1 1.19175 0.993129
3200 pop2 1.19198 0.993315
3300 pop1 1.18725 0.989374
3300 pop2 1.19324 0.994368
3400 pop1 1.1885 0.990414
3400 pop2 1.19064 0.992203
3500 pop1 1.19311 0.994262
3500 pop2 1.19051 0.992089
3600 pop1 1.19097 0.992473
3600 pop2 1.19256 0.993797
3700 pop1 1.18914 0.990951
3700 pop2 1.19483 0.995688
3800 pop1 1.19078 0.992315
3800 pop2 1.18986 0.99155
3900 pop1 1.18948 0.991237
3900 pop2 1.19196 0.993301
4000 pop1 1.19165 0.993042
4000 pop2 1.19026 0.991887
4100 pop1 1.19036 0.991964
4100 pop2 1.19373 0.994771
4200 pop1 1.19129 0.992739
4200 pop2 1.19517 0.995977
4300 pop1 1.18931 0.991095
4300 pop2 1.18806 0.990048
4400 pop1 1.18946 0.991215
4400 pop2 1.19001 0.991678
4500 pop1 1.19163 0.993022
4500 pop2 1.19159 0.992988
4600 pop1 1.18965 0.991378
4600 pop2 1.1893 0.991084
4700 pop1 1.19287 0.994054
4700 pop2 1.18827 0.990228
4800 pop1 1.19138 0.992818
4800 pop2 1.19179 0.993158
4900 pop1 1.18838 0.99032
4900 pop2 1.1893 0.991083
5000 pop1 1.19217 0.993477
5000 pop2 1.18918 0.990982
