1 pop1 1.0 0.980392
1 pop2 1.0 0.980392
100 pop1 1.00736 0.987609
100 pop2 1.00671 0.986969
200 pop1 1.00715 0.987405
200 pop2 1.00943 0.989635
300 pop1 1.00755 0.987791
300 pop2 1.00946 0.989667
400 pop1 1.00597 0.98625
400 pop2 1.00932 0.989529
500 pop1 1.00582 0.986099
500 pop2 1.00799 0.98823
600 pop1 1.00663 0.986888
600 pop2 1.00681 0.987064
700 pop1 1.00535 0.98564
700 pop2 1.00966 0.989862
800 pop1 1.00794 0.988175
800 pop2 1.01065 0.990835
900 pop1 1.00848 0.988708
900 pop2 1.0077 0.987942
1000 pop1 1.00744 0.987686
1000 pop2 1.0081 0.988336
1100 pop1 1.01143 0.9916
1100 pop2 0.996849 0.977303
1200 pop1 1.01446 0.994572
1200 pop2 0.99581 0.976285
1300 pop1 1.01432 0.99443
1300 pop2 0.996745 0.977201
1400 pop1 1.0158 0.995884
1400 pop2 0.996028 0.976498
1500 pop1 1.01581 0.995888
1500 pop2 0.994592 0.975091
1600 pop1 1.01739 0.997437
1600 pop2 0.995081 0.975569
1700 pop1 1.01819 0.998227
1700 pop2 0.995302 0.975786
1800 pop1 1.01767 0.997717
1800 pop2 0.996141 0.976608
1900 pop1 1.01756 0.997605
1900 pop2 0.996874 0.977327
2000 pop1 1.01891 0.998932
2000 pop2 0.996823 0.977277
2100 pop1 1.01939 0.999404
2100 pop2 0.997538 0.977979
2200 pop1 1.01999 0.999987
2200 pop2 0.997538 0.977979
2300 pop1 1.02004 1.00004
2300 pop2 0.996705 0.977161
2400 pop1 1.02011 1.0001
2400 pop2 0.997343 0.977787
2500 pop1 1.02011 1.00011
2500 pop2 0.997738 0.978174
2600 pop1 1.02011 1.00011
2600 pop2 0.996537 0.976997
2700 pop1 1.02011 1.00011
2700 pop2 0.997558 0.977998
2800 pop1 1.02011 1.0001
2800 pop2 0.99846 0.978882
2900 pop1 1.02011 1.0001
2900 pop2 0.99858 0.979
3000 pop1 1.0201 1.0001
3000 pop2 0.998691 0.979109
3100 pop1 1.0201 1.0001
3100 pop2 0.999058 0.979469
3200 pop1 1.0201 1.0001
3200 pop2 0.999266 0.979672
3300 pop1 1.0201 1.0001
3300 pop2 0.999573 0.979974
3400 pop1 1.0201 1.0001
3400 pop2 0.999737 0.980134
3500 pop1 1.0201 1.0001
3500 pop2 0.99994 0.980333
3600 pop1 1.0201 1.0001
3600 pop2 0.999804 0.9802
3700 pop1 1.0201 1.0001
3700 pop2 0.99982 0.980216
3800 pop1 1.0201 1.0001
3800 pop2 0.999956 0.980349
3900 pop1 1.0201 1.0001
3900 pop2 1.0 0.980392
4000 pop1 1.0201 1.0001
4000 pop2 1.0 0.980392
4100 pop1 1.0201 1.0001
4100 pop2 1.0 0.980392
4200 pop1 1.0201 1.0001
4200 pop2 1.0 0.980392
4300 pop1 1.0201 1.0001
4300 pop2 1.0 0.980392
4400 pop1 1.0201 1.0001
4400 pop2 1.0 0.980392
4500 pop1 1.0201 1.0001
4500 pop2 1.0 0.980392
4600 pop1 1.0201 1.0001
4600 pop2 1.0 0.980392
4700 pop1 1.0201 1.0001
4700 pop2 1.0 0.980392
4800 pop1 1.0201 1.0001
4800 pop2 1.0 0.980392
4900 pop1 1.0201 1.0001
4900 pop2 1.0 0.980392
5000 pop1 1.0201 1.0001
5000 pop2 1.0 0.980392
