1 pop1 1.0 0.909091
1 pop2 1.0 0.909091
100 pop1 1.08313 0.984665
100 pop2 1.07934 0.981216
200 pop1 1.08304 0.98458
200 pop2 1.08403 0.98548
300 pop1 1.08589 0.987173
300 pop2 1.08229 0.983898
400 pop1 1.08063 0.982393
400 pop2 1.08508 0.986435
500 pop1 1.08144 0.983131
500 pop2 1.08279 0.984353
600 pop1 1.08194 0.983579
600 pop2 1.08102 0.982744
700 pop1 1.08034 0.982124
700 pop2 1.08128 0.982984
800 pop1 1.08549 0.986806
800 pop2 1.08517 0.986518
900 pop1 1.08249 0.984078
900 pop2 1.08225 0.983862
1000 pop1 1.08398 0.985432
1000 pop2 1.08367 0.985158
1100 pop1 1.09337 0.993975
1100 pop2 1.06099 0.964537
1200 pop1 1.0855 0.986818
1200 pop2 1.0857 0.987003
1300 pop1 1.08521 0.986551
1300 pop2 1.08811 0.989188
1400 pop1 1.086 0.987269
1400 pop2 1.08675 0.987951
1500 pop1 1.08644 0.987675
1500 pop2 1.08785 0.988957
1600 pop1 1.08579 0.987086
1600 pop2 1.08569 0.986995
1700 pop1 1.08928 0.990252
1700 pop2 1.08665 0.987867
1800 pop1 1.08676 0.987964
1800 pop2 1.08441 0.985831
1900 pop1 1.08735 0.988496
1900 pop2 1.08501 0.98637
2000 pop1 1.08382 0.985291
2000 pop2 1.08729 0.988442
2100 pop1 1.08761 0.988737
2100 pop2 1.08344 0.984949
2200 pop1 1.08356 0.985056
2200 pop2 1.08656 0.987779
2300 pop1 1.08426 0.985689
2300 pop2 1.08546 0.986786
2400 pop1 1.08591 0.987194
2400 pop2 1.0862 0.987458
2500 pop1 1.08599 0.987261
2500 pop2 1.08765 0.988769
2600 pop1 1.08781 0.988915
2600 pop2 1.08692 0.988113
2700 pop1 1.08563 0.986933
2700 pop2 1.08394 0.985399
2800 pop1 1.08491 0.986281
2800 pop2 1.08757 0.988703
2900 pop1 1.08324 0.98476
2900 pop2 1.08704 0.988216
3000 pop1 1.08374 0.985217
3000 pop2 1.0862 0.987453
3100 pop1 1.08547 0.986794
3100 pop2 1.08401 0.985466
3200 pop1 1.08156 0.98324
3200 pop2 1.08885 0.989863
3300 pop1 1.0833 0.984814
3300 pop2 1.08732 0.988469
3400 pop1 1.08668 0.987888
3400 pop2 1.08322 0.984745
3500 pop1 1.08495 0.986321
3500 pop2 1.0857 0.986995
3600 pop1 1.0823 0.98391
3600 pop2 1.08486 0.986233
3700 pop1 1.0867 0.987905
3700 pop2 1.08583 0.98712
3800 pop1 1.08481 0.986191
3800 pop2 1.0852 0.986548
3900 pop1 1.08717 0.988332
3900 pop2 1.08552 0.986835
4000 pop1 1.08329 0.984808
4000 pop2 1.08831 0.989372
4100 pop1 1.08462 0.986018
4100 pop2 1.087 0.98818
4200 pop1 1.08373 0.985212
4200 pop2 1.08546 0.986786
4300 pop1 1.08567 0.986977
4300 pop2 1.08687 0.988061
4400 pop1 1.08483 0.986211
4400 pop2 1.08618 0.98744
4500 pop1 1.08545 0.986772
4500 pop2 1.08418 0.98562
4600 pop1 1.08526 0.9866
4600 pop2 1.08476 0.986148
4700 pop1 1.0872 0.988364
4700 pop2 1.08379 0.985266
4800 pop1 1.08911 0.990102
4800 pop2 1.08488 0.986256
4900 pop1 1.08398 0.985439
4900 pop2 1.08581 0.987104
5000 pop1 1.0813 0.982998
5000 pop2 1.08612 0.987384
