1 pop1 1.0 0.980392
1 pop2 1.0 0.980392
100 pop1 1.00143 0.981796
100 pop2 0.998682 0.9791
200 pop1 1.00374 0.984059
200 pop2 0.997583 0.978023
300 pop1 1.00418 0.98449
300 pop2 0.996694 0.977151
400 pop1 1.00625 0.986516
400 pop2 0.994146 0.974653
500 pop1 1.00514 0.985432
500 pop2 0.995961 0.976432
600 pop1 1.00479 0.985086
600 pop2 0.996313 0.976778
700 pop1 1.00598 0.986259
700 pop2 0.995516 0.975996
800 pop1 1.0034 0.983726
800 pop2 0.997344 0.977788
900 pop1 1.00169 0.98205
900 pop2 0.999583 0.979983
1000 pop1 1.0038 0.984122
1000 pop2 0.996739 0.977195
1100 pop1 1.00435 0.98466
1100 pop2 1.00962 0.989824
1200 pop1 1.00464 0.98494
1200 pop2 1.01325 0.993384
1300 pop1 1.00434 0.984648
1300 pop2 1.01431 0.994422
1400 pop1 1.00383 0.984145
1400 pop2 1.01533 0.995422
1500 pop1 1.00381 0.98413
1500 pop2 1.01548 0.995571
1600 pop1 1.00274 0.98308
1600 pop2 1.01661 0.996676
1700 pop1 1.00292 0.98325
1700 pop2 1.0171 0.997159
1800 pop1 1.00208 0.982434
1800 pop2 1.01725 0.997309
1900 pop1 1.00156 0.981921
1900 pop2 1.01864 0.998663
2000 pop1 1.00181 0.982165
2000 pop2 1.01826 0.998294
2100 pop1 1.00062 0.981004
2100 pop2 1.0195 0.999509
2200 pop1 1.00061 0.980995
2200 pop2 1.01922 0.999237
2300 pop1 1.00045 0.980835
2300 pop2 1.01943 0.99944
2400 pop1 1.00076 0.981136
2400 pop2 1.01896 0.998981
2500 pop1 1.00067 0.981046
2500 pop2 1.01936 0.999374
2600 pop1 1.00084 0.981219
2600 pop2 1.01943 0.999439
2700 pop1 1.00065 0.981032
2700 pop2 1.01945 0.999456
2800 pop1 1.00041 0.98079
2800 pop2 1.01978 0.999782
2900 pop1 1.00028 0.980668
2900 pop2 1.01992 0.999922
3000 pop1 1.00038 0.980766
3000 pop2 1.01954 0.999545
3100 pop1 1.00025 0.980639
3100 pop2 1.01985 0.999857
3200 pop1 1.00025 0.980638
3200 pop2 1.01981 0.99981
3300 pop1 0.999929 0.980322
3300 pop2 1.02008 1.00008
3400 pop1 0.999916 0.98031
3400 pop2 1.02012 1.00011
3500 pop1 0.999916 0.98031
3500 pop2 1.02012 1.00011
3600 pop1 0.999916 0.98031
3600 pop2 1.02012 1.00011
3700 pop1 0.999916 0.98031
3700 pop2 1.02012 1.00011
3800 pop1 0.999916 0.98031
3800 pop2 1.02012 1.00011
3900 pop1 0.999915 0.980309
3900 pop2 1.02012 1.00011
4000 pop1 0.999914 0.980308
4000 pop2 1.02011 1.00011
4100 pop1 0.999914 0.980308
4100 pop2 1.02011 1.00011
4200 pop1 0.999913 0.980307
4200 pop2 1.02011 1.00011
4300 pop1 0.999913 0.980307
4300 pop2 1.02011 1.00011
4400 pop1 0.999913 0.980307
4400 pop2 1.02011 1.00011
4500 pop1 0.999912 0.980306
4500 pop2 1.02011 1.00011
4600 pop1 0.999913 0.980307
4600 pop2 1.02011 1.00011
4700 pop1 0.999913 0.980306
4700 pop2 1.02011 1.00011
4800 pop1 0.999912 0.980306
4800 pop2 1.02011 1.00011
4900 pop1 0.999913 0.980307
4900 pop2 1.02011 1.00011
5000 pop1 0.999913 0.980307
5000 pop2 1.02011 1.00011
