1 pop1 1.0 0.980392
1 pop2 1.0 0.980392
100 pop1 1.0024 0.982744
100 pop2 1.00054 0.980921
200 pop1 1.00557 0.985856
200 pop2 0.999717 0.980115
300 pop1 1.00108 0.981453
300 pop2 1.00258 0.982923
400 pop1 0.999983 0.980375
400 pop2 1.00357 0.983891
500 pop1 0.999309 0.979714
500 pop2 1.00479 0.985084
600 pop1 0.997525 0.977966
600 pop2 1.00455 0.984855
700 pop1 1.00083 0.98121
700 pop2 1.00188 0.982232
800 pop1 1.00085 0.981221
800 pop2 1.00346 0.983784
900 pop1 1.00024 0.980624
900 pop2 1.0023 0.982651
1000 pop1 1.00044 0.980821
1000 pop2 1.00253 0.982872
1100 pop1 1.00851 0.988735
1100 pop2 0.994717 0.975213
1200 pop1 1.01217 0.992327
1200 pop2 0.99383 0.974343
1300 pop1 1.01454 0.994645
1300 pop2 0.993727 0.974242
1400 pop1 1.0167 0.996769
1400 pop2 0.993218 0.973743
1500 pop1 1.01758 0.997629
1500 pop2 0.992624 0.97316
1600 pop1 1.01763 0.997678
1600 pop2 0.992306 0.972849
1700 pop1 1.01804 0.998078
1700 pop2 0.992746 0.973281
1800 pop1 1.01847 0.998502
1800 pop2 0.993914 0.974426
1900 pop1 1.01974 0.999741
1900 pop2 0.994309 0.974813
2000 pop1 1.0199 0.999905
2000 pop2 0.99527 0.975754
2100 pop1 1.02011 1.00011
2100 pop2 0.996061 0.976531
2200 pop1 1.02011 1.00011
2200 pop2 0.99642 0.976882
2300 pop1 1.02011 1.00011
2300 pop2 0.996592 0.977051
2400 pop1 1.02011 1.00011
2400 pop2 0.996459 0.976921
2500 pop1 1.02011 1.00011
2500 pop2 0.996729 0.977186
2600 pop1 1.02011 1.0001
2600 pop2 0.997898 0.978331
2700 pop1 1.0201 1.0001
2700 pop2 0.998743 0.97916
2800 pop1 1.0201 1.0001
2800 pop2 0.999238 0.979645
2900 pop1 1.0201 1.0001
2900 pop2 0.999657 0.980056
3000 pop1 1.0201 1.0001
3000 pop2 0.999741 0.980138
3100 pop1 1.0201 1.0001
3100 pop2 0.999904 0.980298
3200 pop1 1.0201 1.0001
3200 pop2 1.0 0.980392
3300 pop1 1.0201 1.0001
3300 pop2 1.0 0.980392
3400 pop1 1.0201 1.0001
3400 pop2 1.0 0.980392
3500 pop1 1.0201 1.0001
3500 pop2 1.0 0.980392
3600 pop1 1.0201 1.0001
3600 pop2 1.0 0.980392
3700 pop1 1.0201 1.0001
3700 pop2 1.0 0.980392
3800 pop1 1.0201 1.0001
3800 pop2 1.0 0.980392
3900 pop1 1.0201 1.0001
3900 pop2 1.0 0.980392
4000 pop1 1.0201 1.0001
4000 pop2 1.0 0.980392
4100 pop1 1.0201 1.0001
4100 pop2 1.0 0.980392
4200 pop1 1.0201 1.0001
4200 pop2 1.0 0.980392
4300 pop1 1.0201 1.0001
4300 pop2 1.0 0.980392
4400 pop1 1.0201 1.0001
4400 pop2 1.0 0.980392
4500 pop1 1.0201 1.0001
4500 pop2 1.0 0.980392
4600 pop1 1.0201 1.0001
4600 pop2 1.0 0.980392
4700 pop1 1.0201 1.0001
4700 pop2 1.0 0.980392
4800 pop1 1.0201 1.0001
4800 pop2 1.0 0.980392
4900 pop1 1.0201 1.0001
4900 pop2 1.0 0.980392
5000 pop1 1.0201 1.0001
5000 pop2 1.0 0.980392
