1 pop1 1.0 0.833333
1 pop2 1.0 0.833333
100 pop1 1.12685 0.939042
100 pop2 1.12268 0.935563
200 pop1 1.12408 0.93673
200 pop2 1.12351 0.936261
300 pop1 1.12819 0.940159
300 pop2 1.12848 0.940397
400 pop1 1.12166 0.934718
400 pop2 1.12043 0.933691
500 pop1 1.11628 0.930232
500 pop2 1.13205 0.943372
600 pop1 1.11914 0.932614
600 pop2 1.12641 0.938674
700 pop1 1.11783 0.931522
700 pop2 1.12316 0.935969
800 pop1 1.13291 0.944092
800 pop2 1.1136 0.928001
900 pop1 1.12303 0.935859
900 pop2 1.12604 0.938368
1000 pop1 1.12171 0.934755
1000 pop2 1.11476 0.928968
1100 pop1 1.13657 0.947139
1100 pop2 1.14019 0.950157
1200 pop1 1.14145 0.951211
1200 pop2 1.14688 0.955737
1300 pop1 1.14342 0.952848
1300 pop2 1.13812 0.948435
1400 pop1 1.14014 0.950114
1400 pop2 1.14158 0.951318
1500 pop1 1.14498 0.954148
1500 pop2 1.14312 0.952596
1600 pop1 1.14411 0.953422
1600 pop2 1.14468 0.953902
1700 pop1 1.13857 0.948811
1700 pop2 1.14363 0.953024
1800 pop1 1.14872 0.957266
1800 pop2 1.14117 0.950972
1900 pop1 1.14757 0.956306
1900 pop2 1.14397 0.953307
2000 pop1 1.14377 0.953145
2000 pop2 1.14711 0.955924
2100 pop1 1.14333 0.952771
2100 pop2 1.14235 0.95196
2200 pop1 1.14501 0.954176
2200 pop2 1.14057 0.950479
2300 pop1 1.14076 0.950635
2300 pop2 1.13888 0.94907
2400 pop1 1.14657 0.955478
2400 pop2 1.14273 0.952279
2500 pop1 1.1483 0.956913
2500 pop2 1.13849 0.948739
2600 pop1 1.14906 0.957553
2600 pop2 1.14054 0.950454
2700 pop1 1.14403 0.953362
2700 pop2 1.13482 0.945684
2800 pop1 1.14213 0.951777
2800 pop2 1.14378 0.953148
2900 pop1 1.13706 0.947554
2900 pop2 1.13902 0.949183
3000 pop1 1.14825 0.956874
3000 pop2 1.13571 0.946429
3100 pop1 1.14475 0.95396
3100 pop2 1.14214 0.951787
3200 pop1 1.13952 0.949603
3200 pop2 1.14088 0.950735
3300 pop1 1.14569 0.954742
3300 pop2 1.13708 0.947565
3400 pop1 1.14415 0.95346
3400 pop2 1.14666 0.955553
3500 pop1 1.13787 0.948224
3500 pop2 1.1389 0.949085
3600 pop1 1.14239 0.95199
3600 pop2 1.13719 0.947662
3700 pop1 1.14824 0.956871
3700 pop2 1.13547 0.946222
3800 pop1 1.14034 0.950282
3800 pop2 1.14442 0.953682
3900 pop1 1.14101 0.950846
3900 pop2 1.14682 0.955686
4000 pop1 1.13738 0.947819
4000 pop2 1.13648 0.947066
4100 pop1 1.13688 0.947398
4100 pop2 1.14702 0.955852
4200 pop1 1.14828 0.9569
4200 pop2 1.13798 0.948313
4300 pop1 1.15107 0.959228
4300 pop2 1.13847 0.948727
4400 pop1 1.13834 0.948613
4400 pop2 1.14301 0.952508
4500 pop1 1.14144 0.951202
4500 pop2 1.1419 0.951587
4600 pop1 1.13935 0.949456
4600 pop2 1.14338 0.952815
4700 pop1 1.12913 0.940941
4700 pop2 1.15151 0.95959
4800 pop1 1.14186 0.951554
4800 pop2 1.13869 0.948908
4900 pop1 1.14396 0.953302
4900 pop2 1.14334 0.952784
5000 pop1 1.14184 0.951532
5000 pop2 1.13673 0.947277
