1 pop1 1.0 0.833333
1 pop2 1.0 0.833333
100 pop1 1.12393 0.936605
100 pop2 1.12109 0.934245
200 pop1 1.10905 0.924212
200 pop2 1.12699 0.939158
300 pop1 1.12585 0.938206
300 pop2 1.12492 0.937433
400 pop1 1.11943 0.93286
400 pop2 1.12406 0.93672
500 pop1 1.12585 0.938205
500 pop2 1.12088 0.934069
600 pop1 1.12501 0.937506
600 pop2 1.12395 0.936623
700 pop1 1.13066 0.942219
700 pop2 1.13439 0.945322
800 pop1 1.12793 0.939945
800 pop2 1.11625 0.930208
900 pop1 1.12152 0.934602
900 pop2 1.1121 0.926747
1000 pop1 1.12232 0.935268
1000 pop2 1.12489 0.937411
1100 pop1 1.1316 0.943004
1100 pop2 1.14152 0.951264
1200 pop1 1.12891 0.940757
1200 pop2 1.146 0.955004
1300 pop1 1.14503 0.954191
1300 pop2 1.14566 0.954719
1400 pop1 1.1258 0.938165
1400 pop2 1.15037 0.958641
1500 pop1 1.13877 0.948975
1500 pop2 1.14267 0.952225
1600 pop1 1.13658 0.947146
1600 pop2 1.14972 0.9581
1700 pop1 1.13524 0.946035
1700 pop2 1.14536 0.954467
1800 pop1 1.13579 0.946492
1800 pop2 1.14745 0.95621
1900 pop1 1.14624 0.9552
1900 pop2 1.1447 0.953915
2000 pop1 1.13038 0.941987
2000 pop2 1.15309 0.960911
2100 pop1 1.14501 0.954172
2100 pop2 1.14286 0.952379
2200 pop1 1.13518 0.945986
2200 pop2 1.15341 0.961174
2300 pop1 1.13771 0.948095
2300 pop2 1.14403 0.953359
2400 pop1 1.13894 0.949119
2400 pop2 1.14725 0.95604
2500 pop1 1.13648 0.947071
2500 pop2 1.14826 0.956882
2600 pop1 1.1431 0.952581
2600 pop2 1.14013 0.950108
2700 pop1 1.14633 0.955278
2700 pop2 1.14113 0.950939
2800 pop1 1.14408 0.953404
2800 pop2 1.14508 0.954233
2900 pop1 1.13827 0.948555
2900 pop2 1.14627 0.955226
3000 pop1 1.14334 0.952787
3000 pop2 1.13955 0.949628
3100 pop1 1.14448 0.953737
3100 pop2 1.13742 0.947853
3200 pop1 1.14805 0.956708
3200 pop2 1.1405 0.950418
3300 pop1 1.14349 0.952905
3300 pop2 1.14402 0.95335
3400 pop1 1.14127 0.951061
3400 pop2 1.14405 0.953375
3500 pop1 1.14232 0.951935
3500 pop2 1.14138 0.951151
3600 pop1 1.14416 0.953467
3600 pop2 1.14103 0.950855
3700 pop1 1.14147 0.951229
3700 pop2 1.14664 0.955537
3800 pop1 1.14575 0.954788
3800 pop2 1.13608 0.946731
3900 pop1 1.14199 0.951662
3900 pop2 1.1424 0.952
4000 pop1 1.14515 0.954292
4000 pop2 1.14084 0.9507
4100 pop1 1.14155 0.951288
4100 pop2 1.14045 0.950371
4200 pop1 1.14602 0.955016
4200 pop2 1.14223 0.951859
4300 pop1 1.14499 0.95416
4300 pop2 1.1423 0.951915
4400 pop1 1.14346 0.952886
4400 pop2 1.13616 0.946804
4500 pop1 1.14216 0.951798
4500 pop2 1.13446 0.945385
4600 pop1 1.13973 0.949771
4600 pop2 1.14273 0.952275
4700 pop1 1.14218 0.951814
4700 pop2 1.14159 0.951323
4800 pop1 1.14506 0.954214
4800 pop2 1.1348 0.945668
4900 pop1 1.14043 0.950354
4900 pop2 1.14548 0.954571
5000 pop1 1.14283 0.952361
5000 pop2 1.13724 0.947702
