1 pop1 1.0 0.833333
1 pop2 1.0 0.833333
100 pop1 1.18613 0.98844
100 pop2 1.19016 0.991797
200 pop1 1.19356 0.994632
200 pop2 1.18856 0.990463
300 pop1 1.18803 0.990022
300 pop2 1.19417 0.995145
400 pop1 1.19417 0.995142
400 pop2 1.18527 0.987727
500 pop1 1.1878 0.989831
500 pop2 1.19079 0.992324
600 pop1 1.19414 0.995118
600 pop2 1.1896 0.991333
700 pop1 1.18671 0.988923
700 pop2 1.19241 0.993673
800 pop1 1.18881 0.990673
800 pop2 1.19189 0.993246
900 pop1 1.19192 0.993263
900 pop2 1.19118 0.992646
1000 pop1 1.19129 0.992739
1000 pop2 1.18835 0.990291
1100 pop1 1.19516 0.995963
1100 pop2 1.18878 0.990646
1200 pop1 1.1887 0.990587
1200 pop2 1.19202 0.993351
1300 pop1 1.19195 0.993294
1300 pop2 1.19105 0.992539
1400 pop1 1.18968 0.991398
1400 pop2 1.18975 0.991457
1500 pop1 1.18883 0.990692
1500 pop2 1.19368 0.994735
1600 pop1 1.19275 0.993961
1600 pop2 1.18991 0.991594
1700 pop1 1.18874 0.990614
1700 pop2 1.19119 0.992662
1800 pop1 1.19288 0.994064
1800 pop2 1.18765 0.989708
1900 pop1 1.18977 0.991473
1900 pop2 1.19021 0.991841
2000 pop1 1.18875 0.990622
2000 pop2 1.19397 0.994972
2100 pop1 1.18846 0.990383
2100 pop2 1.19236 0.993633
2200 pop1 1.18853 0.990442
2200 pop2 1.18903 0.990854
2300 pop1 1.19264 0.993863
2300 pop2 1.1933 0.994417
2400 pop1 1.19313 0.994275
2400 pop2 1.19124 0.992701
2500 pop1 1.19115 0.992623
2500 pop2 1.18787 0.989893
2600 pop1 1.19127 0.992729
2600 pop2 1.19058 0.992147
2700 pop1 1.19021 0.991839
2700 pop2 1.18959 0.991323
2800 pop1 1.18747 0.989562
2800 pop2 1.1884 0.990333
2900 pop1 1.19043 0.992028
2900 pop2 1.19178 0.99315
3000 pop1 1.18821 0.990172
3000 pop2 1.19155 0.992957
3100 pop1 1.19517 0.995973
3100 pop2 1.18852 0.990433
3200 pop1 1.19 0.991669
3200 pop2 1.18775 0.989794
3300 pop1 1.18842 0.990351
3300 pop2 1.19301 0.994176
3400 pop1 1.19003 0.991692
3400 pop2 1.18914 0.990948
3500 pop1 1.18989 0.991578
3500 pop2 1.1879 0.989914
3600 pop1 1.18609 0.988408
3600 pop2 1.18895 0.990795
3700 pop1 1.18664 0.988865
3700 pop2 1.18779 0.989826
3800 pop1 1.19178 0.993149
3800 pop2 1.18829 0.990238
3900 pop1 1.19256 0.993796
3900 pop2 1.1931 0.994247
4000 pop1 1.18654 0.988787
4000 pop2 1.1904 0.991996
4100 pop1 1.18847 0.990392
4100 pop2 1.18935 0.991126
4200 pop1 1.19126 0.992715
4200 pop2 1.18833 0.990271
4300 pop1 1.19069 0.992244
4300 pop2 1.18907 0.990895
4400 pop1 1.19321 0.994344
4400 pop2 1.19289 0.994075
4500 pop1 1.1898 0.991503
4500 pop2 1.18841 0.990341
4600 pop1 1.19008 0.99173
4600 pop2 1.19245 0.99371
4700 pop1 1.18988 0.991565
4700 pop2 1.19262 0.993852
4800 pop1 1.19142 0.992852
4800 pop2 1.18912 0.99093
4900 pop1 1.1928 0.994003
4900 pop2 1.18737 0.989476
5000 pop1 1.18803 0.990022
5000 pop2 1.1889 0.990751
