1 pop1 1.0 0.980392
1 pop2 1.0 0.980392
100 pop1 1.00038 0.980764
100 pop2 1.00198 0.982334
200 pop1 1.00133 0.981692
200 pop2 0.999747 0.980144
300 pop1 1.00394 0.984258
300 pop2 0.997952 0.978384
400 pop1 1.00414 0.984455
400 pop2 0.998589 0.979009
500 pop1 1.00481 0.985104
500 pop2 0.99676 0.977216
600 pop1 1.0074 0.987646
600 pop2 0.994463 0.974964
700 pop1 1.00918 0.989391
700 pop2 0.991464 0.972024
800 pop1 1.00738 0.987627
800 pop2 0.995311 0.975795
900 pop1 1.00609 0.986368
900 pop2 0.995894 0.976366
1000 pop1 1.00359 0.983911
1000 pop2 0.997685 0.978123
1100 pop1 1.00929 0.989499
1100 pop2 0.997475 0.977916
1200 pop1 1.01101 0.991185
1200 pop2 0.99897 0.979382
1300 pop1 1.01346 0.993591
1300 pop2 0.999494 0.979896
1400 pop1 1.01385 0.993975
1400 pop2 1.00201 0.982359
1500 pop1 1.01083 0.991007
1500 pop2 1.00774 0.987983
1600 pop1 1.00986 0.990059
1600 pop2 1.00984 0.990034
1700 pop1 1.00826 0.988492
1700 pop2 1.01156 0.991727
1800 pop1 1.0095 0.989705
1800 pop2 1.01151 0.991681
1900 pop1 1.00922 0.989427
1900 pop2 1.01022 0.990415
2000 pop1 1.01113 0.991308
2000 pop2 1.00967 0.989873
2100 pop1 1.01011 0.990303
2100 pop2 1.01055 0.990738
2200 pop1 1.01077 0.990952
2200 pop2 1.00958 0.989785
2300 pop1 1.01103 0.991211
2300 pop2 1.00904 0.989251
2400 pop1 1.01187 0.992029
2400 pop2 1.00898 0.989195
2500 pop1 1.01043 0.99062
2500 pop2 1.00967 0.989876
2600 pop1 1.00974 0.989942
2600 pop2 1.01056 0.990743
2700 pop1 1.01092 0.991099
2700 pop2 1.00934 0.989554
2800 pop1 1.0086 0.988822
2800 pop2 1.0122 0.992357
2900 pop1 1.0069 0.987156
2900 pop2 1.01368 0.9938
3000 pop1 1.00646 0.986729
3000 pop2 1.01384 0.993961
3100 pop1 1.0059 0.986174
3100 pop2 1.01507 0.995167
3200 pop1 1.00489 0.985189
3200 pop2 1.0158 0.995883
3300 pop1 1.00605 0.986324
3300 pop2 1.01441 0.994524
3400 pop1 1.00557 0.98585
3400 pop2 1.01474 0.994848
3500 pop1 1.00593 0.986202
3500 pop2 1.01485 0.994951
3600 pop1 1.00661 0.986874
3600 pop2 1.0146 0.994702
3700 pop1 1.00593 0.98621
3700 pop2 1.01417 0.99428
3800 pop1 1.00667 0.98693
3800 pop2 1.01455 0.994653
3900 pop1 1.00592 0.986198
3900 pop2 1.01527 0.995365
4000 pop1 1.00813 0.988366
4000 pop2 1.01367 0.993794
4100 pop1 1.00827 0.988504
4100 pop2 1.0122 0.99235
4200 pop1 1.00802 0.988259
4200 pop2 1.01295 0.993088
4300 pop1 1.00816 0.988394
4300 pop2 1.01234 0.992492
4400 pop1 1.01009 0.990286
4400 pop2 1.0111 0.991277
4500 pop1 1.00804 0.988276
4500 pop2 1.01292 0.993057
4600 pop1 1.00753 0.987777
4600 pop2 1.01268 0.992828
4700 pop1 1.00558 0.985867
4700 pop2 1.01444 0.994549
4800 pop1 1.00639 0.986657
4800 pop2 1.01383 0.993952
4900 pop1 1.00733 0.98758
4900 pop2 1.01326 0.993388
5000 pop1 1.00858 0.988805
5000 pop2 1.01199 0.992144
