1 pop1 1.0 0.833333
1 pop2 1.0 0.833333
100 pop1 1.19505 0.995871
100 pop2 1.1929 0.994082
200 pop1 1.19176 0.99313
200 pop2 1.18798 0.98998
300 pop1 1.19056 0.992135
300 pop2 1.18767 0.989722
400 pop1 1.19038 0.991981
400 pop2 1.19256 0.993801
500 pop1 1.19099 0.992488
500 pop2 1.19423 0.995195
600 pop1 1.1916 0.993002
600 pop2 1.19173 0.99311
700 pop1 1.18935 0.991125
700 pop2 1.18917 0.990977
800 pop1 1.19311 0.994261
800 pop2 1.18741 0.989505
900 pop1 1.19697 0.997479
900 pop2 1.18928 0.991063
1000 pop1 1.19157 0.992979
1000 pop2 1.19504 0.99587
1100 pop1 1.19727 0.997721
1100 pop2 0.993533 0.827944
1200 pop1 1.20228 1.0019
1200 pop2 0.99319 0.827658
1300 pop1 1.204 1.00333
1300 pop2 0.994294 0.828578
1400 pop1 1.20865 1.00721
1400 pop2 0.997157 0.830964
1500 pop1 1.20905 1.00754
1500 pop2 0.998791 0.832326
1600 pop1 1.21005 1.00838
1600 pop2 0.999064 0.832553
1700 pop1 1.21 1.00833
1700 pop2 1.0 0.833333
1800 pop1 1.21 1.00833
1800 pop2 1.0 0.833333
1900 pop1 1.21 1.00833
1900 pop2 1.0 0.833333
2000 pop1 1.21 1.00833
2000 pop2 1.0 0.833333
2100 pop1 1.21 1.00833
2100 pop2 1.0 0.833333
2200 pop1 1.21 1.00833
2200 pop2 1.0 0.833333
2300 pop1 1.21 1.00833
2300 pop2 1.0 0.833333
2400 pop1 1.21 1.00833
2400 pop2 1.0 0.833333
2500 pop1 1.21 1.00833
2500 pop2 1.0 0.833333
2600 pop1 1.21 1.00833
2600 pop2 1.0 0.833333
2700 pop1 1.21 1.00833
2700 pop2 1.0 0.833333
2800 pop1 1.21 1.00833
2800 pop2 1.0 0.833333
2900 pop1 1.21 1.00833
2900 pop2 1.0 0.833333
3000 pop1 1.21 1.00833
3000 pop2 1.0 0.833333
3100 pop1 1.21 1.00833
3100 pop2 1.0 0.833333
3200 pop1 1.21 1.00833
3200 pop2 1.0 0.833333
3300 pop1 1.21 1.00833
3300 pop2 1.0 0.833333
3400 pop1 1.21 1.00833
3400 pop2 1.0 0.833333
3500 pop1 1.21 1.00833
3500 pop2 1.0 0.833333
3600 pop1 1.21 1.00833
3600 pop2 1.0 0.833333
3700 pop1 1.21 1.00833
3700 pop2 1.0 0.833333
3800 pop1 1.21 1.00833
3800 pop2 1.0 0.833333
3900 pop1 1.21 1.00833
3900 pop2 1.0 0.833333
4000 pop1 1.21 1.00833
4000 pop2 1.0 0.833333
4100 pop1 1.21 1.00833
4100 pop2 1.0 0.833333
4200 pop1 1.21 1.00833
4200 pop2 1.0 0.833333
4300 pop1 1.21 1.00833
4300 pop2 1.0 0.833333
4400 pop1 1.21 1.00833
4400 pop2 1.0 0.833333
4500 pop1 1.21 1.00833
4500 pop2 1.0 0.833333
4600 pop1 1.21 1.00833
4600 pop2 1.0 0.833333
4700 pop1 1.21 1.00833
4700 pop2 1.0 0.833333
4800 pop1 1.21 1.00833
4800 pop2 1.0 0.833333
4900 pop1 1.21 1.00833
4900 pop2 1.0 0.833333
5000 pop1 1.21 1.00833
5000 pop2 1.0 0.833333
