1 pop1 1.0 0.909091
1 pop2 1.0 0.909091
100 pop1 1.03742 0.943113
100 pop2 1.03334 0.939402
200 pop1 1.03671 0.942461
200 pop2 1.03513 0.94103
300 pop1 1.0339 0.939913
300 pop2 1.0315 0.937724
400 pop1 1.02531 0.932098
400 pop2 1.03447 0.940428
500 pop1 1.02986 0.936233
500 pop2 1.03625 0.942042
600 pop1 1.03117 0.937431
600 pop2 1.03842 0.944018
700 pop1 1.03667 0.942427
700 pop2 1.02988 0.936253
800 pop1 1.03666 0.942421
800 pop2 1.03334 0.939404
900 pop1 1.03649 0.94226
900 pop2 1.03855 0.944137
1000 pop1 1.0364 0.942185
1000 pop2 1.03583 0.941668
1100 pop1 1.06312 0.96647
1100 pop2 1.05042 0.954923
1200 pop1 1.05864 0.9624
1200 pop2 1.06156 0.965057
1300 pop1 1.05698 0.960895
1300 pop2 1.0624 0.965818
1400 pop1 1.05828 0.96207
1400 pop2 1.06325 0.966591
1500 pop1 1.06007 0.963703
1500 pop2 1.06186 0.965329
1600 pop1 1.06341 0.96674
1600 pop2 1.06154 0.965033
1700 pop1 1.05845 0.962229
1700 pop2 1.06509 0.968262
1800 pop1 1.05627 0.960249
1800 pop2 1.06684 0.969852
1900 pop1 1.05822 0.962016
1900 pop2 1.05828 0.962074
2000 pop1 1.06015 0.96377
2000 pop2 1.06386 0.967144
2100 pop1 1.06179 0.965262
2100 pop2 1.06014 0.96376
2200 pop1 1.05845 0.96223
2200 pop2 1.06413 0.967387
2300 pop1 1.06755 0.970503
2300 pop2 1.05372 0.957923
2400 pop1 1.06341 0.966736
2400 pop2 1.05541 0.959465
2500 pop1 1.06659 0.969631
2500 pop2 1.05917 0.962884
2600 pop1 1.066 0.96909
2600 pop2 1.05723 0.961119
2700 pop1 1.06197 0.965427
2700 pop2 1.05922 0.962931
2800 pop1 1.06319 0.966537
2800 pop2 1.06444 0.967668
2900 pop1 1.06071 0.96428
2900 pop2 1.0601 0.963727
3000 pop1 1.061 0.964547
3000 pop2 1.0596 0.963274
3100 pop1 1.06158 0.965072
3100 pop2 1.05954 0.96322
3200 pop1 1.06023 0.963847
3200 pop2 1.06336 0.966691
3300 pop1 1.06502 0.968197
3300 pop2 1.05903 0.962755
3400 pop1 1.0639 0.967177
3400 pop2 1.05654 0.960489
3500 pop1 1.05446 0.958604
3500 pop2 1.06339 0.966714
3600 pop1 1.05832 0.962108
3600 pop2 1.06386 0.967144
3700 pop1 1.05749 0.961351
3700 pop2 1.06517 0.968339
3800 pop1 1.06298 0.966343
3800 pop2 1.06497 0.968158
3900 pop1 1.05692 0.960839
3900 pop2 1.06425 0.967496
4000 pop1 1.05901 0.962733
4000 pop2 1.06413 0.967389
4100 pop1 1.06818 0.971071
4100 pop2 1.05659 0.960532
4200 pop1 1.0603 0.963907
4200 pop2 1.05752 0.961386
4300 pop1 1.06336 0.966688
4300 pop2 1.06062 0.964202
4400 pop1 1.06293 0.966296
4400 pop2 1.05808 0.961894
4500 pop1 1.06263 0.966026
4500 pop2 1.05898 0.962709
4600 pop1 1.06487 0.968062
4600 pop2 1.05948 0.963161
4700 pop1 1.05986 0.963508
4700 pop2 1.06604 0.969123
4800 pop1 1.06532 0.968477
4800 pop2 1.05687 0.960787
4900 pop1 1.06383 0.967123
4900 pop2 1.05978 0.963438
5000 pop1 1.06303 0.966389
5000 pop2 1.05649 0.960447
