1 pop1 1.0 0.980392
1 pop2 1.0 0.980392
100 pop1 1.00745 0.987694
100 pop2 1.00892 0.989141
200 pop1 1.00868 0.988906
200 pop2 1.00883 0.989047
300 pop1 1.00699 0.987242
300 pop2 1.01081 0.990992
400 pop1 1.00732 0.987571
400 pop2 1.01159 0.991755
500 pop1 1.01024 0.990429
500 pop2 1.00716 0.987408
600 pop1 1.00749 0.987739
600 pop2 1.00834 0.988573
700 pop1 1.00589 0.986167
700 pop2 1.00907 0.989282
800 pop1 1.00655 0.986809
800 pop2 1.00828 0.988507
900 pop1 1.00912 0.989334
900 pop2 1.00898 0.989199
1000 pop1 1.00906 0.989278
1000 pop2 1.00917 0.98938
1100 pop1 1.0093 0.989506
1100 pop2 0.998125 0.978554
1200 pop1 1.01291 0.993045
1200 pop2 0.997915 0.978348
1300 pop1 1.01597 0.99605
1300 pop2 0.997288 0.977733
1400 pop1 1.01742 0.99747
1400 pop2 0.996118 0.976586
1500 pop1 1.01747 0.997517
1500 pop2 0.996844 0.977298
1600 pop1 1.01815 0.998188
1600 pop2 0.997882 0.978316
1700 pop1 1.01843 0.998464
1700 pop2 0.997021 0.977471
1800 pop1 1.0195 0.999508
1800 pop2 0.996112 0.97658
1900 pop1 1.02006 1.00006
1900 pop2 0.996617 0.977076
2000 pop1 1.02011 1.00011
2000 pop2 0.996925 0.977377
2100 pop1 1.02011 1.0001
2100 pop2 0.997063 0.977513
2200 pop1 1.02011 1.0001
2200 pop2 0.998364 0.978788
2300 pop1 1.0201 1.0001
2300 pop2 0.999242 0.979649
2400 pop1 1.0201 1.0001
2400 pop2 0.999661 0.98006
2500 pop1 1.0201 1.0001
2500 pop2 0.999717 0.980114
2600 pop1 1.0201 1.0001
2600 pop2 0.999888 0.980283
2700 pop1 1.0201 1.0001
2700 pop2 1.0 0.980392
2800 pop1 1.0201 1.0001
2800 pop2 1.0 0.980392
2900 pop1 1.0201 1.0001
2900 pop2 1.0 0.980392
3000 pop1 1.0201 1.0001
3000 pop2 1.0 0.980392
3100 pop1 1.0201 1.0001
3100 pop2 1.0 0.980392
3200 pop1 1.0201 1.0001
3200 pop2 1.0 0.980392
3300 pop1 1.0201 1.0001
3300 pop2 1.0 0.980392
3400 pop1 1.0201 1.0001
3400 pop2 1.0 0.980392
3500 pop1 1.0201 1.0001
3500 pop2 1.0 0.980392
3600 pop1 1.0201 1.0001
3600 pop2 1.0 0.980392
3700 pop1 1.0201 1.0001
3700 pop2 1.0 0.980392
3800 pop1 1.0201 1.0001
3800 pop2 1.0 0.980392
3900 pop1 1.0201 1.0001
3900 pop2 1.0 0.980392
4000 pop1 1.0201 1.0001
4000 pop2 1.0 0.980392
4100 pop1 1.0201 1.0001
4100 pop2 1.0 0.980392
4200 pop1 1.0201 1.0001
4200 pop2 1.0 0.980392
4300 pop1 1.0201 1.0001
4300 pop2 1.0 0.980392
4400 pop1 1.0201 1.0001
4400 pop2 1.0 0.980392
4500 pop1 1.0201 1.0001
4500 pop2 1.0 0.980392
4600 pop1 1.0201 1.0001
4600 pop2 1.0 0.980392
4700 pop1 1.0201 1.0001
4700 pop2 1.0 0.980392
4800 pop1 1.0201 1.0001
4800 pop2 1.0 0.980392
4900 pop1 1.0201 1.0001
4900 pop2 1.0 0.980392
5000 pop1 1.0201 1.0001
5000 pop2 1.0 0.980392
