1 pop1 1.0 0.909091
1 pop2 1.0 0.909091
100 pop1 1.03948 0.944986
100 pop2 1.02976 0.936145
200 pop1 1.03813 0.943758
200 pop2 1.03359 0.939624
300 pop1 1.03267 0.938786
300 pop2 1.0369 0.942634
400 pop1 1.03356 0.939596
400 pop2 1.03204 0.93822
500 pop1 1.03237 0.938518
500 pop2 1.03632 0.942108
600 pop1 1.03984 0.945306
600 pop2 1.02784 0.934398
700 pop1 1.03618 0.941981
700 pop2 1.03236 0.93851
800 pop1 1.03102 0.937288
800 pop2 1.03631 0.942097
900 pop1 1.03443 0.940393
900 pop2 1.02983 0.936205
1000 pop1 1.03153 0.937751
1000 pop2 1.03909 0.94463
1100 pop1 1.05924 0.962942
1100 pop2 1.05038 0.95489
1200 pop1 1.055 0.959092
1200 pop2 1.06586 0.968964
1300 pop1 1.05381 0.958013
1300 pop2 1.06045 0.964046
1400 pop1 1.05442 0.95856
1400 pop2 1.06384 0.967124
1500 pop1 1.0573 0.961184
1500 pop2 1.05972 0.963382
1600 pop1 1.06155 0.965044
1600 pop2 1.0613 0.964819
1700 pop1 1.0602 0.96382
1700 pop2 1.06263 0.966024
1800 pop1 1.0581 0.961905
1800 pop2 1.06054 0.964124
1900 pop1 1.0613 0.964822
1900 pop2 1.06362 0.966924
2000 pop1 1.06074 0.964312
2000 pop2 1.06154 0.96504
2100 pop1 1.06421 0.967459
2100 pop2 1.05752 0.961383
2200 pop1 1.06476 0.967963
2200 pop2 1.05468 0.958798
2300 pop1 1.06292 0.966294
2300 pop2 1.06399 0.967268
2400 pop1 1.05953 0.963206
2400 pop2 1.06217 0.965607
2500 pop1 1.06052 0.964112
2500 pop2 1.06237 0.96579
2600 pop1 1.06473 0.967941
2600 pop2 1.05751 0.961369
2700 pop1 1.05726 0.961149
2700 pop2 1.06164 0.965127
2800 pop1 1.06117 0.964699
2800 pop2 1.06046 0.964057
2900 pop1 1.05917 0.962886
2900 pop2 1.05865 0.962413
3000 pop1 1.06266 0.966054
3000 pop2 1.06268 0.966073
3100 pop1 1.06202 0.965473
3100 pop2 1.06144 0.964942
3200 pop1 1.06653 0.969571
3200 pop2 1.05697 0.96088
3300 pop1 1.06106 0.9646
3300 pop2 1.05946 0.963148
3400 pop1 1.05799 0.961806
3400 pop2 1.06239 0.965809
3500 pop1 1.05781 0.96165
3500 pop2 1.06896 0.971781
3600 pop1 1.06 0.963635
3600 pop2 1.05983 0.96348
3700 pop1 1.05631 0.960286
3700 pop2 1.06633 0.969387
3800 pop1 1.05511 0.959194
3800 pop2 1.06544 0.968582
3900 pop1 1.06291 0.966283
3900 pop2 1.06165 0.965134
4000 pop1 1.06305 0.966413
4000 pop2 1.06066 0.964232
4100 pop1 1.06301 0.966371
4100 pop2 1.05751 0.961369
4200 pop1 1.06229 0.965716
4200 pop2 1.05872 0.962476
4300 pop1 1.06327 0.966611
4300 pop2 1.05755 0.96141
4400 pop1 1.06804 0.970944
4400 pop2 1.05641 0.960375
4500 pop1 1.06257 0.965968
4500 pop2 1.06069 0.964264
4600 pop1 1.0645 0.967725
4600 pop2 1.06015 0.963772
4700 pop1 1.06623 0.969296
4700 pop2 1.05739 0.961262
4800 pop1 1.06798 0.970888
4800 pop2 1.05601 0.960008
4900 pop1 1.06164 0.96513
4900 pop2 1.05569 0.959719
5000 pop1 1.06488 0.96807
5000 pop2 1.05852 0.96229
