1 pop1 1.0 0.980392
1 pop2 1.0 0.980392
100 pop1 1.0049 0.985199
100 pop2 1.00783 0.988067
200 pop1 1.00758 0.987824
200 pop2 1.00391 0.984222
300 pop1 1.00791 0.98815
300 pop2 1.00314 0.983469
400 pop1 1.00737 0.987617
400 pop2 1.00407 0.984387
500 pop1 1.00672 0.986978
500 pop2 1.00474 0.985034
600 pop1 1.00679 0.987052
600 pop2 1.0052 0.985491
700 pop1 1.00747 0.987714
700 pop2 1.00388 0.984193
800 pop1 1.00885 0.98907
800 pop2 1.00436 0.984669
900 pop1 1.00758 0.987821
900 pop2 1.0016 0.981963
1000 pop1 1.00717 0.987425
1000 pop2 1.00481 0.985111
1100 pop1 1.00768 0.987925
1100 pop2 1.00664 0.986898
1200 pop1 1.01083 0.991005
1200 pop2 1.01029 0.990476
1300 pop1 1.0108 0.990983
1300 pop2 1.01244 0.992584
1400 pop1 1.01038 0.990566
1400 pop2 1.0132 0.993333
1500 pop1 1.01215 0.992307
1500 pop2 1.01224 0.992391
1600 pop1 1.0095 0.989701
1600 pop2 1.01285 0.992986
1700 pop1 1.0111 0.99127
1700 pop2 1.01397 0.994091
1800 pop1 1.00898 0.989199
1800 pop2 1.01431 0.994426
1900 pop1 1.00923 0.989437
1900 pop2 1.01432 0.994436
2000 pop1 1.00967 0.989877
2000 pop2 1.01523 0.995319
2100 pop1 1.00796 0.988193
2100 pop2 1.01556 0.995643
2200 pop1 1.00826 0.98849
2200 pop2 1.01478 0.994879
2300 pop1 1.00902 0.989232
2300 pop2 1.01605 0.99613
2400 pop1 1.00879 0.989012
2400 pop2 1.01546 0.995552
2500 pop1 1.00843 0.988654
2500 pop2 1.01607 0.996148
2600 pop1 1.00839 0.988613
2600 pop2 1.01659 0.996658
2700 pop1 1.00712 0.987375
2700 pop2 1.01639 0.996461
2800 pop1 1.00759 0.987835
2800 pop2 1.01736 0.997408
2900 pop1 1.00979 0.989989
2900 pop2 1.01552 0.995611
3000 pop1 1.01042 0.99061
3000 pop2 1.01389 0.994008
3100 pop1 1.01113 0.991307
3100 pop2 1.014 0.994122
3200 pop1 1.0105 0.990682
3200 pop2 1.01405 0.994166
3300 pop1 1.01079 0.990966
3300 pop2 1.0139 0.994024
3400 pop1 1.01099 0.991165
3400 pop2 1.01403 0.994146
3500 pop1 1.01258 0.992729
3500 pop2 1.0129 0.993041
3600 pop1 1.01133 0.991497
3600 pop2 1.01273 0.992871
3700 pop1 1.01233 0.992479
3700 pop2 1.0126 0.992744
3800 pop1 1.01155 0.991719
3800 pop2 1.01429 0.994406
3900 pop1 1.01371 0.993834
3900 pop2 1.01175 0.991908
4000 pop1 1.0131 0.993232
4000 pop2 1.01178 0.991946
4100 pop1 1.01051 0.990692
4100 pop2 1.01359 0.993714
4200 pop1 1.01151 0.991674
4200 pop2 1.01312 0.993251
4300 pop1 1.01143 0.991603
4300 pop2 1.01308 0.993215
4400 pop1 1.01187 0.992031
4400 pop2 1.01407 0.994182
4500 pop1 1.01138 0.991551
4500 pop2 1.01238 0.992533
4600 pop1 1.01182 0.991979
4600 pop2 1.01246 0.992608
4700 pop1 1.01229 0.992439
4700 pop2 1.01224 0.992391
4800 pop1 1.01094 0.991115
4800 pop2 1.01279 0.992935
4900 pop1 1.012 0.992161
4900 pop2 1.01253 0.992675
5000 pop1 1.0131 0.993235
5000 pop2 1.01241 0.99256
