1 pop1 1.0 0.909091
1 pop2 1.0 0.909091
100 pop1 1.01532 0.923016
100 pop2 1.01437 0.922155
200 pop1 1.01926 0.9266
200 pop2 1.01269 0.920625
300 pop1 1.01487 0.922607
300 pop2 1.01274 0.920677
400 pop1 1.01042 0.918563
400 pop2 1.01463 0.922389
500 pop1 1.00876 0.917053
500 pop2 1.02063 0.927843
600 pop1 1.00766 0.916059
600 pop2 1.0191 0.926452
700 pop1 1.01852 0.92593
700 pop2 1.00929 0.91754
800 pop1 1.02461 0.93146
800 pop2 1.00513 0.913753
900 pop1 1.01745 0.92495
900 pop2 1.01187 0.919881
1000 pop1 1.01861 0.926006
1000 pop2 1.00958 0.917803
1100 pop1 1.06547 0.968607
1100 pop2 1.03866 0.944238
1200 pop1 1.05882 0.96256
1200 pop2 1.05237 0.956704
1300 pop1 1.06004 0.963676
1300 pop2 1.05006 0.954599
1400 pop1 1.05816 0.961968
1400 pop2 1.05233 0.956663
1500 pop1 1.05818 0.96198
1500 pop2 1.04986 0.954417
1600 pop1 1.05765 0.961496
1600 pop2 1.05251 0.956826
1700 pop1 1.05291 0.957188
1700 pop2 1.05738 0.961253
1800 pop1 1.05187 0.956243
1800 pop2 1.05875 0.962496
1900 pop1 1.0542 0.958363
1900 pop2 1.05923 0.962933
2000 pop1 1.05342 0.957654
2000 pop2 1.05694 0.960856
2100 pop1 1.05739 0.961265
2100 pop2 1.05386 0.958054
2200 pop1 1.05933 0.963027
2200 pop2 1.05183 0.956205
2300 pop1 1.0625 0.965912
2300 pop2 1.04547 0.950424
2400 pop1 1.05734 0.961215
2400 pop2 1.05299 0.957262
2500 pop1 1.05733 0.961212
2500 pop2 1.05282 0.957111
2600 pop1 1.0606 0.964179
2600 pop2 1.05207 0.956426
2700 pop1 1.05344 0.957672
2700 pop2 1.05434 0.958488
2800 pop1 1.05424 0.9584
2800 pop2 1.05696 0.960875
2900 pop1 1.05515 0.959227
2900 pop2 1.05759 0.961442
3000 pop1 1.06069 0.964265
3000 pop2 1.05169 0.956084
3100 pop1 1.05937 0.963062
3100 pop2 1.05237 0.956704
3200 pop1 1.05256 0.956871
3200 pop2 1.05991 0.963556
3300 pop1 1.04885 0.953501
3300 pop2 1.06202 0.965473
3400 pop1 1.05224 0.956581
3400 pop2 1.0587 0.962453
3500 pop1 1.05729 0.96117
3500 pop2 1.05351 0.957738
3600 pop1 1.05181 0.956192
3600 pop2 1.05771 0.961551
3700 pop1 1.05848 0.962252
3700 pop2 1.05453 0.958664
3800 pop1 1.05247 0.956792
3800 pop2 1.05914 0.962855
3900 pop1 1.05465 0.958772
3900 pop2 1.05705 0.960959
4000 pop1 1.06328 0.966616
4000 pop2 1.05169 0.956085
4100 pop1 1.05239 0.956722
4100 pop2 1.05609 0.960085
4200 pop1 1.0493 0.953908
4200 pop2 1.06352 0.966836
4300 pop1 1.05385 0.958048
4300 pop2 1.05557 0.959612
4400 pop1 1.04604 0.950941
4400 pop2 1.06136 0.964873
4500 pop1 1.04993 0.954481
4500 pop2 1.05858 0.962344
4600 pop1 1.05921 0.962915
4600 pop2 1.05403 0.958211
4700 pop1 1.05547 0.959521
4700 pop2 1.05245 0.956772
4800 pop1 1.06374 0.967035
4800 pop2 1.05048 0.954979
4900 pop1 1.05443 0.958571
4900 pop2 1.05416 0.958331
5000 pop1 1.05811 0.96192
5000 pop2 1.05597 0.959972
