1 pop1 1.0 0.980392
1 pop2 1.0 0.980392
100 pop1 1.00551 0.985797
100 pop2 1.00571 0.985992
200 pop1 1.00556 0.985842
200 pop2 1.00478 0.985075
300 pop1 1.0088 0.98902
300 pop2 1.00137 0.981736
400 pop1 1.00664 0.9869
400 pop2 1.00451 0.984812
500 pop1 1.00592 0.986201
500 pop2 1.0048 0.985096
600 pop1 1.00475 0.985048
600 pop2 1.00423 0.984539
700 pop1 1.00755 0.987797
700 pop2 1.00405 0.984359
800 pop1 1.00753 0.987776
800 pop2 1.00601 0.986282
900 pop1 1.00347 0.983792
900 pop2 1.007 0.987256
1000 pop1 1.00403 0.984344
1000 pop2 1.00699 0.987244
1100 pop1 1.00582 0.9861
1100 pop2 1.00529 0.985577
1200 pop1 1.00979 0.989988
1200 pop2 1.00784 0.988081
1300 pop1 1.01323 0.993367
1300 pop2 1.009 0.989216
1400 pop1 1.01188 0.992043
1400 pop2 1.01069 0.990875
1500 pop1 1.01083 0.99101
1500 pop2 1.01253 0.992676
1600 pop1 1.01195 0.99211
1600 pop2 1.01231 0.992461
1700 pop1 1.01213 0.992287
1700 pop2 1.01161 0.991773
1800 pop1 1.01385 0.993972
1800 pop2 1.01221 0.992359
1900 pop1 1.01305 0.99319
1900 pop2 1.01115 0.991326
2000 pop1 1.01427 0.994384
2000 pop2 1.01138 0.991553
2100 pop1 1.01261 0.992752
2100 pop2 1.01214 0.99229
2200 pop1 1.01105 0.991222
2200 pop2 1.01356 0.993689
2300 pop1 1.01169 0.991852
2300 pop2 1.01344 0.993568
2400 pop1 1.01185 0.992012
2400 pop2 1.01344 0.993572
2500 pop1 1.01249 0.992639
2500 pop2 1.01277 0.992916
2600 pop1 1.01185 0.992009
2600 pop2 1.013 0.993139
2700 pop1 1.0129 0.993035
2700 pop2 1.01327 0.993402
2800 pop1 1.01179 0.991948
2800 pop2 1.01299 0.993126
2900 pop1 1.00951 0.989713
2900 pop2 1.01401 0.994123
3000 pop1 1.00867 0.988892
3000 pop2 1.01321 0.993342
3100 pop1 1.01005 0.990247
3100 pop2 1.01439 0.994504
3200 pop1 1.01116 0.991333
3200 pop2 1.01448 0.994589
3300 pop1 1.01175 0.991912
3300 pop2 1.01273 0.992877
3400 pop1 1.01251 0.992661
3400 pop2 1.01234 0.992489
3500 pop1 1.01231 0.992458
3500 pop2 1.01364 0.993764
3600 pop1 1.00976 0.989963
3600 pop2 1.01332 0.993453
3700 pop1 1.01093 0.991107
3700 pop2 1.01389 0.994014
3800 pop1 1.01037 0.990557
3800 pop2 1.01331 0.993439
3900 pop1 1.01117 0.991345
3900 pop2 1.01385 0.993972
4000 pop1 1.01023 0.990426
4000 pop2 1.01285 0.992986
4100 pop1 1.01154 0.991706
4100 pop2 1.01214 0.992294
4200 pop1 1.01182 0.991976
4200 pop2 1.01233 0.992476
4300 pop1 1.01284 0.992982
4300 pop2 1.01454 0.994645
4400 pop1 1.01163 0.991796
4400 pop2 1.01281 0.992951
4500 pop1 1.01281 0.99295
4500 pop2 1.01173 0.991894
4600 pop1 1.01259 0.99274
4600 pop2 1.01147 0.991642
4700 pop1 1.01368 0.993801
4700 pop2 1.01211 0.992268
4800 pop1 1.01269 0.99283
4800 pop2 1.01193 0.992092
4900 pop1 1.0128 0.992945
4900 pop2 1.0113 0.991467
5000 pop1 1.01374 0.993861
5000 pop2 1.01144 0.991604
