1 pop1 1.0 0.980392
1 pop2 1.0 0.980392
100 pop1 1.0024 0.982744
100 pop2 0.999817 0.980213
200 pop1 1.00289 0.98323
200 pop2 0.998349 0.978773
300 pop1 1.00352 0.983842
300 pop2 0.998462 0.978884
400 pop1 0.999115 0.979524
400 pop2 1.00322 0.98355
500 pop1 0.999168 0.979576
500 pop2 1.00215 0.982496
600 pop1 1.00151 0.981869
600 pop2 1.00016 0.980553
700 pop1 1.00148 0.981846
700 pop2 1.00112 0.981493
800 pop1 1.00358 0.983903
800 pop2 0.997371 0.977815
900 pop1 1.00654 0.9868
900 pop2 0.995731 0.976207
1000 pop1 1.00422 0.984532
1000 pop2 0.997679 0.978117
1100 pop1 1.00932 0.989526
1100 pop2 0.995865 0.976338
1200 pop1 1.01376 0.993882
1200 pop2 0.995461 0.975942
1300 pop1 1.01844 0.998467
1300 pop2 0.995073 0.975562
1400 pop1 1.01888 0.9989
1400 pop2 0.995654 0.976131
1500 pop1 1.01999 0.999989
1500 pop2 0.996399 0.976862
1600 pop1 1.0201 1.0001
1600 pop2 0.997547 0.977988
1700 pop1 1.0201 1.0001
1700 pop2 0.998619 0.979039
1800 pop1 1.0201 1.0001
1800 pop2 0.999122 0.979532
1900 pop1 1.0201 1.0001
1900 pop2 0.999178 0.979586
2000 pop1 1.0201 1.0001
2000 pop2 0.999501 0.979903
2100 pop1 1.0201 1.0001
2100 pop2 0.99998 0.980373
2200 pop1 1.0201 1.0001
2200 pop2 0.999988 0.98038
2300 pop1 1.0201 1.0001
2300 pop2 1.0 0.980392
2400 pop1 1.0201 1.0001
2400 pop2 1.0 0.980392
2500 pop1 1.0201 1.0001
2500 pop2 1.0 0.980392
2600 pop1 1.0201 1.0001
2600 pop2 1.0 0.980392
2700 pop1 1.0201 1.0001
2700 pop2 1.0 0.980392
2800 pop1 1.0201 1.0001
2800 pop2 1.0 0.980392
2900 pop1 1.0201 1.0001
2900 pop2 1.0 0.980392
3000 pop1 1.0201 1.0001
3000 pop2 1.0 0.980392
3100 pop1 1.0201 1.0001
3100 pop2 1.0 0.980392
3200 pop1 1.0201 1.0001
3200 pop2 1.0 0.980392
3300 pop1 1.0201 1.0001
3300 pop2 1.0 0.980392
3400 pop1 1.0201 1.0001
3400 pop2 1.0 0.980392
3500 pop1 1.0201 1.0001
3500 pop2 1.0 0.980392
3600 pop1 1.0201 1.0001
3600 pop2 1.0 0.980392
3700 pop1 1.0201 1.0001
3700 pop2 1.0 0.980392
3800 pop1 1.0201 1.0001
3800 pop2 1.0 0.980392
3900 pop1 1.0201 1.0001
3900 pop2 1.0 0.980392
4000 pop1 1.0201 1.0001
4000 pop2 1.0 0.980392
4100 pop1 1.0201 1.0001
4100 pop2 1.0 0.980392
4200 pop1 1.0201 1.0001
4200 pop2 1.0 0.980392
4300 pop1 1.0201 1.0001
4300 pop2 1.0 0.980392
4400 pop1 1.0201 1.0001
4400 pop2 1.0 0.980392
4500 pop1 1.0201 1.0001
4500 pop2 1.0 0.980392
4600 pop1 1.0201 1.0001
4600 pop2 1.0 0.980392
4700 pop1 1.0201 1.0001
4700 pop2 1.0 0.980392
4800 pop1 1.0201 1.0001
4800 pop2 1.0 0.980392
4900 pop1 1.0201 1.0001
4900 pop2 1.0 0.980392
5000 pop1 1.0201 1.0001
5000 pop2 1.0 0.980392
