1 pop1 1.0 0.980392
1 pop2 1.0 0.980392
100 pop1 1.00344 0.983762
100 pop2 1.0009 0.981273
200 pop1 0.999246 0.979653
200 pop2 1.00274 0.98308
300 pop1 1.00109 0.98146
300 pop2 1.00168 0.982038
400 pop1 1.0029 0.983236
400 pop2 1.0018 0.982155
500 pop1 1.0011 0.981472
500 pop2 1.00298 0.983313
600 pop1 0.998645 0.979064
600 pop2 1.00487 0.985162
700 pop1 0.999052 0.979463
700 pop2 1.00435 0.984657
800 pop1 1.00038 0.980769
800 pop2 1.00444 0.984745
900 pop1 0.998541 0.978962
900 pop2 1.00371 0.984032
1000 pop1 0.997482 0.977924
1000 pop2 1.00461 0.984911
1100 pop1 1.00886 0.98908
1100 pop2 0.99721 0.977657
1200 pop1 1.01611 0.996182
1200 pop2 0.99717 0.977617
1300 pop1 1.01629 0.996361
1300 pop2 0.9975 0.977941
1400 pop1 1.01778 0.997821
1400 pop2 0.997315 0.977759
1500 pop1 1.01928 0.999295
1500 pop2 0.998855 0.97927
1600 pop1 1.01951 0.999515
1600 pop2 0.999501 0.979903
1700 pop1 1.0201 1.0001
1700 pop2 0.999477 0.97988
1800 pop1 1.0201 1.0001
1800 pop2 0.999246 0.979653
1900 pop1 1.0201 1.0001
1900 pop2 0.999154 0.979563
2000 pop1 1.0201 1.0001
2000 pop2 0.999585 0.979985
2100 pop1 1.0201 1.0001
2100 pop2 0.99998 0.980373
2200 pop1 1.0201 1.0001
2200 pop2 1.0 0.980392
2300 pop1 1.0201 1.0001
2300 pop2 1.0 0.980392
2400 pop1 1.0201 1.0001
2400 pop2 1.0 0.980392
2500 pop1 1.0201 1.0001
2500 pop2 1.0 0.980392
2600 pop1 1.0201 1.0001
2600 pop2 1.0 0.980392
2700 pop1 1.0201 1.0001
2700 pop2 1.0 0.980392
2800 pop1 1.0201 1.0001
2800 pop2 1.0 0.980392
2900 pop1 1.0201 1.0001
2900 pop2 1.0 0.980392
3000 pop1 1.0201 1.0001
3000 pop2 1.0 0.980392
3100 pop1 1.0201 1.0001
3100 pop2 1.0 0.980392
3200 pop1 1.0201 1.0001
3200 pop2 1.0 0.980392
3300 pop1 1.0201 1.0001
3300 pop2 1.0 0.980392
3400 pop1 1.0201 1.0001
3400 pop2 1.0 0.980392
3500 pop1 1.0201 1.0001
3500 pop2 1.0 0.980392
3600 pop1 1.0201 1.0001
3600 pop2 1.0 0.980392
3700 pop1 1.0201 1.0001
3700 pop2 1.0 0.980392
3800 pop1 1.0201 1.0001
3800 pop2 1.0 0.980392
3900 pop1 1.0201 1.0001
3900 pop2 1.0 0.980392
4000 pop1 1.0201 1.0001
4000 pop2 1.0 0.980392
4100 pop1 1.0201 1.0001
4100 pop2 1.0 0.980392
4200 pop1 1.0201 1.0001
4200 pop2 1.0 0.980392
4300 pop1 1.0201 1.0001
4300 pop2 1.0 0.980392
4400 pop1 1.0201 1.0001
4400 pop2 1.0 0.980392
4500 pop1 1.0201 1.0001
4500 pop2 1.0 0.980392
4600 pop1 1.0201 1.0001
4600 pop2 1.0 0.980392
4700 pop1 1.0201 1.0001
4700 pop2 1.0 0.980392
4800 pop1 1.0201 1.0001
4800 pop2 1.0 0.980392
4900 pop1 1.0201 1.0001
4900 pop2 1.0 0.980392
5000 pop1 1.0201 1.0001
5000 pop2 1.0 0.980392
