1 pop1 1.0 0.980392
1 pop2 1.0 0.980392
100 pop1 1.00244 0.982784
100 pop2 1.00119 0.981559
200 pop1 1.00184 0.982197
200 pop2 1.00217 0.982524
300 pop1 1.0048 0.9851
300 pop2 0.997781 0.978217
400 pop1 1.00387 0.984188
400 pop2 0.99926 0.979666
500 pop1 1.00372 0.984035
500 pop2 0.998908 0.979322
600 pop1 1.00553 0.985811
600 pop2 0.998873 0.979288
700 pop1 1.00277 0.983113
700 pop2 1.0002 0.980591
800 pop1 1.00279 0.983129
800 pop2 0.999757 0.980154
900 pop1 1.00155 0.981908
900 pop2 1.0017 0.98206
1000 pop1 0.99919 0.979598
1000 pop2 1.00403 0.984342
1100 pop1 1.00783 0.98807
1100 pop2 0.995218 0.975704
1200 pop1 1.01107 0.991244
1200 pop2 0.995165 0.975652
1300 pop1 1.01535 0.995439
1300 pop2 0.993982 0.974492
1400 pop1 1.01872 0.998748
1400 pop2 0.993641 0.974158
1500 pop1 1.01944 0.99945
1500 pop2 0.993803 0.974317
1600 pop1 1.01964 0.999647
1600 pop2 0.993599 0.974117
1700 pop1 1.02011 1.00011
1700 pop2 0.993905 0.974417
1800 pop1 1.02011 1.00011
1800 pop2 0.99498 0.975471
1900 pop1 1.02011 1.00011
1900 pop2 0.99558 0.976059
2000 pop1 1.02011 1.00011
2000 pop2 0.995759 0.976234
2100 pop1 1.02011 1.00011
2100 pop2 0.996844 0.977298
2200 pop1 1.02011 1.00011
2200 pop2 0.997019 0.97747
2300 pop1 1.0201 1.0001
2300 pop2 0.998212 0.97864
2400 pop1 1.0201 1.0001
2400 pop2 0.99907 0.979481
2500 pop1 1.0201 1.0001
2500 pop2 0.999218 0.979625
2600 pop1 1.0201 1.0001
2600 pop2 0.999453 0.979856
2700 pop1 1.0201 1.0001
2700 pop2 0.999469 0.979872
2800 pop1 1.0201 1.0001
2800 pop2 0.999645 0.980044
2900 pop1 1.0201 1.0001
2900 pop2 0.999573 0.979974
3000 pop1 1.0201 1.0001
3000 pop2 0.999709 0.980107
3100 pop1 1.0201 1.0001
3100 pop2 0.999621 0.980021
3200 pop1 1.0201 1.0001
3200 pop2 0.999669 0.980067
3300 pop1 1.0201 1.0001
3300 pop2 0.999549 0.97995
3400 pop1 1.0201 1.0001
3400 pop2 0.999888 0.980283
3500 pop1 1.0201 1.0001
3500 pop2 1.0 0.980392
3600 pop1 1.0201 1.0001
3600 pop2 1.0 0.980392
3700 pop1 1.0201 1.0001
3700 pop2 1.0 0.980392
3800 pop1 1.0201 1.0001
3800 pop2 1.0 0.980392
3900 pop1 1.0201 1.0001
3900 pop2 1.0 0.980392
4000 pop1 1.0201 1.0001
4000 pop2 1.0 0.980392
4100 pop1 1.0201 1.0001
4100 pop2 1.0 0.980392
4200 pop1 1.0201 1.0001
4200 pop2 1.0 0.980392
4300 pop1 1.0201 1.0001
4300 pop2 1.0 0.980392
4400 pop1 1.0201 1.0001
4400 pop2 1.0 0.980392
4500 pop1 1.0201 1.0001
4500 pop2 1.0 0.980392
4600 pop1 1.0201 1.0001
4600 pop2 1.0 0.980392
4700 pop1 1.0201 1.0001
4700 pop2 1.0 0.980392
4800 pop1 1.0201 1.0001
4800 pop2 1.0 0.980392
4900 pop1 1.0201 1.0001
4900 pop2 1.0 0.980392
5000 pop1 1.0201 1.0001
5000 pop2 1.0 0.980392
