1 pop1 1.0 0.833333
1 pop2 1.0 0.833333
100 pop1 1.19325 0.994377
100 pop2 1.1911 0.992581
200 pop1 1.18948 0.991235
200 pop2 1.19318 0.994318
300 pop1 1.19353 0.994604
300 pop2 1.19283 0.994028
400 pop1 1.18859 0.990489
400 pop2 1.1948 0.995666
500 pop1 1.19486 0.995714
500 pop2 1.18757 0.989638
600 pop1 1.19259 0.993826
600 pop2 1.19164 0.993034
700 pop1 1.19478 0.995653
700 pop2 1.19054 0.992119
800 pop1 1.18619 0.98849
800 pop2 1.1929 0.994087
900 pop1 1.19183 0.993194
900 pop2 1.193 0.994168
1000 pop1 1.18736 0.989463
1000 pop2 1.19278 0.993982
1100 pop1 1.20511 1.00426
1100 pop2 0.996412 0.830343
1200 pop1 1.20224 1.00186
1200 pop2 0.996841 0.830701
1300 pop1 1.20717 1.00597
1300 pop2 0.99922 0.832683
1400 pop1 1.20859 1.00715
1400 pop2 0.999571 0.832976
1500 pop1 1.20873 1.00728
1500 pop2 0.999727 0.833106
1600 pop1 1.20957 1.00798
1600 pop2 1.0 0.833333
1700 pop1 1.20966 1.00805
1700 pop2 1.0 0.833333
1800 pop1 1.21 1.00833
1800 pop2 1.0 0.833333
1900 pop1 1.21 1.00833
1900 pop2 1.0 0.833333
2000 pop1 1.21 1.00833
2000 pop2 1.0 0.833333
2100 pop1 1.21 1.00833
2100 pop2 1.0 0.833333
2200 pop1 1.21 1.00833
2200 pop2 1.0 0.833333
2300 pop1 1.21 1.00833
2300 pop2 1.0 0.833333
2400 pop1 1.21 1.00833
2400 pop2 1.0 0.833333
2500 pop1 1.21 1.00833
2500 pop2 1.0 0.833333
2600 pop1 1.21 1.00833
2600 pop2 1.0 0.833333
2700 pop1 1.21 1.00833
2700 pop2 1.0 0.833333
2800 pop1 1.21 1.00833
2800 pop2 1.0 0.833333
2900 pop1 1.21 1.00833
2900 pop2 1.0 0.833333
3000 pop1 1.21 1.00833
3000 pop2 1.0 0.833333
3100 pop1 1.21 1.00833
3100 pop2 1.0 0.833333
3200 pop1 1.21 1.00833
3200 pop2 1.0 0.833333
3300 pop1 1.21 1.00833
3300 pop2 1.0 0.833333
3400 pop1 1.21 1.00833
3400 pop2 1.0 0.833333
3500 pop1 1.21 1.00833
3500 pop2 1.0 0.833333
3600 pop1 1.21 1.00833
3600 pop2 1.0 0.833333
3700 pop1 1.21 1.00833
3700 pop2 1.0 0.833333
3800 pop1 1.21 1.00833
3800 pop2 1.0 0.833333
3900 pop1 1.21 1.00833
3900 pop2 1.0 0.833333
4000 pop1 1.21 1.00833
4000 pop2 1.0 0.833333
4100 pop1 1.21 1.00833
4100 pop2 1.0 0.833333
4200 pop1 1.21 1.00833
4200 pop2 1.0 0.833333
4300 pop1 1.21 1.00833
4300 pop2 1.0 0.833333
4400 pop1 1.21 1.00833
4400 pop2 1.0 0.833333
4500 pop1 1.21 1.00833
4500 pop2 1.0 0.833333
4600 pop1 1.21 1.00833
4600 pop2 1.0 0.833333
4700 pop1 1.21 1.00833
4700 pop2 1.0 0.833333
4800 pop1 1.21 1.00833
4800 pop2 1.0 0.833333
4900 pop1 1.21 1.00833
4900 pop2 1.0 0.833333
5000 pop1 1.21 1.00833
5000 pop2 1.0 0.833333
