1 pop1 1.0 0.833333
1 pop2 1.0 0.833333
100 pop1 1.19367 0.994724
100 pop2 1.18823 0.990192
200 pop1 1.19006 0.991719
200 pop2 1.18801 0.990005
300 pop1 1.19287 0.994062
300 pop2 1.19297 0.994139
400 pop1 1.19307 0.994221
400 pop2 1.1947 0.995582
500 pop1 1.19042 0.992016
500 pop2 1.18818 0.990149
600 pop1 1.19396 0.994969
600 pop2 1.18886 0.990717
700 pop1 1.19083 0.992356
700 pop2 1.19027 0.991894
800 pop1 1.19147 0.992895
800 pop2 1.19093 0.992438
900 pop1 1.19627 0.996895
900 pop2 1.19044 0.992037
1000 pop1 1.19246 0.993719
1000 pop2 1.18167 0.984728
1100 pop1 1.19359 0.994658
1100 pop2 1.19053 0.99211
1200 pop1 1.193 0.994165
1200 pop2 1.1894 0.991171
1300 pop1 1.1945 0.995417
1300 pop2 1.19167 0.993054
1400 pop1 1.19298 0.994148
1400 pop2 1.19155 0.992958
1500 pop1 1.19469 0.995575
1500 pop2 1.19052 0.992104
1600 pop1 1.19078 0.992319
1600 pop2 1.18734 0.989453
1700 pop1 1.19363 0.994691
1700 pop2 1.18745 0.989539
1800 pop1 1.19174 0.993113
1800 pop2 1.18848 0.990401
1900 pop1 1.19335 0.994458
1900 pop2 1.19193 0.993275
2000 pop1 1.193 0.994164
2000 pop2 1.19548 0.996232
2100 pop1 1.19098 0.992487
2100 pop2 1.19438 0.995316
2200 pop1 1.19211 0.993425
2200 pop2 1.1898 0.991497
2300 pop1 1.19161 0.993008
2300 pop2 1.19478 0.995651
2400 pop1 1.18856 0.990469
2400 pop2 1.19433 0.995274
2500 pop1 1.19646 0.997047
2500 pop2 1.18839 0.990329
2600 pop1 1.19527 0.996056
2600 pop2 1.18946 0.991215
2700 pop1 1.19295 0.994121
2700 pop2 1.18907 0.99089
2800 pop1 1.19493 0.995776
2800 pop2 1.19149 0.992911
2900 pop1 1.18721 0.989343
2900 pop2 1.19337 0.994477
3000 pop1 1.19226 0.993549
3000 pop2 1.19203 0.99336
3100 pop1 1.18704 0.989203
3100 pop2 1.19463 0.995527
3200 pop1 1.19199 0.993327
3200 pop2 1.19068 0.992235
3300 pop1 1.19402 0.99502
3300 pop2 1.19072 0.992268
3400 pop1 1.1914 0.992837
3400 pop2 1.19222 0.993514
3500 pop1 1.19238 0.993646
3500 pop2 1.18896 0.990796
3600 pop1 1.19063 0.992189
3600 pop2 1.19116 0.992632
3700 pop1 1.19214 0.99345
3700 pop2 1.18969 0.99141
3800 pop1 1.18978 0.991485
3800 pop2 1.19159 0.992995
3900 pop1 1.19654 0.997116
3900 pop2 1.1953 0.996085
4000 pop1 1.18753 0.989604
4000 pop2 1.19097 0.992477
4100 pop1 1.19142 0.99285
4100 pop2 1.18958 0.991318
4200 pop1 1.19224 0.993534
4200 pop2 1.19201 0.993342
4300 pop1 1.1928 0.993999
4300 pop2 1.19356 0.994633
4400 pop1 1.1901 0.991752
4400 pop2 1.18818 0.990151
4500 pop1 1.19343 0.994522
4500 pop2 1.1931 0.994247
4600 pop1 1.19007 0.991727
4600 pop2 1.19247 0.993726
4700 pop1 1.18961 0.991341
4700 pop2 1.19831 0.998592
4800 pop1 1.18928 0.991067
4800 pop2 1.18904 0.990866
4900 pop1 1.19122 0.992684
4900 pop2 1.18996 0.991633
5000 pop1 1.18992 0.991603
5000 pop2 1.19194 0.993286
