1 pop1 1.0 0.980392
1 pop2 1.0 0.980392
100 pop1 1.00156 0.981924
100 pop2 1.00221 0.982557
200 pop1 1.00095 0.981322
200 pop2 1.00191 0.982267
300 pop1 1.00515 0.985439
300 pop2 0.998534 0.978955
400 pop1 1.00259 0.982927
400 pop2 1.00041 0.980789
500 pop1 1.00377 0.984085
500 pop2 0.998622 0.979041
600 pop1 1.00157 0.981935
600 pop2 0.999431 0.979834
700 pop1 1.00481 0.985107
700 pop2 0.998722 0.97914
800 pop1 1.00481 0.985111
800 pop2 0.996708 0.977165
900 pop1 1.00435 0.984659
900 pop2 0.997636 0.978075
1000 pop1 1.00372 0.984044
1000 pop2 0.999394 0.979798
1100 pop1 1.01082 0.991002
1100 pop2 0.99672 0.977177
1200 pop1 1.01688 0.996945
1200 pop2 0.997719 0.978156
1300 pop1 1.01945 0.999456
1300 pop2 0.99807 0.9785
1400 pop1 1.02008 1.00008
1400 pop2 0.998763 0.97918
1500 pop1 1.0201 1.0001
1500 pop2 0.999493 0.979895
1600 pop1 1.0201 1.0001
1600 pop2 0.999761 0.980157
1700 pop1 1.0201 1.0001
1700 pop2 0.999673 0.980071
1800 pop1 1.0201 1.0001
1800 pop2 0.999944 0.980337
1900 pop1 1.0201 1.0001
1900 pop2 1.0 0.980392
2000 pop1 1.0201 1.0001
2000 pop2 1.0 0.980392
2100 pop1 1.0201 1.0001
2100 pop2 1.0 0.980392
2200 pop1 1.0201 1.0001
2200 pop2 1.0 0.980392
2300 pop1 1.0201 1.0001
2300 pop2 1.0 0.980392
2400 pop1 1.0201 1.0001
2400 pop2 1.0 0.980392
2500 pop1 1.0201 1.0001
2500 pop2 1.0 0.980392
2600 pop1 1.0201 1.0001
2600 pop2 1.0 0.980392
2700 pop1 1.0201 1.0001
2700 pop2 1.0 0.980392
2800 pop1 1.0201 1.0001
2800 pop2 1.0 0.980392
2900 pop1 1.0201 1.0001
2900 pop2 1.0 0.980392
3000 pop1 1.0201 1.0001
3000 pop2 1.0 0.980392
3100 pop1 1.0201 1.0001
3100 pop2 1.0 0.980392
3200 pop1 1.0201 1.0001
3200 pop2 1.0 0.980392
3300 pop1 1.0201 1.0001
3300 pop2 1.0 0.980392
3400 pop1 1.0201 1.0001
3400 pop2 1.0 0.980392
3500 pop1 1.0201 1.0001
3500 pop2 1.0 0.980392
3600 pop1 1.0201 1.0001
3600 pop2 1.0 0.980392
3700 pop1 1.0201 1.0001
3700 pop2 1.0 0.980392
3800 pop1 1.0201 1.0001
3800 pop2 1.0 0.980392
3900 pop1 1.0201 1.0001
3900 pop2 1.0 0.980392
4000 pop1 1.0201 1.0001
4000 pop2 1.0 0.980392
4100 pop1 1.0201 1.0001
4100 pop2 1.0 0.980392
4200 pop1 1.0201 1.0001
4200 pop2 1.0 0.980392
4300 pop1 1.0201 1.0001
4300 pop2 1.0 0.980392
4400 pop1 1.0201 1.0001
4400 pop2 1.0 0.980392
4500 pop1 1.0201 1.0001
4500 pop2 1.0 0.980392
4600 pop1 1.0201 1.0001
4600 pop2 1.0 0.980392
4700 pop1 1.0201 1.0001
4700 pop2 1.0 0.980392
4800 pop1 1.0201 1.0001
4800 pop2 1.0 0.980392
4900 pop1 1.0201 1.0001
4900 pop2 1.0 0.980392
5000 pop1 1.0201 1.0001
5000 pop2 1.0 0.980392
