1 pop1 1.0 0.980392
1 pop2 1.0 0.980392
100 pop1 0.99758 0.97802
100 pop2 1.00336 0.98369
200 pop1 0.995685 0.976162
200 pop2 1.00557 0.985848
300 pop1 0.998322 0.978747
300 pop2 1.00342 0.983742
400 pop1 1.0009 0.981274
400 pop2 1.00063 0.981011
500 pop1 0.99675 0.977206
500 pop2 1.00437 0.98468
600 pop1 0.999308 0.979713
600 pop2 1.00331 0.983638
700 pop1 0.996064 0.976533
700 pop2 1.00611 0.98638
800 pop1 0.996696 0.977153
800 pop2 1.00567 0.985955
900 pop1 0.997143 0.977591
900 pop2 1.0048 0.985093
1000 pop1 0.998647 0.979065
1000 pop2 1.00257 0.98291
1100 pop1 1.00818 0.988409
1100 pop2 0.995742 0.976217
1200 pop1 1.01382 0.993938
1200 pop2 0.995036 0.975525
1300 pop1 1.01684 0.996904
1300 pop2 0.994907 0.975399
1400 pop1 1.01916 0.999178
1400 pop2 0.995089 0.975577
1500 pop1 1.01995 0.99995
1500 pop2 0.995948 0.97642
1600 pop1 1.02011 1.00011
1600 pop2 0.996114 0.976583
1700 pop1 1.02011 1.00011
1700 pop2 0.996632 0.977091
1800 pop1 1.02011 1.00011
1800 pop2 0.996984 0.977435
1900 pop1 1.02011 1.00011
1900 pop2 0.997231 0.977677
2000 pop1 1.02011 1.00011
2000 pop2 0.997051 0.977501
2100 pop1 1.02011 1.0001
2100 pop2 0.997367 0.97781
2200 pop1 1.0201 1.0001
2200 pop2 0.99842 0.978843
2300 pop1 1.0201 1.0001
2300 pop2 0.999042 0.979453
2400 pop1 1.0201 1.0001
2400 pop2 0.999633 0.980032
2500 pop1 1.0201 1.0001
2500 pop2 0.999916 0.98031
2600 pop1 1.0201 1.0001
2600 pop2 0.999964 0.980357
2700 pop1 1.0201 1.0001
2700 pop2 1.0 0.980392
2800 pop1 1.0201 1.0001
2800 pop2 1.0 0.980392
2900 pop1 1.0201 1.0001
2900 pop2 1.0 0.980392
3000 pop1 1.0201 1.0001
3000 pop2 1.0 0.980392
3100 pop1 1.0201 1.0001
3100 pop2 1.0 0.980392
3200 pop1 1.0201 1.0001
3200 pop2 1.0 0.980392
3300 pop1 1.0201 1.0001
3300 pop2 1.0 0.980392
3400 pop1 1.0201 1.0001
3400 pop2 1.0 0.980392
3500 pop1 1.0201 1.0001
3500 pop2 1.0 0.980392
3600 pop1 1.0201 1.0001
3600 pop2 1.0 0.980392
3700 pop1 1.0201 1.0001
3700 pop2 1.0 0.980392
3800 pop1 1.0201 1.0001
3800 pop2 1.0 0.980392
3900 pop1 1.0201 1.0001
3900 pop2 1.0 0.980392
4000 pop1 1.0201 1.0001
4000 pop2 1.0 0.980392
4100 pop1 1.0201 1.0001
4100 pop2 1.0 0.980392
4200 pop1 1.0201 1.0001
4200 pop2 1.0 0.980392
4300 pop1 1.0201 1.0001
4300 pop2 1.0 0.980392
4400 pop1 1.0201 1.0001
4400 pop2 1.0 0.980392
4500 pop1 1.0201 1.0001
4500 pop2 1.0 0.980392
4600 pop1 1.0201 1.0001
4600 pop2 1.0 0.980392
4700 pop1 1.0201 1.0001
4700 pop2 1.0 0.980392
4800 pop1 1.0201 1.0001
4800 pop2 1.0 0.980392
4900 pop1 1.0201 1.0001
4900 pop2 1.0 0.980392
5000 pop1 1.0201 1.0001
5000 pop2 1.0 0.980392
