1 pop1 1.0 0.909091
1 pop2 1.0 0.909091
100 pop1 1.08028 0.982071
100 pop2 1.08661 0.987829
200 pop1 1.08324 0.984761
200 pop2 1.0834 0.984912
300 pop1 1.08522 0.986565
300 pop2 1.08186 0.983512
400 pop1 1.0843 0.985729
400 pop2 1.08013 0.981936
500 pop1 1.08595 0.987228
500 pop2 1.0817 0.983366
600 pop1 1.07973 0.981571
600 pop2 1.08388 0.985344
700 pop1 1.08436 0.98578
700 pop2 1.08224 0.983854
800 pop1 1.08274 0.98431
800 pop2 1.08471 0.986103
900 pop1 1.0836 0.985093
900 pop2 1.07985 0.981683
1000 pop1 1.08353 0.985029
1000 pop2 1.0824 0.983997
1100 pop1 1.08967 0.990612
1100 pop2 1.0708 0.973452
1200 pop1 1.086 0.987277
1200 pop2 1.0893 0.990271
1300 pop1 1.08417 0.98561
1300 pop2 1.08778 0.988894
1400 pop1 1.08433 0.985756
1400 pop2 1.08735 0.988498
1500 pop1 1.08409 0.985536
1500 pop2 1.08648 0.987705
1600 pop1 1.08296 0.984512
1600 pop2 1.08753 0.988662
1700 pop1 1.08393 0.985394
1700 pop2 1.08664 0.987853
1800 pop1 1.08456 0.98596
1800 pop2 1.08703 0.988212
1900 pop1 1.08566 0.98696
1900 pop2 1.089 0.990003
2000 pop1 1.08415 0.985586
2000 pop2 1.08544 0.986766
2100 pop1 1.08054 0.982308
2100 pop2 1.08593 0.987207
2200 pop1 1.08858 0.989622
2200 pop2 1.08239 0.983994
2300 pop1 1.08555 0.986861
2300 pop2 1.08629 0.987537
2400 pop1 1.08678 0.987984
2400 pop2 1.08732 0.988474
2500 pop1 1.0819 0.983543
2500 pop2 1.08661 0.987827
2600 pop1 1.08666 0.987869
2600 pop2 1.08763 0.988758
2700 pop1 1.08842 0.989471
2700 pop2 1.08658 0.987799
2800 pop1 1.08281 0.98437
2800 pop2 1.08349 0.984992
2900 pop1 1.08266 0.98424
2900 pop2 1.0871 0.988277
3000 pop1 1.08582 0.987106
3000 pop2 1.08288 0.984432
3100 pop1 1.08375 0.985226
3100 pop2 1.08683 0.988027
3200 pop1 1.08622 0.987472
3200 pop2 1.08593 0.987205
3300 pop1 1.08391 0.985377
3300 pop2 1.08577 0.987065
3400 pop1 1.08681 0.988009
3400 pop2 1.08612 0.987386
3500 pop1 1.08502 0.986383
3500 pop2 1.08653 0.987752
3600 pop1 1.08512 0.986474
3600 pop2 1.08511 0.98646
3700 pop1 1.0854 0.986727
3700 pop2 1.08968 0.990622
3800 pop1 1.08445 0.985863
3800 pop2 1.08652 0.987745
3900 pop1 1.08792 0.98902
3900 pop2 1.08375 0.985223
4000 pop1 1.08635 0.987593
4000 pop2 1.08578 0.98707
4100 pop1 1.08275 0.984317
4100 pop2 1.08814 0.989222
4200 pop1 1.08779 0.988902
4200 pop2 1.08579 0.98708
4300 pop1 1.08419 0.985632
4300 pop2 1.08349 0.984994
4400 pop1 1.08405 0.985497
4400 pop2 1.08347 0.984973
4500 pop1 1.08638 0.987618
4500 pop2 1.08447 0.985879
4600 pop1 1.08343 0.984939
4600 pop2 1.08531 0.986645
4700 pop1 1.08257 0.984154
4700 pop2 1.08521 0.986558
4800 pop1 1.08702 0.988199
4800 pop2 1.08577 0.987067
4900 pop1 1.07985 0.981684
4900 pop2 1.08939 0.990352
5000 pop1 1.08644 0.987671
5000 pop2 1.08485 0.986228
