1 pop1 1.0 0.980392
1 pop2 1.0 0.980392
100 pop1 1.00509 0.985385
100 pop2 0.996787 0.977243
200 pop1 1.00814 0.988376
200 pop2 0.994498 0.974998
300 pop1 1.00767 0.987917
300 pop2 0.994761 0.975255
400 pop1 1.00758 0.987819
400 pop2 0.993846 0.974359
500 pop1 1.00662 0.986884
500 pop2 0.995011 0.975501
600 pop1 1.00698 0.987231
600 pop2 0.995953 0.976425
700 pop1 1.00488 0.98518
700 pop2 0.995915 0.976387
800 pop1 1.00566 0.985939
800 pop2 0.996138 0.976606
900 pop1 1.0039 0.984213
900 pop2 0.997731 0.978168
1000 pop1 1.00522 0.985507
1000 pop2 0.996337 0.976801
1100 pop1 1.00739 0.987635
1100 pop2 1.00118 0.98155
1200 pop1 1.01069 0.990871
1200 pop2 1.00296 0.983298
1300 pop1 1.01266 0.992805
1300 pop2 1.00507 0.985366
1400 pop1 1.01296 0.993093
1400 pop2 1.00667 0.986933
1500 pop1 1.01375 0.993873
1500 pop2 1.00565 0.985936
1600 pop1 1.01453 0.994641
1600 pop2 1.00497 0.985269
1700 pop1 1.01325 0.993384
1700 pop2 1.00712 0.987371
1800 pop1 1.01039 0.990582
1800 pop2 1.01043 0.990615
1900 pop1 1.01152 0.991685
1900 pop2 1.00881 0.989031
2000 pop1 1.01119 0.991367
2000 pop2 1.00956 0.989766
2100 pop1 1.01044 0.990626
2100 pop2 1.01059 0.990778
2200 pop1 1.00983 0.990032
2200 pop2 1.01175 0.991914
2300 pop1 1.00925 0.989457
2300 pop2 1.01136 0.991531
2400 pop1 1.00804 0.988272
2400 pop2 1.01303 0.993167
2500 pop1 1.00832 0.98855
2500 pop2 1.012 0.992161
2600 pop1 1.00979 0.989995
2600 pop2 1.0111 0.991279
2700 pop1 1.00972 0.989924
2700 pop2 1.01124 0.991413
2800 pop1 1.00805 0.988289
2800 pop2 1.01273 0.992876
2900 pop1 1.00829 0.988523
2900 pop2 1.01287 0.993008
3000 pop1 1.0089 0.989116
3000 pop2 1.01198 0.992139
3100 pop1 1.00651 0.986778
3100 pop2 1.01339 0.993521
3200 pop1 1.00683 0.987083
3200 pop2 1.01377 0.993891
3300 pop1 1.00764 0.987878
3300 pop2 1.01385 0.99397
3400 pop1 1.00693 0.98719
3400 pop2 1.01478 0.994883
3500 pop1 1.00684 0.987102
3500 pop2 1.01479 0.99489
3600 pop1 1.00745 0.987697
3600 pop2 1.01327 0.993402
3700 pop1 1.00817 0.988405
3700 pop2 1.01278 0.992926
3800 pop1 1.00686 0.98712
3800 pop2 1.01441 0.994524
3900 pop1 1.00832 0.988546
3900 pop2 1.01305 0.993189
4000 pop1 1.00936 0.989572
4000 pop2 1.01177 0.991935
4100 pop1 1.01029 0.990479
4100 pop2 1.01104 0.991217
4200 pop1 1.00998 0.990175
4200 pop2 1.01025 0.990441
4300 pop1 1.01032 0.990511
4300 pop2 1.01051 0.990697
4400 pop1 1.01115 0.991327
4400 pop2 1.00981 0.990011
4500 pop1 1.01079 0.990971
4500 pop2 1.00957 0.989779
4600 pop1 1.01025 0.99044
4600 pop2 1.01101 0.991182
4700 pop1 1.00773 0.987974
4700 pop2 1.01238 0.992532
4800 pop1 1.00806 0.988295
4800 pop2 1.01297 0.993107
4900 pop1 1.01037 0.990555
4900 pop2 1.01092 0.991099
5000 pop1 1.0102 0.990392
5000 pop2 1.0109 0.991079
