1 pop1 1.0 0.909091
1 pop2 1.0 0.909091
100 pop1 1.03975 0.945229
100 pop2 1.03035 0.936686
200 pop1 1.0352 0.94109
200 pop2 1.0337 0.939725
300 pop1 1.03959 0.945079
300 pop2 1.03346 0.93951
400 pop1 1.02832 0.93484
400 pop2 1.03821 0.943829
500 pop1 1.03827 0.943881
500 pop2 1.02893 0.935387
600 pop1 1.03716 0.942875
600 pop2 1.03555 0.941409
700 pop1 1.03983 0.945297
700 pop2 1.03131 0.937552
800 pop1 1.03913 0.944667
800 pop2 1.03202 0.938197
900 pop1 1.03581 0.941645
900 pop2 1.02307 0.930068
1000 pop1 1.03067 0.93697
1000 pop2 1.03341 0.939465
1100 pop1 1.06668 0.969713
1100 pop2 1.04388 0.948981
1200 pop1 1.05232 0.956655
1200 pop2 1.06151 0.965007
1300 pop1 1.04642 0.951293
1300 pop2 1.06883 0.971661
1400 pop1 1.05136 0.955781
1400 pop2 1.0662 0.969275
1500 pop1 1.05053 0.95503
1500 pop2 1.07035 0.973041
1600 pop1 1.05371 0.957917
1600 pop2 1.06732 0.97029
1700 pop1 1.0547 0.95882
1700 pop2 1.06302 0.966386
1800 pop1 1.05487 0.95897
1800 pop2 1.06721 0.970193
1900 pop1 1.05695 0.960859
1900 pop2 1.06191 0.965372
2000 pop1 1.05524 0.95931
2000 pop2 1.06184 0.965313
2100 pop1 1.05748 0.961342
2100 pop2 1.06826 0.971148
2200 pop1 1.05419 0.958359
2200 pop2 1.06733 0.970298
2300 pop1 1.06225 0.965679
2300 pop2 1.05942 0.963106
2400 pop1 1.0625 0.965907
2400 pop2 1.06178 0.965257
2500 pop1 1.06217 0.965612
2500 pop2 1.05918 0.962891
2600 pop1 1.05948 0.963162
2600 pop2 1.06386 0.967145
2700 pop1 1.06612 0.969201
2700 pop2 1.05395 0.958137
2800 pop1 1.06419 0.967447
2800 pop2 1.05584 0.959858
2900 pop1 1.06068 0.964252
2900 pop2 1.06206 0.965512
3000 pop1 1.05307 0.957334
3000 pop2 1.06724 0.970216
3100 pop1 1.05681 0.960738
3100 pop2 1.06656 0.969603
3200 pop1 1.05837 0.962155
3200 pop2 1.06114 0.964672
3300 pop1 1.05768 0.961526
3300 pop2 1.0645 0.967726
3400 pop1 1.05749 0.961356
3400 pop2 1.06688 0.969892
3500 pop1 1.06312 0.966474
3500 pop2 1.05804 0.961858
3600 pop1 1.06418 0.967435
3600 pop2 1.05858 0.962348
3700 pop1 1.06186 0.965329
3700 pop2 1.0602 0.963821
3800 pop1 1.06661 0.969648
3800 pop2 1.05628 0.960256
3900 pop1 1.06967 0.972424
3900 pop2 1.05356 0.957781
4000 pop1 1.06477 0.967975
4000 pop2 1.058 0.961819
4100 pop1 1.06349 0.966809
4100 pop2 1.05483 0.95894
4200 pop1 1.06397 0.967242
4200 pop2 1.0581 0.961911
4300 pop1 1.06021 0.963825
4300 pop2 1.06468 0.967889
4400 pop1 1.06534 0.968489
4400 pop2 1.05816 0.961965
4500 pop1 1.06221 0.965644
4500 pop2 1.06287 0.966244
4600 pop1 1.05623 0.960208
4600 pop2 1.06598 0.969077
4700 pop1 1.05797 0.961792
4700 pop2 1.06503 0.968211
4800 pop1 1.05885 0.962592
4800 pop2 1.06441 0.96765
4900 pop1 1.06113 0.964667
4900 pop2 1.05988 0.963531
5000 pop1 1.05608 0.96007
5000 pop2 1.06346 0.966785
