1 pop1 1.0 0.909091
1 pop2 1.0 0.909091
100 pop1 1.0328 0.938912
100 pop2 1.04742 0.952201
200 pop1 1.0423 0.947547
200 pop2 1.03641 0.942195
300 pop1 1.04413 0.949207
300 pop2 1.04313 0.948299
400 pop1 1.03766 0.943329
400 pop2 1.03358 0.939621
500 pop1 1.04377 0.94888
500 pop2 1.03313 0.939209
600 pop1 1.03924 0.944762
600 pop2 1.03839 0.943995
700 pop1 1.04224 0.947494
700 pop2 1.03592 0.94175
800 pop1 1.04473 0.949755
800 pop2 1.04267 0.947877
900 pop1 1.03795 0.943592
900 pop2 1.03893 0.944483
1000 pop1 1.04159 0.9469
1000 pop2 1.03864 0.944222
1100 pop1 1.08453 0.985938
1100 pop2 0.971159 0.882872
1200 pop1 1.08897 0.98997
1200 pop2 0.971968 0.883607
1300 pop1 1.09963 0.999666
1300 pop2 0.983357 0.893961
1400 pop1 1.10218 1.00198
1400 pop2 0.996234 0.905668
1500 pop1 1.10251 1.00228
1500 pop2 0.999763 0.908875
1600 pop1 1.1025 1.00227
1600 pop2 1.0 0.909091
1700 pop1 1.1025 1.00227
1700 pop2 1.0 0.909091
1800 pop1 1.1025 1.00227
1800 pop2 1.0 0.909091
1900 pop1 1.1025 1.00227
1900 pop2 1.0 0.909091
2000 pop1 1.1025 1.00227
2000 pop2 1.0 0.909091
2100 pop1 1.1025 1.00227
2100 pop2 1.0 0.909091
2200 pop1 1.1025 1.00227
2200 pop2 1.0 0.909091
2300 pop1 1.1025 1.00227
2300 pop2 1.0 0.909091
2400 pop1 1.1025 1.00227
2400 pop2 1.0 0.909091
2500 pop1 1.1025 1.00227
2500 pop2 1.0 0.909091
2600 pop1 1.1025 1.00227
2600 pop2 1.0 0.909091
2700 pop1 1.1025 1.00227
2700 pop2 1.0 0.909091
2800 pop1 1.1025 1.00227
2800 pop2 1.0 0.909091
2900 pop1 1.1025 1.00227
2900 pop2 1.0 0.909091
3000 pop1 1.1025 1.00227
3000 pop2 1.0 0.909091
3100 pop1 1.1025 1.00227
3100 pop2 1.0 0.909091
3200 pop1 1.1025 1.00227
3200 pop2 1.0 0.909091
3300 pop1 1.1025 1.00227
3300 pop2 1.0 0.909091
3400 pop1 1.1025 1.00227
3400 pop2 1.0 0.909091
3500 pop1 1.1025 1.00227
3500 pop2 1.0 0.909091
3600 pop1 1.1025 1.00227
3600 pop2 1.0 0.909091
3700 pop1 1.1025 1.00227
3700 pop2 1.0 0.909091
3800 pop1 1.1025 1.00227
3800 pop2 1.0 0.909091
3900 pop1 1.1025 1.00227
3900 pop2 1.0 0.909091
4000 pop1 1.1025 1.00227
4000 pop2 1.0 0.909091
4100 pop1 1.1025 1.00227
4100 pop2 1.0 0.909091
4200 pop1 1.1025 1.00227
4200 pop2 1.0 0.909091
4300 pop1 1.1025 1.00227
4300 pop2 1.0 0.909091
4400 pop1 1.1025 1.00227
4400 pop2 1.0 0.909091
4500 pop1 1.1025 1.00227
4500 pop2 1.0 0.909091
4600 pop1 1.1025 1.00227
4600 pop2 1.0 0.909091
4700 pop1 1.1025 1.00227
4700 pop2 1.0 0.909091
4800 pop1 1.1025 1.00227
4800 pop2 1.0 0.909091
4900 pop1 1.1025 1.00227
4900 pop2 1.0 0.909091
5000 pop1 1.1025 1.00227
5000 pop2 1.0 0.909091
