1 pop1 1.0 0.980392
1 pop2 1.0 0.980392
100 pop1 1.00326 0.983585
100 pop2 0.998303 0.978729
200 pop1 1.00427 0.984579
200 pop2 0.997267 0.977713
300 pop1 1.00393 0.984248
300 pop2 0.999028 0.979439
400 pop1 1.0041 0.984413
400 pop2 0.997557 0.977997
500 pop1 1.00233 0.982674
500 pop2 0.999327 0.979733
600 pop1 1.00172 0.982081
600 pop2 0.999201 0.979608
700 pop1 1.00122 0.981591
700 pop2 1.0004 0.98078
800 pop1 1.00362 0.983937
800 pop2 0.996711 0.977168
900 pop1 1.0036 0.983918
900 pop2 0.997762 0.978198
1000 pop1 1.00431 0.98462
1000 pop2 0.997354 0.977799
1100 pop1 1.01173 0.991889
1100 pop2 0.995243 0.975728
1200 pop1 1.01338 0.993513
1200 pop2 0.99525 0.975736
1300 pop1 1.01593 0.996011
1300 pop2 0.996109 0.976577
1400 pop1 1.01699 0.997044
1400 pop2 0.996375 0.976838
1500 pop1 1.01859 0.998622
1500 pop2 0.996306 0.976771
1600 pop1 1.01956 0.99957
1600 pop2 0.996082 0.976551
1700 pop1 1.02 0.999998
1700 pop2 0.995695 0.976171
1800 pop1 1.01985 0.999853
1800 pop2 0.996648 0.977106
1900 pop1 1.0201 1.0001
1900 pop2 0.998568 0.978988
2000 pop1 1.0201 1.0001
2000 pop2 0.998811 0.979226
2100 pop1 1.0201 1.0001
2100 pop2 0.999014 0.979426
2200 pop1 1.0201 1.0001
2200 pop2 0.999789 0.980185
2300 pop1 1.0201 1.0001
2300 pop2 0.999968 0.980361
2400 pop1 1.0201 1.0001
2400 pop2 1.0 0.980392
2500 pop1 1.0201 1.0001
2500 pop2 1.0 0.980392
2600 pop1 1.0201 1.0001
2600 pop2 1.0 0.980392
2700 pop1 1.0201 1.0001
2700 pop2 1.0 0.980392
2800 pop1 1.0201 1.0001
2800 pop2 1.0 0.980392
2900 pop1 1.0201 1.0001
2900 pop2 1.0 0.980392
3000 pop1 1.0201 1.0001
3000 pop2 1.0 0.980392
3100 pop1 1.0201 1.0001
3100 pop2 1.0 0.980392
3200 pop1 1.0201 1.0001
3200 pop2 1.0 0.980392
3300 pop1 1.0201 1.0001
3300 pop2 1.0 0.980392
3400 pop1 1.0201 1.0001
3400 pop2 1.0 0.980392
3500 pop1 1.0201 1.0001
3500 pop2 1.0 0.980392
3600 pop1 1.0201 1.0001
3600 pop2 1.0 0.980392
3700 pop1 1.0201 1.0001
3700 pop2 1.0 0.980392
3800 pop1 1.0201 1.0001
3800 pop2 1.0 0.980392
3900 pop1 1.0201 1.0001
3900 pop2 1.0 0.980392
4000 pop1 1.0201 1.0001
4000 pop2 1.0 0.980392
4100 pop1 1.0201 1.0001
4100 pop2 1.0 0.980392
4200 pop1 1.0201 1.0001
4200 pop2 1.0 0.980392
4300 pop1 1.0201 1.0001
4300 pop2 1.0 0.980392
4400 pop1 1.0201 1.0001
4400 pop2 1.0 0.980392
4500 pop1 1.0201 1.0001
4500 pop2 1.0 0.980392
4600 pop1 1.0201 1.0001
4600 pop2 1.0 0.980392
4700 pop1 1.0201 1.0001
4700 pop2 1.0 0.980392
4800 pop1 1.0201 1.0001
4800 pop2 1.0 0.980392
4900 pop1 1.0201 1.0001
4900 pop2 1.0 0.980392
5000 pop1 1.0201 1.0001
5000 pop2 1.0 0.980392
