1 pop1 1.0 0.909091
1 pop2 1.0 0.909091
100 pop1 1.08345 0.984956
100 pop2 1.08071 0.982467
200 pop1 1.08134 0.983037
200 pop2 1.08344 0.984943
300 pop1 1.08233 0.983933
300 pop2 1.08273 0.9843
400 pop1 1.08753 0.988667
400 pop2 1.08498 0.986342
500 pop1 1.08178 0.983441
500 pop2 1.08402 0.985477
600 pop1 1.08236 0.983966
600 pop2 1.08422 0.985659
700 pop1 1.08074 0.982487
700 pop2 1.08264 0.984219
800 pop1 1.08622 0.987472
800 pop2 1.08204 0.983673
900 pop1 1.08457 0.985975
900 pop2 1.08664 0.987851
1000 pop1 1.07891 0.980828
1000 pop2 1.08403 0.985482
1100 pop1 1.08907 0.990068
1100 pop2 1.05942 0.963111
1200 pop1 1.08449 0.985901
1200 pop2 1.08638 0.987616
1300 pop1 1.08413 0.985575
1300 pop2 1.08669 0.987896
1400 pop1 1.08538 0.986713
1400 pop2 1.08804 0.98913
1500 pop1 1.08773 0.988848
1500 pop2 1.08373 0.985206
1600 pop1 1.08615 0.987406
1600 pop2 1.08514 0.986491
1700 pop1 1.08672 0.98793
1700 pop2 1.08261 0.984195
1800 pop1 1.08517 0.986516
1800 pop2 1.08792 0.989019
1900 pop1 1.08268 0.984251
1900 pop2 1.0843 0.985729
2000 pop1 1.08377 0.985246
2000 pop2 1.08129 0.982991
2100 pop1 1.08462 0.98602
2100 pop2 1.08487 0.986244
2200 pop1 1.0857 0.987004
2200 pop2 1.08305 0.984592
2300 pop1 1.08704 0.988219
2300 pop2 1.08418 0.985618
2400 pop1 1.08625 0.987501
2400 pop2 1.08569 0.986988
2500 pop1 1.08735 0.9885
2500 pop2 1.08505 0.98641
2600 pop1 1.08613 0.987387
2600 pop2 1.08433 0.985759
2700 pop1 1.08516 0.986509
2700 pop2 1.0857 0.986997
2800 pop1 1.07841 0.980375
2800 pop2 1.08592 0.987204
2900 pop1 1.08398 0.985438
2900 pop2 1.0879 0.988996
3000 pop1 1.08611 0.98737
3000 pop2 1.08832 0.989381
3100 pop1 1.08609 0.987352
3100 pop2 1.08608 0.987349
3200 pop1 1.08369 0.985171
3200 pop2 1.08557 0.986879
3300 pop1 1.08769 0.988811
3300 pop2 1.08559 0.986901
3400 pop1 1.08646 0.98769
3400 pop2 1.08452 0.985923
3500 pop1 1.08663 0.987849
3500 pop2 1.08563 0.986933
3600 pop1 1.08589 0.987173
3600 pop2 1.08852 0.989565
3700 pop1 1.08911 0.990101
3700 pop2 1.08393 0.985391
3800 pop1 1.08648 0.987711
3800 pop2 1.08437 0.985791
3900 pop1 1.08443 0.985846
3900 pop2 1.08529 0.986627
4000 pop1 1.08862 0.989657
4000 pop2 1.08286 0.984416
4100 pop1 1.08497 0.986339
4100 pop2 1.08592 0.987197
4200 pop1 1.0859 0.987178
4200 pop2 1.08618 0.98744
4300 pop1 1.08413 0.985572
4300 pop2 1.08874 0.989767
4400 pop1 1.08308 0.984616
4400 pop2 1.08473 0.986121
4500 pop1 1.0871 0.988274
4500 pop2 1.0834 0.984905
4600 pop1 1.08576 0.987058
4600 pop2 1.08569 0.986993
4700 pop1 1.08735 0.988497
4700 pop2 1.08188 0.983531
4800 pop1 1.08329 0.984805
4800 pop2 1.08681 0.988005
4900 pop1 1.08515 0.9865
4900 pop2 1.08352 0.985017
5000 pop1 1.086 0.98727
5000 pop2 1.08478 0.986163
