1 pop1 1.0 0.833333
1 pop2 1.0 0.833333
100 pop1 1.19108 0.992567
100 pop2 1.18805 0.990041
200 pop1 1.18846 0.99038
200 pop2 1.18312 0.985936
300 pop1 1.18726 0.98938
300 pop2 1.19122 0.992684
400 pop1 1.18638 0.988652
400 pop2 1.18741 0.989504
500 pop1 1.19157 0.992978
500 pop2 1.1917 0.993082
600 pop1 1.18565 0.988043
600 pop2 1.19501 0.995838
700 pop1 1.19213 0.993442
700 pop2 1.18728 0.9894
800 pop1 1.19248 0.993734
800 pop2 1.19073 0.992278
900 pop1 1.18961 0.991344
900 pop2 1.19 0.991664
1000 pop1 1.19044 0.99203
1000 pop2 1.19326 0.994382
1100 pop1 1.19055 0.992121
1100 pop2 1.19029 0.99191
1200 pop1 1.18882 0.990685
1200 pop2 1.19681 0.997345
1300 pop1 1.19047 0.992056
1300 pop2 1.19286 0.994053
1400 pop1 1.18948 0.991234
1400 pop2 1.19138 0.992815
1500 pop1 1.1933 0.994414
1500 pop2 1.189 0.990836
1600 pop1 1.19325 0.994377
1600 pop2 1.18881 0.990676
1700 pop1 1.19114 0.992615
1700 pop2 1.1935 0.994585
1800 pop1 1.18814 0.990117
1800 pop2 1.19326 0.994384
1900 pop1 1.1908 0.992329
1900 pop2 1.18852 0.99043
2000 pop1 1.18778 0.989818
2000 pop2 1.19414 0.995115
2100 pop1 1.19191 0.993261
2100 pop2 1.19292 0.994098
2200 pop1 1.19077 0.992308
2200 pop2 1.18703 0.989192
2300 pop1 1.19274 0.993949
2300 pop2 1.19051 0.992089
2400 pop1 1.18784 0.989865
2400 pop2 1.19513 0.99594
2500 pop1 1.19001 0.991677
2500 pop2 1.18804 0.990034
2600 pop1 1.1916 0.992998
2600 pop2 1.1957 0.996415
2700 pop1 1.18759 0.989659
2700 pop2 1.19017 0.991806
2800 pop1 1.19078 0.992321
2800 pop2 1.19401 0.995012
2900 pop1 1.19454 0.99545
2900 pop2 1.1935 0.99458
3000 pop1 1.19536 0.996133
3000 pop2 1.19602 0.996687
3100 pop1 1.19337 0.994472
3100 pop2 1.19194 0.993287
3200 pop1 1.18972 0.991434
3200 pop2 1.1883 0.990252
3300 pop1 1.19088 0.992403
3300 pop2 1.19085 0.992374
3400 pop1 1.19143 0.99286
3400 pop2 1.1942 0.995169
3500 pop1 1.19163 0.993029
3500 pop2 1.19374 0.994786
3600 pop1 1.19349 0.994578
3600 pop2 1.19107 0.992558
3700 pop1 1.19035 0.99196
3700 pop2 1.19353 0.994612
3800 pop1 1.19145 0.992872
3800 pop2 1.19023 0.991858
3900 pop1 1.1918 0.99317
3900 pop2 1.19214 0.99345
4000 pop1 1.18977 0.991473
4000 pop2 1.19106 0.99255
4100 pop1 1.18967 0.991393
4100 pop2 1.19587 0.99656
4200 pop1 1.18859 0.990493
4200 pop2 1.18782 0.989848
4300 pop1 1.1898 0.991498
4300 pop2 1.19272 0.993931
4400 pop1 1.18694 0.989117
4400 pop2 1.19567 0.996389
4500 pop1 1.1911 0.992586
4500 pop2 1.19161 0.99301
4600 pop1 1.18849 0.990411
4600 pop2 1.1886 0.990499
4700 pop1 1.19079 0.992322
4700 pop2 1.18797 0.989977
4800 pop1 1.18907 0.990889
4800 pop2 1.194 0.995004
4900 pop1 1.19499 0.995827
4900 pop2 1.19201 0.993345
5000 pop1 1.18931 0.99109
5000 pop2 1.19147 0.992888
