1 pop1 1.0 0.980392
1 pop2 1.0 0.980392
100 pop1 1.00179 0.982147
100 pop2 0.998817 0.979233
200 pop1 1.00095 0.981322
200 pop2 0.99972 0.980117
300 pop1 1.00003 0.98042
300 pop2 1.00013 0.980522
400 pop1 0.999354 0.979758
400 pop2 1.00128 0.981651
500 pop1 1.00268 0.983022
500 pop2 0.998692 0.979109
600 pop1 1.00087 0.981242
600 pop2 0.99983 0.980226
700 pop1 1.00125 0.981615
700 pop2 0.99977 0.980166
800 pop1 0.999336 0.979741
800 pop2 1.00125 0.981613
900 pop1 0.997481 0.977923
900 pop2 1.00309 0.983425
1000 pop1 0.99882 0.979235
1000 pop2 1.00112 0.981491
1100 pop1 1.00447 0.984773
1100 pop2 0.999641 0.98004
1200 pop1 1.0074 0.987651
1200 pop2 1.00316 0.983493
1300 pop1 1.00931 0.989517
1300 pop2 1.00446 0.984763
1400 pop1 1.0097 0.989898
1400 pop2 1.00702 0.987278
1500 pop1 1.0091 0.989313
1500 pop2 1.00802 0.988257
1600 pop1 1.01028 0.990471
1600 pop2 1.00599 0.986265
1700 pop1 1.01084 0.991016
1700 pop2 1.00644 0.986703
1800 pop1 1.01056 0.990746
1800 pop2 1.00723 0.987479
1900 pop1 1.00987 0.990067
1900 pop2 1.00802 0.988255
2000 pop1 1.00887 0.989084
2000 pop2 1.00875 0.988966
2100 pop1 1.00858 0.9888
2100 pop2 1.0091 0.98931
2200 pop1 1.00806 0.988292
2200 pop2 1.01057 0.990752
2300 pop1 1.00721 0.987464
2300 pop2 1.0111 0.991276
2400 pop1 1.00664 0.986906
2400 pop2 1.01191 0.992064
2500 pop1 1.0039 0.984213
2500 pop2 1.01525 0.995342
2600 pop1 1.00335 0.983678
2600 pop2 1.01626 0.99633
2700 pop1 1.00425 0.984556
2700 pop2 1.01463 0.994731
2800 pop1 1.00461 0.984908
2800 pop2 1.01449 0.994601
2900 pop1 1.00484 0.985138
2900 pop2 1.01369 0.993814
3000 pop1 1.00448 0.984781
3000 pop2 1.01479 0.994889
3100 pop1 1.00543 0.985715
3100 pop2 1.01403 0.994145
3200 pop1 1.00508 0.985374
3200 pop2 1.01471 0.994816
3300 pop1 1.00553 0.98581
3300 pop2 1.01344 0.993567
3400 pop1 1.00618 0.986455
3400 pop2 1.0122 0.992355
3500 pop1 1.00587 0.986146
3500 pop2 1.01333 0.993457
3600 pop1 1.00438 0.98469
3600 pop2 1.01445 0.994557
3700 pop1 1.00539 0.985675
3700 pop2 1.0132 0.993338
3800 pop1 1.00778 0.988017
3800 pop2 1.01093 0.991109
3900 pop1 1.0079 0.98814
3900 pop2 1.01158 0.991741
4000 pop1 1.00611 0.986383
4000 pop2 1.0126 0.992748
4100 pop1 1.0062 0.98647
4100 pop2 1.01291 0.993046
4200 pop1 1.00524 0.985532
4200 pop2 1.01396 0.99408
4300 pop1 1.00345 0.983776
4300 pop2 1.01569 0.995779
4400 pop1 1.00291 0.983241
4400 pop2 1.01628 0.996348
4500 pop1 1.00233 0.982676
4500 pop2 1.0172 0.997257
4600 pop1 1.00292 0.983253
4600 pop2 1.01648 0.996549
4700 pop1 1.00262 0.982961
4700 pop2 1.01724 0.997298
4800 pop1 1.00256 0.982901
4800 pop2 1.0171 0.997155
4900 pop1 1.00355 0.983876
4900 pop2 1.01631 0.996381
5000 pop1 1.00395 0.984269
5000 pop2 1.01568 0.995768
