1 pop1 1.0 0.833333
1 pop2 1.0 0.833333
100 pop1 1.19395 0.994956
100 pop2 1.19346 0.994548
200 pop1 1.1903 0.991918
200 pop2 1.18638 0.988651
300 pop1 1.19431 0.995262
300 pop2 1.1885 0.990414
400 pop1 1.19323 0.994358
400 pop2 1.18805 0.990043
500 pop1 1.1914 0.992837
500 pop2 1.18954 0.991287
600 pop1 1.19346 0.994552
600 pop2 1.19406 0.995048
700 pop1 1.18824 0.990199
700 pop2 1.1921 0.993414
800 pop1 1.19087 0.99239
800 pop2 1.19004 0.9917
900 pop1 1.19014 0.991782
900 pop2 1.19323 0.994359
1000 pop1 1.19278 0.993986
1000 pop2 1.1963 0.996915
1100 pop1 1.20736 1.00613
1100 pop2 0.994033 0.828361
1200 pop1 1.20917 1.00764
1200 pop2 0.997114 0.830928
1300 pop1 1.21014 1.00845
1300 pop2 0.998518 0.832098
1400 pop1 1.21038 1.00865
1400 pop2 0.998128 0.831773
1500 pop1 1.21026 1.00855
1500 pop2 0.999454 0.832878
1600 pop1 1.21025 1.00855
1600 pop2 0.999649 0.833041
1700 pop1 1.21006 1.00838
1700 pop2 0.999922 0.833268
1800 pop1 1.21016 1.00847
1800 pop2 0.999337 0.832781
1900 pop1 1.21007 1.00839
1900 pop2 0.999961 0.833301
2000 pop1 1.21 1.00833
2000 pop2 1.0 0.833333
2100 pop1 1.21 1.00833
2100 pop2 1.0 0.833333
2200 pop1 1.21 1.00833
2200 pop2 1.0 0.833333
2300 pop1 1.21 1.00833
2300 pop2 1.0 0.833333
2400 pop1 1.21 1.00833
2400 pop2 1.0 0.833333
2500 pop1 1.21 1.00833
2500 pop2 1.0 0.833333
2600 pop1 1.21 1.00833
2600 pop2 1.0 0.833333
2700 pop1 1.21 1.00833
2700 pop2 1.0 0.833333
2800 pop1 1.21 1.00833
2800 pop2 1.0 0.833333
2900 pop1 1.21 1.00833
2900 pop2 1.0 0.833333
3000 pop1 1.21 1.00833
3000 pop2 1.0 0.833333
3100 pop1 1.21 1.00833
3100 pop2 1.0 0.833333
3200 pop1 1.21 1.00833
3200 pop2 1.0 0.833333
3300 pop1 1.21 1.00833
3300 pop2 1.0 0.833333
3400 pop1 1.21 1.00833
3400 pop2 1.0 0.833333
3500 pop1 1.21 1.00833
3500 pop2 1.0 0.833333
3600 pop1 1.21 1.00833
3600 pop2 1.0 0.833333
3700 pop1 1.21 1.00833
3700 pop2 1.0 0.833333
3800 pop1 1.21 1.00833
3800 pop2 1.0 0.833333
3900 pop1 1.21 1.00833
3900 pop2 1.0 0.833333
4000 pop1 1.21 1.00833
4000 pop2 1.0 0.833333
4100 pop1 1.21 1.00833
4100 pop2 1.0 0.833333
4200 pop1 1.21 1.00833
4200 pop2 1.0 0.833333
4300 pop1 1.21 1.00833
4300 pop2 1.0 0.833333
4400 pop1 1.21 1.00833
4400 pop2 1.0 0.833333
4500 pop1 1.21 1.00833
4500 pop2 1.0 0.833333
4600 pop1 1.21 1.00833
4600 pop2 1.0 0.833333
4700 pop1 1.21 1.00833
4700 pop2 1.0 0.833333
4800 pop1 1.21 1.00833
4800 pop2 1.0 0.833333
4900 pop1 1.21 1.00833
4900 pop2 1.0 0.833333
5000 pop1 1.21 1.00833
5000 pop2 1.0 0.833333
