1 pop1 1.0 0.980392
1 pop2 1.0 0.980392
100 pop1 1.00247 0.982813
100 pop2 0.998701 0.979118
200 pop1 1.00491 0.985202
200 pop2 0.997178 0.977625
300 pop1 1.00444 0.984741
300 pop2 0.995832 0.976306
400 pop1 1.00587 0.986152
400 pop2 0.996648 0.977106
500 pop1 1.00399 0.984306
500 pop2 0.996821 0.977275
600 pop1 1.0037 0.984017
600 pop2 0.996545 0.977005
700 pop1 1.00474 0.985038
700 pop2 0.997375 0.977819
800 pop1 1.00296 0.983291
800 pop2 0.997685 0.978122
900 pop1 1.00284 0.983179
900 pop2 0.998821 0.979236
1000 pop1 1.00297 0.983305
1000 pop2 0.998244 0.978671
1100 pop1 1.01002 0.990213
1100 pop2 0.995642 0.97612
1200 pop1 1.01312 0.993259
1200 pop2 0.995267 0.975752
1300 pop1 1.01677 0.996833
1300 pop2 0.99495 0.975441
1400 pop1 1.0193 0.999312
1400 pop2 0.995049 0.975538
1500 pop1 1.01951 0.999523
1500 pop2 0.995993 0.976464
1600 pop1 1.02006 1.00006
1600 pop2 0.997714 0.978151
1700 pop1 1.0201 1.0001
1700 pop2 0.998224 0.978651
1800 pop1 1.02011 1.0001
1800 pop2 0.997738 0.978174
1900 pop1 1.0201 1.0001
1900 pop2 0.998663 0.979082
2000 pop1 1.0201 1.0001
2000 pop2 0.999294 0.9797
2100 pop1 1.0201 1.0001
2100 pop2 0.99988 0.980275
2200 pop1 1.0201 1.0001
2200 pop2 0.999597 0.979997
2300 pop1 1.0201 1.0001
2300 pop2 0.999689 0.980087
2400 pop1 1.0201 1.0001
2400 pop2 0.999932 0.980326
2500 pop1 1.0201 1.0001
2500 pop2 1.0 0.980392
2600 pop1 1.0201 1.0001
2600 pop2 1.0 0.980392
2700 pop1 1.0201 1.0001
2700 pop2 1.0 0.980392
2800 pop1 1.0201 1.0001
2800 pop2 1.0 0.980392
2900 pop1 1.0201 1.0001
2900 pop2 1.0 0.980392
3000 pop1 1.0201 1.0001
3000 pop2 1.0 0.980392
3100 pop1 1.0201 1.0001
3100 pop2 1.0 0.980392
3200 pop1 1.0201 1.0001
3200 pop2 1.0 0.980392
3300 pop1 1.0201 1.0001
3300 pop2 1.0 0.980392
3400 pop1 1.0201 1.0001
3400 pop2 1.0 0.980392
3500 pop1 1.0201 1.0001
3500 pop2 1.0 0.980392
3600 pop1 1.0201 1.0001
3600 pop2 1.0 0.980392
3700 pop1 1.0201 1.0001
3700 pop2 1.0 0.980392
3800 pop1 1.0201 1.0001
3800 pop2 1.0 0.980392
3900 pop1 1.0201 1.0001
3900 pop2 1.0 0.980392
4000 pop1 1.0201 1.0001
4000 pop2 1.0 0.980392
4100 pop1 1.0201 1.0001
4100 pop2 1.0 0.980392
4200 pop1 1.0201 1.0001
4200 pop2 1.0 0.980392
4300 pop1 1.0201 1.0001
4300 pop2 1.0 0.980392
4400 pop1 1.0201 1.0001
4400 pop2 1.0 0.980392
4500 pop1 1.0201 1.0001
4500 pop2 1.0 0.980392
4600 pop1 1.0201 1.0001
4600 pop2 1.0 0.980392
4700 pop1 1.0201 1.0001
4700 pop2 1.0 0.980392
4800 pop1 1.0201 1.0001
4800 pop2 1.0 0.980392
4900 pop1 1.0201 1.0001
4900 pop2 1.0 0.980392
5000 pop1 1.0201 1.0001
5000 pop2 1.0 0.980392
