1 pop1 1.0 0.909091
1 pop2 1.0 0.909091
100 pop1 1.01488 0.922616
100 pop2 1.02361 0.930559
200 pop1 1.02753 0.934114
200 pop2 1.01645 0.924049
300 pop1 1.02236 0.929418
300 pop2 1.02049 0.927715
400 pop1 1.02524 0.932033
400 pop2 1.01601 0.923645
500 pop1 1.02376 0.930694
500 pop2 1.01524 0.922945
600 pop1 1.02286 0.929868
600 pop2 1.02052 0.927749
700 pop1 1.01139 0.919446
700 pop2 1.02639 0.933083
800 pop1 1.01479 0.922533
800 pop2 1.025 0.931819
900 pop1 1.01592 0.923565
900 pop2 1.02572 0.932471
1000 pop1 1.01665 0.924224
1000 pop2 1.02133 0.928482
1100 pop1 1.09491 0.995374
1100 pop2 0.973811 0.885283
1200 pop1 1.10242 1.0022
1200 pop2 0.975012 0.886374
1300 pop1 1.10276 1.00251
1300 pop2 0.980034 0.89094
1400 pop1 1.10263 1.00239
1400 pop2 0.991665 0.901514
1500 pop1 1.10251 1.00228
1500 pop2 0.999447 0.908588
1600 pop1 1.1025 1.00227
1600 pop2 1.0 0.909091
1700 pop1 1.1025 1.00227
1700 pop2 1.0 0.909091
1800 pop1 1.1025 1.00227
1800 pop2 1.0 0.909091
1900 pop1 1.1025 1.00227
1900 pop2 1.0 0.909091
2000 pop1 1.1025 1.00227
2000 pop2 1.0 0.909091
2100 pop1 1.1025 1.00227
2100 pop2 1.0 0.909091
2200 pop1 1.1025 1.00227
2200 pop2 1.0 0.909091
2300 pop1 1.1025 1.00227
2300 pop2 1.0 0.909091
2400 pop1 1.1025 1.00227
2400 pop2 1.0 0.909091
2500 pop1 1.1025 1.00227
2500 pop2 1.0 0.909091
2600 pop1 1.1025 1.00227
2600 pop2 1.0 0.909091
2700 pop1 1.1025 1.00227
2700 pop2 1.0 0.909091
2800 pop1 1.1025 1.00227
2800 pop2 1.0 0.909091
2900 pop1 1.1025 1.00227
2900 pop2 1.0 0.909091
3000 pop1 1.1025 1.00227
3000 pop2 1.0 0.909091
3100 pop1 1.1025 1.00227
3100 pop2 1.0 0.909091
3200 pop1 1.1025 1.00227
3200 pop2 1.0 0.909091
3300 pop1 1.1025 1.00227
3300 pop2 1.0 0.909091
3400 pop1 1.1025 1.00227
3400 pop2 1.0 0.909091
3500 pop1 1.1025 1.00227
3500 pop2 1.0 0.909091
3600 pop1 1.1025 1.00227
3600 pop2 1.0 0.909091
3700 pop1 1.1025 1.00227
3700 pop2 1.0 0.909091
3800 pop1 1.1025 1.00227
3800 pop2 1.0 0.909091
3900 pop1 1.1025 1.00227
3900 pop2 1.0 0.909091
4000 pop1 1.1025 1.00227
4000 pop2 1.0 0.909091
4100 pop1 1.1025 1.00227
4100 pop2 1.0 0.909091
4200 pop1 1.1025 1.00227
4200 pop2 1.0 0.909091
4300 pop1 1.1025 1.00227
4300 pop2 1.0 0.909091
4400 pop1 1.1025 1.00227
4400 pop2 1.0 0.909091
4500 pop1 1.1025 1.00227
4500 pop2 1.0 0.909091
4600 pop1 1.1025 1.00227
4600 pop2 1.0 0.909091
4700 pop1 1.1025 1.00227
4700 pop2 1.0 0.909091
4800 pop1 1.1025 1.00227
4800 pop2 1.0 0.909091
4900 pop1 1.1025 1.00227
4900 pop2 1.0 0.909091
5000 pop1 1.1025 1.00227
5000 pop2 1.0 0.909091
