1 pop1 1.0 0.909091
1 pop2 1.0 0.909091
100 pop1 1.08531 0.986646
100 pop2 1.08672 0.987931
200 pop1 1.08125 0.982953
200 pop2 1.08832 0.989378
300 pop1 1.08444 0.985858
300 pop2 1.08401 0.985468
400 pop1 1.08335 0.984864
400 pop2 1.08432 0.985745
500 pop1 1.08904 0.990035
500 pop2 1.0813 0.982997
600 pop1 1.08267 0.984245
600 pop2 1.08408 0.985527
700 pop1 1.08762 0.988746
700 pop2 1.08648 0.98771
800 pop1 1.08496 0.986327
800 pop2 1.08283 0.984394
900 pop1 1.08331 0.984831
900 pop2 1.08281 0.984372
1000 pop1 1.0867 0.987913
1000 pop2 1.08758 0.988712
1100 pop1 1.09502 0.995477
1100 pop2 0.984288 0.894808
1200 pop1 1.09648 0.9968
1200 pop2 0.992906 0.902642
1300 pop1 1.09955 0.999594
1300 pop2 0.997119 0.906472
1400 pop1 1.10124 1.00112
1400 pop2 0.998361 0.907601
1500 pop1 1.10233 1.00212
1500 pop2 0.999091 0.908265
1600 pop1 1.10252 1.00229
1600 pop2 0.999447 0.908588
1700 pop1 1.10252 1.00229
1700 pop2 0.999842 0.908947
1800 pop1 1.1025 1.00227
1800 pop2 1.0 0.909091
1900 pop1 1.1025 1.00227
1900 pop2 1.0 0.909091
2000 pop1 1.1025 1.00227
2000 pop2 1.0 0.909091
2100 pop1 1.1025 1.00227
2100 pop2 1.0 0.909091
2200 pop1 1.1025 1.00227
2200 pop2 1.0 0.909091
2300 pop1 1.1025 1.00227
2300 pop2 1.0 0.909091
2400 pop1 1.1025 1.00227
2400 pop2 1.0 0.909091
2500 pop1 1.1025 1.00227
2500 pop2 1.0 0.909091
2600 pop1 1.1025 1.00227
2600 pop2 1.0 0.909091
2700 pop1 1.1025 1.00227
2700 pop2 1.0 0.909091
2800 pop1 1.1025 1.00227
2800 pop2 1.0 0.909091
2900 pop1 1.1025 1.00227
2900 pop2 1.0 0.909091
3000 pop1 1.1025 1.00227
3000 pop2 1.0 0.909091
3100 pop1 1.1025 1.00227
3100 pop2 1.0 0.909091
3200 pop1 1.1025 1.00227
3200 pop2 1.0 0.909091
3300 pop1 1.1025 1.00227
3300 pop2 1.0 0.909091
3400 pop1 1.1025 1.00227
3400 pop2 1.0 0.909091
3500 pop1 1.1025 1.00227
3500 pop2 1.0 0.909091
3600 pop1 1.1025 1.00227
3600 pop2 1.0 0.909091
3700 pop1 1.1025 1.00227
3700 pop2 1.0 0.909091
3800 pop1 1.1025 1.00227
3800 pop2 1.0 0.909091
3900 pop1 1.1025 1.00227
3900 pop2 1.0 0.909091
4000 pop1 1.1025 1.00227
4000 pop2 1.0 0.909091
4100 pop1 1.1025 1.00227
4100 pop2 1.0 0.909091
4200 pop1 1.1025 1.00227
4200 pop2 1.0 0.909091
4300 pop1 1.1025 1.00227
4300 pop2 1.0 0.909091
4400 pop1 1.1025 1.00227
4400 pop2 1.0 0.909091
4500 pop1 1.1025 1.00227
4500 pop2 1.0 0.909091
4600 pop1 1.1025 1.00227
4600 pop2 1.0 0.909091
4700 pop1 1.1025 1.00227
4700 pop2 1.0 0.909091
4800 pop1 1.1025 1.00227
4800 pop2 1.0 0.909091
4900 pop1 1.1025 1.00227
4900 pop2 1.0 0.909091
5000 pop1 1.1025 1.00227
5000 pop2 1.0 0.909091
