1 pop1 1.0 0.833333
1 pop2 1.0 0.833333
100 pop1 1.12128 0.934404
100 pop2 1.12754 0.939615
200 pop1 1.12272 0.935603
200 pop2 1.12574 0.938119
300 pop1 1.12179 0.934824
300 pop2 1.12082 0.93402
400 pop1 1.12343 0.936188
400 pop2 1.12416 0.936804
500 pop1 1.12493 0.937443
500 pop2 1.12943 0.941191
600 pop1 1.12925 0.941039
600 pop2 1.12233 0.935271
700 pop1 1.12121 0.934343
700 pop2 1.11738 0.93115
800 pop1 1.12499 0.937492
800 pop2 1.12747 0.939559
900 pop1 1.12357 0.936306
900 pop2 1.11495 0.929128
1000 pop1 1.11744 0.931199
1000 pop2 1.12741 0.939509
1100 pop1 1.13839 0.948659
1100 pop2 1.14348 0.952897
1200 pop1 1.13435 0.945293
1200 pop2 1.15162 0.95968
1300 pop1 1.13532 0.946096
1300 pop2 1.14513 0.954276
1400 pop1 1.13071 0.942257
1400 pop2 1.15362 0.96135
1500 pop1 1.13287 0.944056
1500 pop2 1.14845 0.957038
1600 pop1 1.14087 0.950721
1600 pop2 1.15077 0.958978
1700 pop1 1.1337 0.944747
1700 pop2 1.14995 0.958293
1800 pop1 1.13853 0.948779
1800 pop2 1.15352 0.961265
1900 pop1 1.14462 0.953848
1900 pop2 1.14356 0.952968
2000 pop1 1.13806 0.948387
2000 pop2 1.14846 0.957051
2100 pop1 1.13296 0.944132
2100 pop2 1.15038 0.958648
2200 pop1 1.13707 0.947558
2200 pop2 1.15095 0.959124
2300 pop1 1.14033 0.950276
2300 pop2 1.14814 0.956782
2400 pop1 1.13455 0.945457
2400 pop2 1.14272 0.952269
2500 pop1 1.13375 0.944788
2500 pop2 1.14543 0.954521
2600 pop1 1.14054 0.950451
2600 pop2 1.14092 0.95077
2700 pop1 1.14247 0.952055
2700 pop2 1.14269 0.952245
2800 pop1 1.15018 0.958485
2800 pop2 1.13266 0.943879
2900 pop1 1.14451 0.95376
2900 pop2 1.13991 0.949925
3000 pop1 1.14476 0.953968
3000 pop2 1.14449 0.953741
3100 pop1 1.13384 0.944865
3100 pop2 1.1462 0.955165
3200 pop1 1.14405 0.953376
3200 pop2 1.14239 0.951993
3300 pop1 1.13049 0.942077
3300 pop2 1.14915 0.957621
3400 pop1 1.13986 0.949885
3400 pop2 1.14175 0.951462
3500 pop1 1.14377 0.953142
3500 pop2 1.14856 0.957132
3600 pop1 1.14231 0.951925
3600 pop2 1.14149 0.951245
3700 pop1 1.14028 0.950232
3700 pop2 1.14844 0.957034
3800 pop1 1.14267 0.952229
3800 pop2 1.14482 0.954015
3900 pop1 1.14862 0.957186
3900 pop2 1.14165 0.951373
4000 pop1 1.14234 0.95195
4000 pop2 1.14127 0.951057
4100 pop1 1.14557 0.954645
4100 pop2 1.13332 0.944432
4200 pop1 1.14615 0.955122
4200 pop2 1.14589 0.954911
4300 pop1 1.14141 0.951177
4300 pop2 1.1413 0.95108
4400 pop1 1.13696 0.947465
4400 pop2 1.14152 0.951271
4500 pop1 1.14466 0.953887
4500 pop2 1.13802 0.948346
4600 pop1 1.14028 0.95023
4600 pop2 1.14338 0.952814
4700 pop1 1.14757 0.956311
4700 pop2 1.13783 0.948196
4800 pop1 1.14395 0.953292
4800 pop2 1.13531 0.946093
4900 pop1 1.13802 0.948347
4900 pop2 1.13798 0.948318
5000 pop1 1.14459 0.953822
5000 pop2 1.14428 0.953571
