1 pop1 1.0 0.833333
1 pop2 1.0 0.833333
100 pop1 1.12008 0.9334
100 pop2 1.12505 0.937542
200 pop1 1.12697 0.939145
200 pop2 1.12346 0.936215
300 pop1 1.12032 0.933604
300 pop2 1.12911 0.940921
400 pop1 1.12323 0.936027
400 pop2 1.12188 0.934897
500 pop1 1.12114 0.934284
500 pop2 1.13422 0.945187
600 pop1 1.12741 0.939509
600 pop2 1.1146 0.928833
700 pop1 1.12689 0.939072
700 pop2 1.12596 0.938298
800 pop1 1.11829 0.93191
800 pop2 1.12545 0.937876
900 pop1 1.1301 0.941748
900 pop2 1.11856 0.932135
1000 pop1 1.12281 0.935676
1000 pop2 1.12077 0.933974
1100 pop1 1.13909 0.949238
1100 pop2 1.14146 0.951214
1200 pop1 1.12961 0.941338
1200 pop2 1.14676 0.955635
1300 pop1 1.13262 0.94385
1300 pop2 1.1524 0.960335
1400 pop1 1.13395 0.94496
1400 pop2 1.14554 0.954621
1500 pop1 1.13092 0.942435
1500 pop2 1.14147 0.951226
1600 pop1 1.1387 0.948915
1600 pop2 1.14299 0.952495
1700 pop1 1.13666 0.94722
1700 pop2 1.13938 0.949485
1800 pop1 1.13834 0.94862
1800 pop2 1.14531 0.954429
1900 pop1 1.14099 0.950821
1900 pop2 1.14172 0.951431
2000 pop1 1.14372 0.953103
2000 pop2 1.14584 0.954864
2100 pop1 1.14266 0.952219
2100 pop2 1.14383 0.953189
2200 pop1 1.14303 0.952524
2200 pop2 1.13962 0.949682
2300 pop1 1.14749 0.95624
2300 pop2 1.14043 0.950357
2400 pop1 1.13895 0.949128
2400 pop2 1.14146 0.951219
2500 pop1 1.1416 0.951332
2500 pop2 1.13381 0.944841
2600 pop1 1.14331 0.952756
2600 pop2 1.14039 0.950325
2700 pop1 1.1375 0.947918
2700 pop2 1.14717 0.955973
2800 pop1 1.14652 0.955437
2800 pop2 1.13375 0.944789
2900 pop1 1.13837 0.948644
2900 pop2 1.14546 0.954548
3000 pop1 1.14352 0.95293
3000 pop2 1.14198 0.951648
3100 pop1 1.14384 0.953204
3100 pop2 1.13476 0.945637
3200 pop1 1.14535 0.954461
3200 pop2 1.14187 0.951559
3300 pop1 1.13808 0.948404
3300 pop2 1.14533 0.954442
3400 pop1 1.14487 0.95406
3400 pop2 1.14926 0.957718
3500 pop1 1.14471 0.953923
3500 pop2 1.14059 0.950496
3600 pop1 1.14568 0.954729
3600 pop2 1.13314 0.944284
3700 pop1 1.14145 0.951209
3700 pop2 1.14351 0.952922
3800 pop1 1.14916 0.957632
3800 pop2 1.13709 0.947576
3900 pop1 1.14954 0.957946
3900 pop2 1.12878 0.940652
4000 pop1 1.14344 0.952867
4000 pop2 1.14047 0.950391
4100 pop1 1.14041 0.950338
4100 pop2 1.14365 0.953042
4200 pop1 1.13978 0.949821
4200 pop2 1.14169 0.951409
4300 pop1 1.14527 0.954393
4300 pop2 1.14356 0.952967
4400 pop1 1.14255 0.952123
4400 pop2 1.1404 0.950335
4500 pop1 1.14878 0.957315
4500 pop2 1.13754 0.947947
4600 pop1 1.1372 0.947668
4600 pop2 1.13947 0.949562
4700 pop1 1.14535 0.954459
4700 pop2 1.13576 0.946471
4800 pop1 1.1412 0.950999
4800 pop2 1.14372 0.953099
4900 pop1 1.13859 0.948822
4900 pop2 1.14679 0.955662
5000 pop1 1.13673 0.947273
5000 pop2 1.142 0.951664
