1 pop1 1.0 0.833333
1 pop2 1.0 0.833333
100 pop1 1.06748 0.889571
100 pop2 1.08061 0.900507
200 pop1 1.07265 0.893873
200 pop2 1.06285 0.88571
300 pop1 1.06725 0.889374
300 pop2 1.07415 0.895124
400 pop1 1.06648 0.888732
400 pop2 1.071 0.892502
500 pop1 1.07621 0.896845
500 pop2 1.07342 0.89452
600 pop1 1.07117 0.892645
600 pop2 1.06897 0.890811
700 pop1 1.07003 0.891692
700 pop2 1.07474 0.895618
800 pop1 1.07916 0.8993
800 pop2 1.06672 0.888934
900 pop1 1.07183 0.893189
900 pop2 1.0685 0.890416
1000 pop1 1.07582 0.896517
1000 pop2 1.06674 0.888948
1100 pop1 1.11852 0.932102
1100 pop2 1.11735 0.931128
1200 pop1 1.12727 0.939388
1200 pop2 1.11839 0.931989
1300 pop1 1.1216 0.934666
1300 pop2 1.1196 0.933002
1400 pop1 1.12044 0.933701
1400 pop2 1.12244 0.935366
1500 pop1 1.12574 0.93812
1500 pop2 1.11637 0.930308
1600 pop1 1.12856 0.940465
1600 pop2 1.12169 0.934741
1700 pop1 1.1239 0.936587
1700 pop2 1.11874 0.932287
1800 pop1 1.12486 0.937382
1800 pop2 1.11044 0.925367
1900 pop1 1.13108 0.942569
1900 pop2 1.11586 0.929882
2000 pop1 1.13186 0.943213
2000 pop2 1.1099 0.924914
2100 pop1 1.12062 0.933852
2100 pop2 1.12497 0.937475
2200 pop1 1.11669 0.930576
2200 pop2 1.12 0.933337
2300 pop1 1.11572 0.929768
2300 pop2 1.12695 0.939125
2400 pop1 1.12764 0.939703
2400 pop2 1.11785 0.931541
2500 pop1 1.13117 0.94264
2500 pop2 1.11285 0.927372
2600 pop1 1.12874 0.94062
2600 pop2 1.11436 0.92863
2700 pop1 1.12828 0.94023
2700 pop2 1.11454 0.928783
2800 pop1 1.13682 0.947349
2800 pop2 1.1066 0.922168
2900 pop1 1.12321 0.936012
2900 pop2 1.12321 0.936011
3000 pop1 1.11458 0.928821
3000 pop2 1.13128 0.94273
3100 pop1 1.12274 0.935618
3100 pop2 1.12225 0.935207
3200 pop1 1.13397 0.944977
3200 pop2 1.11223 0.926861
3300 pop1 1.13609 0.946742
3300 pop2 1.1117 0.926421
3400 pop1 1.13218 0.943486
3400 pop2 1.11294 0.92745
3500 pop1 1.12738 0.939481
3500 pop2 1.11847 0.932057
3600 pop1 1.12591 0.938258
3600 pop2 1.12121 0.934346
3700 pop1 1.12953 0.941271
3700 pop2 1.11826 0.931881
3800 pop1 1.13034 0.941951
3800 pop2 1.11451 0.92876
3900 pop1 1.1363 0.946913
3900 pop2 1.10908 0.924231
4000 pop1 1.12099 0.934156
4000 pop2 1.12224 0.935202
4100 pop1 1.12371 0.936429
4100 pop2 1.12698 0.939153
4200 pop1 1.12139 0.934489
4200 pop2 1.12083 0.934022
4300 pop1 1.12716 0.939297
4300 pop2 1.11823 0.931858
4400 pop1 1.12237 0.935309
4400 pop2 1.12144 0.93453
4500 pop1 1.125 0.9375
4500 pop2 1.11281 0.927346
4600 pop1 1.13214 0.943453
4600 pop2 1.11185 0.926546
4700 pop1 1.12954 0.941281
4700 pop2 1.11606 0.930052
4800 pop1 1.12292 0.935764
4800 pop2 1.12108 0.934233
4900 pop1 1.11929 0.932745
4900 pop2 1.12297 0.935811
5000 pop1 1.126 0.938335
5000 pop2 1.11788 0.931566
