1 pop1 1.0 0.980392
1 pop2 1.0 0.980392
100 pop1 1.00552 0.985806
100 pop2 1.00522 0.98551
200 pop1 1.00688 0.987135
200 pop2 1.00321 0.983537
300 pop1 1.00674 0.987
300 pop2 1.00271 0.983048
400 pop1 1.00626 0.986526
400 pop2 1.00384 0.984159
500 pop1 1.00466 0.984957
500 pop2 1.00607 0.986348
600 pop1 1.00675 0.987014
600 pop2 1.0061 0.98637
700 pop1 1.0062 0.986468
700 pop2 1.00509 0.985386
800 pop1 1.00477 0.985066
800 pop2 1.00667 0.986928
900 pop1 1.00572 0.986003
900 pop2 1.00578 0.986059
1000 pop1 1.00605 0.986328
1000 pop2 1.00348 0.983802
1100 pop1 1.00871 0.988933
1100 pop2 1.0036 0.983918
1200 pop1 1.00817 0.988401
1200 pop2 1.00835 0.988577
1300 pop1 1.0106 0.990783
1300 pop2 1.00985 0.990053
1400 pop1 1.01062 0.990802
1400 pop2 1.01305 0.993186
1500 pop1 1.00972 0.989924
1500 pop2 1.01318 0.993318
1600 pop1 1.01098 0.991161
1600 pop2 1.01321 0.993347
1700 pop1 1.01242 0.992568
1700 pop2 1.01206 0.992212
1800 pop1 1.01239 0.992536
1800 pop2 1.01236 0.992514
1900 pop1 1.01036 0.990545
1900 pop2 1.01483 0.994935
2000 pop1 1.01134 0.991509
2000 pop2 1.0138 0.993926
2100 pop1 1.01167 0.991837
2100 pop2 1.01195 0.992111
2200 pop1 1.01057 0.99075
2200 pop2 1.01257 0.992714
2300 pop1 1.0122 0.992357
2300 pop2 1.01366 0.993787
2400 pop1 1.00965 0.98985
2400 pop2 1.01389 0.994008
2500 pop1 1.01042 0.990604
2500 pop2 1.0117 0.991861
2600 pop1 1.01145 0.991614
2600 pop2 1.01172 0.991878
2700 pop1 1.01101 0.991181
2700 pop2 1.01184 0.991998
2800 pop1 1.00915 0.989359
2800 pop2 1.01372 0.993842
2900 pop1 1.0096 0.989806
2900 pop2 1.01486 0.994965
3000 pop1 1.01081 0.990994
3000 pop2 1.01349 0.993615
3100 pop1 1.01053 0.990712
3100 pop2 1.01319 0.993326
3200 pop1 1.01028 0.99047
3200 pop2 1.01272 0.992864
3300 pop1 1.01083 0.991013
3300 pop2 1.0143 0.994413
3400 pop1 1.01021 0.990399
3400 pop2 1.01468 0.994789
3500 pop1 1.01239 0.992538
3500 pop2 1.01367 0.99379
3600 pop1 1.0122 0.992352
3600 pop2 1.01305 0.993186
3700 pop1 1.01103 0.991206
3700 pop2 1.0126 0.992741
3800 pop1 1.01217 0.992319
3800 pop2 1.01389 0.99401
3900 pop1 1.01144 0.991606
3900 pop2 1.01386 0.993979
4000 pop1 1.01182 0.991982
4000 pop2 1.01238 0.992527
4100 pop1 1.01315 0.993282
4100 pop2 1.01276 0.992902
4200 pop1 1.01301 0.993144
4200 pop2 1.01236 0.992508
4300 pop1 1.01065 0.99083
4300 pop2 1.0131 0.993233
4400 pop1 1.01091 0.991087
4400 pop2 1.01356 0.993691
4500 pop1 1.00985 0.990053
4500 pop2 1.01386 0.993979
4600 pop1 1.01036 0.990548
4600 pop2 1.01373 0.993849
4700 pop1 1.01081 0.990992
4700 pop2 1.0144 0.994512
4800 pop1 1.01194 0.992097
4800 pop2 1.01307 0.993206
4900 pop1 1.01208 0.992236
4900 pop2 1.01175 0.991916
5000 pop1 1.01118 0.991352
5000 pop2 1.0134 0.993533
