1 pop1 1.0 0.833333
1 pop2 1.0 0.833333
100 pop1 1.19338 0.994481
100 pop2 1.19366 0.994714
200 pop1 1.19007 0.991727
200 pop2 1.19263 0.993856
300 pop1 1.18942 0.991183
300 pop2 1.191 0.992498
400 pop1 1.19179 0.993159
400 pop2 1.19163 0.993021
500 pop1 1.19135 0.992789
500 pop2 1.18954 0.991286
600 pop1 1.19224 0.993535
600 pop2 1.19372 0.994769
700 pop1 1.19616 0.996803
700 pop2 1.19728 0.99773
800 pop1 1.19331 0.994422
800 pop2 1.19525 0.996045
900 pop1 1.1956 0.996337
900 pop2 1.19334 0.994446
1000 pop1 1.19173 0.993108
1000 pop2 1.19325 0.994373
1100 pop1 1.19151 0.992925
1100 pop2 1.19115 0.992629
1200 pop1 1.19227 0.993558
1200 pop2 1.19389 0.99491
1300 pop1 1.19155 0.992958
1300 pop2 1.1956 0.996331
1400 pop1 1.1933 0.994417
1400 pop2 1.19539 0.996162
1500 pop1 1.18953 0.991274
1500 pop2 1.19176 0.993136
1600 pop1 1.19093 0.992442
1600 pop2 1.19218 0.993481
1700 pop1 1.19224 0.993534
1700 pop2 1.19038 0.991983
1800 pop1 1.18973 0.99144
1800 pop2 1.1893 0.991086
1900 pop1 1.18867 0.990561
1900 pop2 1.19451 0.995424
2000 pop1 1.19679 0.997326
2000 pop2 1.1925 0.993754
2100 pop1 1.19161 0.993008
2100 pop2 1.1938 0.99483
2200 pop1 1.19155 0.992956
2200 pop2 1.18945 0.991205
2300 pop1 1.19297 0.994141
2300 pop2 1.19138 0.992815
2400 pop1 1.19247 0.993722
2400 pop2 1.19351 0.994594
2500 pop1 1.19593 0.99661
2500 pop2 1.19233 0.993611
2600 pop1 1.19194 0.993285
2600 pop2 1.19149 0.99291
2700 pop1 1.19133 0.992774
2700 pop2 1.19468 0.995566
2800 pop1 1.18844 0.990365
2800 pop2 1.19308 0.994229
2900 pop1 1.19198 0.993318
2900 pop2 1.19202 0.993353
3000 pop1 1.19027 0.991891
3000 pop2 1.19685 0.997372
3100 pop1 1.18854 0.990449
3100 pop2 1.19338 0.99448
3200 pop1 1.19384 0.994865
3200 pop2 1.19222 0.99352
3300 pop1 1.19345 0.99454
3300 pop2 1.19092 0.992435
3400 pop1 1.1925 0.993749
3400 pop2 1.19335 0.994459
3500 pop1 1.19265 0.993873
3500 pop2 1.18872 0.990596
3600 pop1 1.19221 0.993511
3600 pop2 1.187 0.989163
3700 pop1 1.19298 0.994153
3700 pop2 1.18891 0.990758
3800 pop1 1.19347 0.994555
3800 pop2 1.1881 0.990083
3900 pop1 1.1909 0.992417
3900 pop2 1.18886 0.990717
4000 pop1 1.19438 0.995318
4000 pop2 1.18994 0.991618
4100 pop1 1.18836 0.990303
4100 pop2 1.19248 0.993736
4200 pop1 1.19022 0.991853
4200 pop2 1.19214 0.993448
4300 pop1 1.18908 0.990902
4300 pop2 1.19418 0.99515
4400 pop1 1.19108 0.99257
4400 pop2 1.18962 0.991352
4500 pop1 1.19211 0.993421
4500 pop2 1.19329 0.994412
4600 pop1 1.19168 0.993068
4600 pop2 1.18997 0.99164
4700 pop1 1.19188 0.993232
4700 pop2 1.19221 0.993511
4800 pop1 1.19192 0.993267
4800 pop2 1.19165 0.993046
4900 pop1 1.1946 0.995496
4900 pop2 1.19181 0.993179
5000 pop1 1.19216 0.993464
5000 pop2 1.19408 0.995068
