1 pop1 1.0 0.980392
1 pop2 1.0 0.980392
100 pop1 1.00295 0.983284
100 pop2 0.999522 0.979924
200 pop1 1.00323 0.98356
200 pop2 0.999906 0.9803
300 pop1 1.00303 0.983361
300 pop2 1.00193 0.982286
400 pop1 1.00389 0.984207
400 pop2 0.99905 0.979461
500 pop1 1.00133 0.981696
500 pop2 1.00294 0.983276
600 pop1 1.00287 0.983202
600 pop2 1.00114 0.981514
700 pop1 1.00221 0.982558
700 pop2 1.0008 0.981173
800 pop1 0.999769 0.980165
800 pop2 1.00376 0.984075
900 pop1 1.00136 0.981729
900 pop2 1.00285 0.983189
1000 pop1 0.999467 0.97987
1000 pop2 1.00427 0.984578
1100 pop1 1.00814 0.988373
1100 pop2 0.996785 0.97724
1200 pop1 1.01575 0.99583
1200 pop2 0.995716 0.976192
1300 pop1 1.01848 0.998514
1300 pop2 0.995549 0.976028
1400 pop1 1.01987 0.999872
1400 pop2 0.996018 0.976488
1500 pop1 1.02011 1.00011
1500 pop2 0.99588 0.976352
1600 pop1 1.02011 1.0001
1600 pop2 0.997902 0.978335
1700 pop1 1.0201 1.0001
1700 pop2 0.998819 0.979234
1800 pop1 1.0201 1.0001
1800 pop2 0.998628 0.979047
1900 pop1 1.0201 1.0001
1900 pop2 0.998843 0.979258
2000 pop1 1.0201 1.0001
2000 pop2 0.999254 0.979661
2100 pop1 1.0201 1.0001
2100 pop2 0.99992 0.980314
2200 pop1 1.0201 1.0001
2200 pop2 0.99994 0.980333
2300 pop1 1.0201 1.0001
2300 pop2 0.99998 0.980373
2400 pop1 1.0201 1.0001
2400 pop2 1.0 0.980392
2500 pop1 1.0201 1.0001
2500 pop2 1.0 0.980392
2600 pop1 1.0201 1.0001
2600 pop2 1.0 0.980392
2700 pop1 1.0201 1.0001
2700 pop2 1.0 0.980392
2800 pop1 1.0201 1.0001
2800 pop2 1.0 0.980392
2900 pop1 1.0201 1.0001
2900 pop2 1.0 0.980392
3000 pop1 1.0201 1.0001
3000 pop2 1.0 0.980392
3100 pop1 1.0201 1.0001
3100 pop2 1.0 0.980392
3200 pop1 1.0201 1.0001
3200 pop2 1.0 0.980392
3300 pop1 1.0201 1.0001
3300 pop2 1.0 0.980392
3400 pop1 1.0201 1.0001
3400 pop2 1.0 0.980392
3500 pop1 1.0201 1.0001
3500 pop2 1.0 0.980392
3600 pop1 1.0201 1.0001
3600 pop2 1.0 0.980392
3700 pop1 1.0201 1.0001
3700 pop2 1.0 0.980392
3800 pop1 1.0201 1.0001
3800 pop2 1.0 0.980392
3900 pop1 1.0201 1.0001
3900 pop2 1.0 0.980392
4000 pop1 1.0201 1.0001
4000 pop2 1.0 0.980392
4100 pop1 1.0201 1.0001
4100 pop2 1.0 0.980392
4200 pop1 1.0201 1.0001
4200 pop2 1.0 0.980392
4300 pop1 1.0201 1.0001
4300 pop2 1.0 0.980392
4400 pop1 1.0201 1.0001
4400 pop2 1.0 0.980392
4500 pop1 1.0201 1.0001
4500 pop2 1.0 0.980392
4600 pop1 1.0201 1.0001
4600 pop2 1.0 0.980392
4700 pop1 1.0201 1.0001
4700 pop2 1.0 0.980392
4800 pop1 1.0201 1.0001
4800 pop2 1.0 0.980392
4900 pop1 1.0201 1.0001
4900 pop2 1.0 0.980392
5000 pop1 1.0201 1.0001
5000 pop2 1.0 0.980392
