1 pop1 1.0 0.980392
1 pop2 1.0 0.980392
100 pop1 0.997948 0.97838
100 pop2 1.00218 0.982533
200 pop1 1.00145 0.981815
200 pop2 1.00069 0.981073
300 pop1 0.998678 0.979096
300 pop2 1.0036 0.983925
400 pop1 0.999495 0.979897
400 pop2 1.00182 0.98218
500 pop1 0.998301 0.978727
500 pop2 1.00342 0.983749
600 pop1 0.997175 0.977623
600 pop2 1.00452 0.984827
700 pop1 0.996919 0.977372
700 pop2 1.00408 0.98439
800 pop1 0.996592 0.977051
800 pop2 1.00603 0.986305
900 pop1 0.994452 0.974953
900 pop2 1.00604 0.986312
1000 pop1 0.99324 0.973765
1000 pop2 1.00696 0.987215
1100 pop1 1.00374 0.984062
1100 pop2 0.995275 0.97576
1200 pop1 1.01092 0.991094
1200 pop2 0.994829 0.975322
1300 pop1 1.01442 0.994532
1300 pop2 0.994703 0.975199
1400 pop1 1.01652 0.996584
1400 pop2 0.993496 0.974016
1500 pop1 1.01793 0.997975
1500 pop2 0.993329 0.973852
1600 pop1 1.01892 0.998943
1600 pop2 0.994438 0.974939
1700 pop1 1.01897 0.998991
1700 pop2 0.994195 0.974701
1800 pop1 1.01942 0.99943
1800 pop2 0.99538 0.975862
1900 pop1 1.02003 1.00003
1900 pop2 0.995059 0.975548
2000 pop1 1.01967 0.999673
2000 pop2 0.996166 0.976633
2100 pop1 1.02003 1.00003
2100 pop2 0.997032 0.977482
2200 pop1 1.02004 1.00004
2200 pop2 0.996429 0.976891
2300 pop1 1.02011 1.0001
2300 pop2 0.997519 0.977959
2400 pop1 1.0201 1.0001
2400 pop2 0.998683 0.979101
2500 pop1 1.0201 1.0001
2500 pop2 0.998927 0.97934
2600 pop1 1.0201 1.0001
2600 pop2 0.999362 0.979766
2700 pop1 1.0201 1.0001
2700 pop2 0.999457 0.97986
2800 pop1 1.0201 1.0001
2800 pop2 0.999649 0.980048
2900 pop1 1.0201 1.0001
2900 pop2 0.999868 0.980263
3000 pop1 1.0201 1.0001
3000 pop2 0.999972 0.980365
3100 pop1 1.0201 1.0001
3100 pop2 0.999984 0.980376
3200 pop1 1.0201 1.0001
3200 pop2 1.0 0.980392
3300 pop1 1.0201 1.0001
3300 pop2 1.0 0.980392
3400 pop1 1.0201 1.0001
3400 pop2 1.0 0.980392
3500 pop1 1.0201 1.0001
3500 pop2 1.0 0.980392
3600 pop1 1.0201 1.0001
3600 pop2 1.0 0.980392
3700 pop1 1.0201 1.0001
3700 pop2 1.0 0.980392
3800 pop1 1.0201 1.0001
3800 pop2 1.0 0.980392
3900 pop1 1.0201 1.0001
3900 pop2 1.0 0.980392
4000 pop1 1.0201 1.0001
4000 pop2 1.0 0.980392
4100 pop1 1.0201 1.0001
4100 pop2 1.0 0.980392
4200 pop1 1.0201 1.0001
4200 pop2 1.0 0.980392
4300 pop1 1.0201 1.0001
4300 pop2 1.0 0.980392
4400 pop1 1.0201 1.0001
4400 pop2 1.0 0.980392
4500 pop1 1.0201 1.0001
4500 pop2 1.0 0.980392
4600 pop1 1.0201 1.0001
4600 pop2 1.0 0.980392
4700 pop1 1.0201 1.0001
4700 pop2 1.0 0.980392
4800 pop1 1.0201 1.0001
4800 pop2 1.0 0.980392
4900 pop1 1.0201 1.0001
4900 pop2 1.0 0.980392
5000 pop1 1.0201 1.0001
5000 pop2 1.0 0.980392
