1 pop1 1.0 0.833333
1 pop2 1.0 0.833333
100 pop1 1.1881 0.99008
100 pop2 1.18726 0.989382
200 pop1 1.19258 0.993813
200 pop2 1.18806 0.990047
300 pop1 1.19531 0.996088
300 pop2 1.1948 0.995664
400 pop1 1.19323 0.994359
400 pop2 1.18725 0.989374
500 pop1 1.19348 0.994569
500 pop2 1.19431 0.995261
600 pop1 1.19157 0.992975
600 pop2 1.19086 0.992387
700 pop1 1.19263 0.993862
700 pop2 1.19071 0.992255
800 pop1 1.1967 0.997251
800 pop2 1.19244 0.993699
900 pop1 1.19407 0.995059
900 pop2 1.19119 0.992662
1000 pop1 1.19429 0.995242
1000 pop2 1.19192 0.993267
1100 pop1 1.19886 0.999047
1100 pop2 0.98843 0.823692
1200 pop1 1.19841 0.998671
1200 pop2 0.990939 0.825783
1300 pop1 1.19848 0.998735
1300 pop2 0.992271 0.826893
1400 pop1 1.2014 1.00117
1400 pop2 0.991566 0.826305
1500 pop1 1.20301 1.00251
1500 pop2 0.996225 0.830187
1600 pop1 1.20606 1.00505
1600 pop2 0.998721 0.832267
1700 pop1 1.20947 1.00789
1700 pop2 0.998284 0.831903
1800 pop1 1.20843 1.00702
1800 pop2 0.998752 0.832293
1900 pop1 1.20986 1.00822
1900 pop2 0.999532 0.832943
2000 pop1 1.21 1.00833
2000 pop2 1.0 0.833333
2100 pop1 1.21 1.00833
2100 pop2 1.0 0.833333
2200 pop1 1.21 1.00833
2200 pop2 1.0 0.833333
2300 pop1 1.21 1.00833
2300 pop2 1.0 0.833333
2400 pop1 1.21 1.00833
2400 pop2 1.0 0.833333
2500 pop1 1.21 1.00833
2500 pop2 1.0 0.833333
2600 pop1 1.21 1.00833
2600 pop2 1.0 0.833333
2700 pop1 1.21 1.00833
2700 pop2 1.0 0.833333
2800 pop1 1.21 1.00833
2800 pop2 1.0 0.833333
2900 pop1 1.21 1.00833
2900 pop2 1.0 0.833333
3000 pop1 1.21 1.00833
3000 pop2 1.0 0.833333
3100 pop1 1.21 1.00833
3100 pop2 1.0 0.833333
3200 pop1 1.21 1.00833
3200 pop2 1.0 0.833333
3300 pop1 1.21 1.00833
3300 pop2 1.0 0.833333
3400 pop1 1.21 1.00833
3400 pop2 1.0 0.833333
3500 pop1 1.21 1.00833
3500 pop2 1.0 0.833333
3600 pop1 1.21 1.00833
3600 pop2 1.0 0.833333
3700 pop1 1.21 1.00833
3700 pop2 1.0 0.833333
3800 pop1 1.21 1.00833
3800 pop2 1.0 0.833333
3900 pop1 1.21 1.00833
3900 pop2 1.0 0.833333
4000 pop1 1.21 1.00833
4000 pop2 1.0 0.833333
4100 pop1 1.21 1.00833
4100 pop2 1.0 0.833333
4200 pop1 1.21 1.00833
4200 pop2 1.0 0.833333
4300 pop1 1.21 1.00833
4300 pop2 1.0 0.833333
4400 pop1 1.21 1.00833
4400 pop2 1.0 0.833333
4500 pop1 1.21 1.00833
4500 pop2 1.0 0.833333
4600 pop1 1.21 1.00833
4600 pop2 1.0 0.833333
4700 pop1 1.21 1.00833
4700 pop2 1.0 0.833333
4800 pop1 1.21 1.00833
4800 pop2 1.0 0.833333
4900 pop1 1.21 1.00833
4900 pop2 1.0 0.833333
5000 pop1 1.21 1.00833
5000 pop2 1.0 0.833333
