1 pop1 1.0 0.833333
1 pop2 1.0 0.833333
100 pop1 1.07163 0.893028
100 pop2 1.07779 0.898156
200 pop1 1.07974 0.899782
200 pop2 1.0711 0.892582
300 pop1 1.07629 0.896908
300 pop2 1.08348 0.902899
400 pop1 1.08875 0.90729
400 pop2 1.07868 0.898896
500 pop1 1.08582 0.90485
500 pop2 1.07855 0.89879
600 pop1 1.06396 0.886635
600 pop2 1.084 0.903337
700 pop1 1.06888 0.890736
700 pop2 1.07891 0.899096
800 pop1 1.07206 0.893386
800 pop2 1.06993 0.891611
900 pop1 1.07104 0.892534
900 pop2 1.08196 0.90163
1000 pop1 1.075 0.895829
1000 pop2 1.07169 0.893078
1100 pop1 1.20478 1.00398
1100 pop2 0.957773 0.798144
1200 pop1 1.20941 1.00784
1200 pop2 0.995242 0.829368
1300 pop1 1.21 1.00833
1300 pop2 1.0 0.833333
1400 pop1 1.21 1.00833
1400 pop2 1.0 0.833333
1500 pop1 1.21 1.00833
1500 pop2 1.0 0.833333
1600 pop1 1.21 1.00833
1600 pop2 1.0 0.833333
1700 pop1 1.21 1.00833
1700 pop2 1.0 0.833333
1800 pop1 1.21 1.00833
1800 pop2 1.0 0.833333
1900 pop1 1.21 1.00833
1900 pop2 1.0 0.833333
2000 pop1 1.21 1.00833
2000 pop2 1.0 0.833333
2100 pop1 1.21 1.00833
2100 pop2 1.0 0.833333
2200 pop1 1.21 1.00833
2200 pop2 1.0 0.833333
2300 pop1 1.21 1.00833
2300 pop2 1.0 0.833333
2400 pop1 1.21 1.00833
2400 pop2 1.0 0.833333
2500 pop1 1.21 1.00833
2500 pop2 1.0 0.833333
2600 pop1 1.21 1.00833
2600 pop2 1.0 0.833333
2700 pop1 1.21 1.00833
2700 pop2 1.0 0.833333
2800 pop1 1.21 1.00833
2800 pop2 1.0 0.833333
2900 pop1 1.21 1.00833
2900 pop2 1.0 0.833333
3000 pop1 1.21 1.00833
3000 pop2 1.0 0.833333
3100 pop1 1.21 1.00833
3100 pop2 1.0 0.833333
3200 pop1 1.21 1.00833
3200 pop2 1.0 0.833333
3300 pop1 1.21 1.00833
3300 pop2 1.0 0.833333
3400 pop1 1.21 1.00833
3400 pop2 1.0 0.833333
3500 pop1 1.21 1.00833
3500 pop2 1.0 0.833333
3600 pop1 1.21 1.00833
3600 pop2 1.0 0.833333
3700 pop1 1.21 1.00833
3700 pop2 1.0 0.833333
3800 pop1 1.21 1.00833
3800 pop2 1.0 0.833333
3900 pop1 1.21 1.00833
3900 pop2 1.0 0.833333
4000 pop1 1.21 1.00833
4000 pop2 1.0 0.833333
4100 pop1 1.21 1.00833
4100 pop2 1.0 0.833333
4200 pop1 1.21 1.00833
4200 pop2 1.0 0.833333
4300 pop1 1.21 1.00833
4300 pop2 1.0 0.833333
4400 pop1 1.21 1.00833
4400 pop2 1.0 0.833333
4500 pop1 1.21 1.00833
4500 pop2 1.0 0.833333
4600 pop1 1.21 1.00833
4600 pop2 1.0 0.833333
4700 pop1 1.21 1.00833
4700 pop2 1.0 0.833333
4800 pop1 1.21 1.00833
4800 pop2 1.0 0.833333
4900 pop1 1.21 1.00833
4900 pop2 1.0 0.833333
5000 pop1 1.21 1.00833
5000 pop2 1.0 0.833333
