1 pop1 1.0 0.909091
1 pop2 1.0 0.909091
100 pop1 1.08088 0.982622
100 pop2 1.07855 0.980498
200 pop1 1.08536 0.986695
200 pop2 1.08054 0.982305
300 pop1 1.08455 0.985954
300 pop2 1.08183 0.983478
400 pop1 1.08164 0.983313
400 pop2 1.08723 0.988392
500 pop1 1.08311 0.984642
500 pop2 1.08048 0.982254
600 pop1 1.08653 0.987758
600 pop2 1.0862 0.987456
700 pop1 1.08071 0.982463
700 pop2 1.07885 0.980773
800 pop1 1.0846 0.986003
800 pop2 1.08453 0.98594
900 pop1 1.08677 0.987971
900 pop2 1.08425 0.985686
1000 pop1 1.08235 0.983958
1000 pop2 1.08064 0.982404
1100 pop1 1.08707 0.988249
1100 pop2 1.06818 0.97107
1200 pop1 1.08645 0.987684
1200 pop2 1.08564 0.986942
1300 pop1 1.08683 0.988024
1300 pop2 1.08402 0.98547
1400 pop1 1.08462 0.986018
1400 pop2 1.08589 0.987177
1500 pop1 1.08564 0.986943
1500 pop2 1.0868 0.988
1600 pop1 1.08296 0.984511
1600 pop2 1.08819 0.989266
1700 pop1 1.08896 0.989967
1700 pop2 1.08691 0.988101
1800 pop1 1.08589 0.987171
1800 pop2 1.08459 0.985995
1900 pop1 1.08496 0.98633
1900 pop2 1.0868 0.988002
2000 pop1 1.08807 0.989153
2000 pop2 1.08621 0.987463
2100 pop1 1.0856 0.986906
2100 pop2 1.08491 0.986281
2200 pop1 1.08483 0.986208
2200 pop2 1.08484 0.986218
2300 pop1 1.08261 0.984191
2300 pop2 1.08464 0.986032
2400 pop1 1.08434 0.985764
2400 pop2 1.08834 0.989403
2500 pop1 1.08382 0.985291
2500 pop2 1.08542 0.986745
2600 pop1 1.08642 0.987653
2600 pop2 1.08457 0.985973
2700 pop1 1.08428 0.985707
2700 pop2 1.0866 0.987814
2800 pop1 1.08596 0.987234
2800 pop2 1.08606 0.987327
2900 pop1 1.08352 0.985022
2900 pop2 1.08587 0.987158
3000 pop1 1.08227 0.983882
3000 pop2 1.08354 0.985036
3100 pop1 1.08296 0.984511
3100 pop2 1.08509 0.986445
3200 pop1 1.08481 0.986194
3200 pop2 1.08528 0.986616
3300 pop1 1.08395 0.985406
3300 pop2 1.08822 0.989289
3400 pop1 1.08581 0.987096
3400 pop2 1.08793 0.989026
3500 pop1 1.08613 0.987388
3500 pop2 1.08577 0.987064
3600 pop1 1.0864 0.987633
3600 pop2 1.08337 0.984884
3700 pop1 1.08142 0.983109
3700 pop2 1.08615 0.987406
3800 pop1 1.08758 0.988712
3800 pop2 1.08148 0.983159
3900 pop1 1.08383 0.985302
3900 pop2 1.08544 0.986762
4000 pop1 1.08512 0.986475
4000 pop2 1.084 0.985451
4100 pop1 1.08607 0.987334
4100 pop2 1.08681 0.988005
4200 pop1 1.08419 0.985629
4200 pop2 1.08671 0.987914
4300 pop1 1.08342 0.984923
4300 pop2 1.09013 0.99103
4400 pop1 1.08665 0.987864
4400 pop2 1.08375 0.985227
4500 pop1 1.0885 0.989543
4500 pop2 1.08383 0.985299
4600 pop1 1.08517 0.986516
4600 pop2 1.08579 0.987086
4700 pop1 1.08416 0.985596
4700 pop2 1.08577 0.987065
4800 pop1 1.0873 0.988458
4800 pop2 1.08069 0.982445
4900 pop1 1.08425 0.985686
4900 pop2 1.08782 0.98893
5000 pop1 1.08545 0.986773
5000 pop2 1.08331 0.98483
