1 pop1 1.0 0.980392
1 pop2 1.0 0.980392
100 pop1 0.998936 0.979349
100 pop2 1.00354 0.983859
200 pop1 0.999438 0.979841
200 pop2 1.00287 0.983205
300 pop1 0.997673 0.978111
300 pop2 1.00434 0.984646
400 pop1 0.997608 0.978047
400 pop2 1.00366 0.983976
500 pop1 0.999242 0.979649
500 pop2 1.0027 0.983042
600 pop1 0.998614 0.979033
600 pop2 1.00382 0.984134
700 pop1 1.00025 0.980641
700 pop2 1.00062 0.981005
800 pop1 1.00323 0.983556
800 pop2 0.998204 0.978631
900 pop1 1.00614 0.986416
900 pop2 0.996095 0.976564
1000 pop1 1.00449 0.984789
1000 pop2 0.997047 0.977497
1100 pop1 1.00657 0.986837
1100 pop2 1.00362 0.983941
1200 pop1 1.00975 0.989952
1200 pop2 1.00598 0.986252
1300 pop1 1.00891 0.989125
1300 pop2 1.00894 0.989154
1400 pop1 1.00872 0.988944
1400 pop2 1.00982 0.990015
1500 pop1 1.0075 0.987742
1500 pop2 1.01144 0.991605
1600 pop1 1.00777 0.988008
1600 pop2 1.01265 0.992793
1700 pop1 1.00753 0.987778
1700 pop2 1.01211 0.992263
1800 pop1 1.00706 0.987313
1800 pop2 1.01357 0.993697
1900 pop1 1.00657 0.986831
1900 pop2 1.01322 0.993357
2000 pop1 1.00646 0.986728
2000 pop2 1.01267 0.992814
2100 pop1 1.00712 0.987375
2100 pop2 1.0137 0.993822
2200 pop1 1.00675 0.98701
2200 pop2 1.0133 0.993431
2300 pop1 1.00749 0.987738
2300 pop2 1.01235 0.992496
2400 pop1 1.00753 0.987773
2400 pop2 1.01293 0.993064
2500 pop1 1.0077 0.987942
2500 pop2 1.01268 0.992827
2600 pop1 1.00733 0.987575
2600 pop2 1.01377 0.993893
2700 pop1 1.00643 0.9867
2700 pop2 1.0136 0.993728
2800 pop1 1.00553 0.985818
2800 pop2 1.01486 0.994963
2900 pop1 1.00677 0.987032
2900 pop2 1.01421 0.994319
3000 pop1 1.00806 0.98829
3000 pop2 1.01194 0.992094
3100 pop1 1.00708 0.987333
3100 pop2 1.01378 0.993907
3200 pop1 1.00708 0.987332
3200 pop2 1.01245 0.992603
3300 pop1 1.00669 0.986949
3300 pop2 1.01452 0.994623
3400 pop1 1.00655 0.986814
3400 pop2 1.01432 0.994436
3500 pop1 1.00593 0.986201
3500 pop2 1.01395 0.994065
3600 pop1 1.00525 0.985539
3600 pop2 1.01501 0.995106
3700 pop1 1.00566 0.985946
3700 pop2 1.01537 0.995457
3800 pop1 1.00465 0.984949
3800 pop2 1.01557 0.995658
3900 pop1 1.00617 0.986444
3900 pop2 1.01447 0.99458
4000 pop1 1.0051 0.985391
4000 pop2 1.01494 0.995042
4100 pop1 1.0046 0.9849
4100 pop2 1.01562 0.995704
4200 pop1 1.00427 0.984579
4200 pop2 1.01627 0.99634
4300 pop1 1.00395 0.984267
4300 pop2 1.01662 0.996691
4400 pop1 1.00682 0.98708
4400 pop2 1.01442 0.994532
4500 pop1 1.00667 0.986934
4500 pop2 1.01389 0.99401
4600 pop1 1.00697 0.987222
4600 pop2 1.01315 0.993284
4700 pop1 1.00819 0.988426
4700 pop2 1.01204 0.992192
4800 pop1 1.0076 0.987847
4800 pop2 1.01322 0.993356
4900 pop1 1.0072 0.987448
4900 pop2 1.01382 0.993939
5000 pop1 1.00842 0.988647
5000 pop2 1.01337 0.993497
