1 pop1 1.0 0.980392
1 pop2 1.0 0.980392
100 pop1 1.00184 0.982194
100 pop2 0.999948 0.980341
200 pop1 1.00319 0.983521
200 pop2 1.00027 0.98066
300 pop1 1.00304 0.983376
300 pop2 0.999102 0.979511
400 pop1 1.00287 0.983207
400 pop2 0.99976 0.980156
500 pop1 1.0006 0.980977
500 pop2 1.00052 0.980898
600 pop1 1.00139 0.98175
600 pop2 1.00101 0.981386
700 pop1 1.00197 0.982326
700 pop2 0.999658 0.980056
800 pop1 0.999723 0.98012
800 pop2 1.0013 0.981671
900 pop1 1.00257 0.982907
900 pop2 1.00033 0.980713
1000 pop1 1.00074 0.981119
1000 pop2 1.00074 0.981118
1100 pop1 1.00395 0.984262
1100 pop2 1.00922 0.98943
1200 pop1 1.00535 0.985639
1200 pop2 1.011 0.991172
1300 pop1 1.00738 0.987629
1300 pop2 1.01106 0.991235
1400 pop1 1.00826 0.988486
1400 pop2 1.01041 0.990595
1500 pop1 1.00889 0.989109
1500 pop2 1.00991 0.990106
1600 pop1 1.00948 0.989684
1600 pop2 1.01041 0.990599
1700 pop1 1.00943 0.989636
1700 pop2 1.01011 0.990305
1800 pop1 1.00907 0.989287
1800 pop2 1.01119 0.991366
1900 pop1 1.00766 0.987906
1900 pop2 1.01266 0.9928
2000 pop1 1.00667 0.986927
2000 pop2 1.01394 0.994056
2100 pop1 1.007 0.987251
2100 pop2 1.0131 0.993238
2200 pop1 1.00943 0.989635
2200 pop2 1.01202 0.992172
2300 pop1 1.0081 0.988336
2300 pop2 1.01238 0.992529
2400 pop1 1.0091 0.98931
2400 pop2 1.01192 0.992075
2500 pop1 1.00952 0.989721
2500 pop2 1.01074 0.990923
2600 pop1 1.00962 0.989824
2600 pop2 1.01157 0.991733
2700 pop1 1.00849 0.988715
2700 pop2 1.01164 0.991806
2800 pop1 1.00777 0.98801
2800 pop2 1.01279 0.992936
2900 pop1 1.0088 0.989024
2900 pop2 1.01151 0.99168
3000 pop1 1.00907 0.989281
3000 pop2 1.01167 0.991838
3100 pop1 1.00838 0.988612
3100 pop2 1.01105 0.991227
3200 pop1 1.00899 0.98921
3200 pop2 1.01167 0.991833
3300 pop1 1.01033 0.990521
3300 pop2 1.01122 0.991396
3400 pop1 1.00924 0.989447
3400 pop2 1.01053 0.990717
3500 pop1 1.01073 0.990908
3500 pop2 1.01041 0.990595
3600 pop1 1.0113 0.991467
3600 pop2 1.00921 0.989418
3700 pop1 1.01006 0.990255
3700 pop2 1.01165 0.991813
3800 pop1 1.00899 0.989201
3800 pop2 1.012 0.992156
3900 pop1 1.00863 0.988853
3900 pop2 1.01232 0.992468
4000 pop1 1.01074 0.99092
4000 pop2 1.00972 0.989926
4100 pop1 1.01167 0.991836
4100 pop2 1.00927 0.989476
4200 pop1 1.01149 0.991657
4200 pop2 1.00923 0.98944
4300 pop1 1.01025 0.990437
4300 pop2 1.01037 0.990556
4400 pop1 1.01111 0.991289
4400 pop2 1.00964 0.989842
4500 pop1 1.01055 0.990738
4500 pop2 1.01091 0.991084
4600 pop1 1.01247 0.992617
4600 pop2 1.00907 0.989283
4700 pop1 1.0115 0.991665
4700 pop2 1.00934 0.989551
4800 pop1 1.01217 0.992327
4800 pop2 1.00894 0.989157
4900 pop1 1.01004 0.990231
4900 pop2 1.01128 0.991451
5000 pop1 1.01006 0.990251
5000 pop2 1.01056 0.990745
