1 pop1 1.0 0.980392
1 pop2 1.0 0.980392
100 pop1 1.00028 0.980665
100 pop2 1.00108 0.981453
200 pop1 1.00192 0.982275
200 pop2 0.999217 0.979625
300 pop1 1.00335 0.983672
300 pop2 0.997658 0.978096
400 pop1 1.00495 0.985248
400 pop2 0.996067 0.976537
500 pop1 1.00398 0.984297
500 pop2 0.996896 0.977349
600 pop1 1.00045 0.980836
600 pop2 0.999962 0.980355
700 pop1 1.00175 0.982105
700 pop2 1.00033 0.980718
800 pop1 1.00144 0.981807
800 pop2 0.998822 0.979237
900 pop1 0.999775 0.980171
900 pop2 1.00106 0.981429
1000 pop1 0.998396 0.97882
1000 pop2 1.00209 0.98244
1100 pop1 1.00016 0.980552
1100 pop2 1.00757 0.987816
1200 pop1 1.00371 0.984031
1200 pop2 1.01058 0.990763
1300 pop1 1.00641 0.986673
1300 pop2 1.01245 0.992598
1400 pop1 1.00833 0.988564
1400 pop2 1.01181 0.991968
1500 pop1 1.00844 0.98867
1500 pop2 1.01247 0.992614
1600 pop1 1.0077 0.987941
1600 pop2 1.01188 0.992036
1700 pop1 1.0063 0.986571
1700 pop2 1.01305 0.99319
1800 pop1 1.00642 0.986686
1800 pop2 1.01331 0.993445
1900 pop1 1.00592 0.986194
1900 pop2 1.01381 0.99393
2000 pop1 1.00667 0.986932
2000 pop2 1.0137 0.993825
2100 pop1 1.00663 0.986891
2100 pop2 1.01356 0.993687
2200 pop1 1.00584 0.986117
2200 pop2 1.01398 0.9941
2300 pop1 1.00658 0.986843
2300 pop2 1.01424 0.994349
2400 pop1 1.0063 0.986569
2400 pop2 1.01364 0.993763
2500 pop1 1.00559 0.985872
2500 pop2 1.01445 0.994559
2600 pop1 1.00535 0.985639
2600 pop2 1.01479 0.994891
2700 pop1 1.00664 0.986898
2700 pop2 1.01353 0.993659
2800 pop1 1.00669 0.98695
2800 pop2 1.01384 0.993959
2900 pop1 1.00672 0.986977
2900 pop2 1.01394 0.994063
3000 pop1 1.00731 0.987558
3000 pop2 1.01319 0.993323
3100 pop1 1.00835 0.988579
3100 pop2 1.01186 0.992022
3200 pop1 1.00909 0.989299
3200 pop2 1.01105 0.991229
3300 pop1 1.00997 0.990169
3300 pop2 1.01054 0.990728
3400 pop1 1.0096 0.989806
3400 pop2 1.01079 0.990972
3500 pop1 1.00829 0.988524
3500 pop2 1.01208 0.992239
3600 pop1 1.0105 0.990685
3600 pop2 1.0096 0.989806
3700 pop1 1.0106 0.990784
3700 pop2 1.0102 0.990389
3800 pop1 1.01249 0.992633
3800 pop2 1.00748 0.987728
3900 pop1 1.01318 0.993319
3900 pop2 1.0077 0.987941
4000 pop1 1.0108 0.990982
4000 pop2 1.00905 0.989266
4100 pop1 1.01033 0.990515
4100 pop2 1.00983 0.990031
4200 pop1 1.01043 0.990614
4200 pop2 1.01004 0.990231
4300 pop1 1.01116 0.991334
4300 pop2 1.0094 0.989607
4400 pop1 1.01086 0.991044
4400 pop2 1.0094 0.98961
4500 pop1 1.01093 0.991111
4500 pop2 1.00966 0.989863
4600 pop1 1.01027 0.990465
4600 pop2 1.01016 0.990355
4700 pop1 1.00836 0.988584
4700 pop2 1.01226 0.992409
4800 pop1 1.00776 0.987998
4800 pop2 1.01289 0.993029
4900 pop1 1.00817 0.988406
4900 pop2 1.01239 0.992539
5000 pop1 1.00912 0.989336
5000 pop2 1.01097 0.991143
