1 pop1 1.0 0.909091
1 pop2 1.0 0.909091
100 pop1 1.01021 0.918371
100 pop2 1.02347 0.930429
200 pop1 1.01973 0.927026
200 pop2 1.02259 0.929626
300 pop1 1.02675 0.93341
300 pop2 1.0188 0.926182
400 pop1 1.01553 0.923208
400 pop2 1.02187 0.928973
500 pop1 1.01485 0.92259
500 pop2 1.021 0.928183
600 pop1 1.0175 0.925003
600 pop2 1.02032 0.927561
700 pop1 1.01711 0.924644
700 pop2 1.02205 0.929132
800 pop1 1.01955 0.926867
800 pop2 1.01987 0.927151
900 pop1 1.00848 0.9168
900 pop2 1.03272 0.938839
1000 pop1 1.02739 0.933988
1000 pop2 1.02022 0.927474
1100 pop1 1.09067 0.991522
1100 pop2 0.967694 0.879722
1200 pop1 1.09873 0.998845
1200 pop2 0.971374 0.883067
1300 pop1 1.10265 1.00241
1300 pop2 0.98347 0.894064
1400 pop1 1.10258 1.00234
1400 pop2 0.994983 0.90453
1500 pop1 1.10251 1.00228
1500 pop2 0.999664 0.908786
1600 pop1 1.1025 1.00227
1600 pop2 1.0 0.909091
1700 pop1 1.1025 1.00227
1700 pop2 1.0 0.909091
1800 pop1 1.1025 1.00227
1800 pop2 1.0 0.909091
1900 pop1 1.1025 1.00227
1900 pop2 1.0 0.909091
2000 pop1 1.1025 1.00227
2000 pop2 1.0 0.909091
2100 pop1 1.1025 1.00227
2100 pop2 1.0 0.909091
2200 pop1 1.1025 1.00227
2200 pop2 1.0 0.909091
2300 pop1 1.1025 1.00227
2300 pop2 1.0 0.909091
2400 pop1 1.1025 1.00227
2400 pop2 1.0 0.909091
2500 pop1 1.1025 1.00227
2500 pop2 1.0 0.909091
2600 pop1 1.1025 1.00227
2600 pop2 1.0 0.909091
2700 pop1 1.1025 1.00227
2700 pop2 1.0 0.909091
2800 pop1 1.1025 1.00227
2800 pop2 1.0 0.909091
2900 pop1 1.1025 1.00227
2900 pop2 1.0 0.909091
3000 pop1 1.1025 1.00227
3000 pop2 1.0 0.909091
3100 pop1 1.1025 1.00227
3100 pop2 1.0 0.909091
3200 pop1 1.1025 1.00227
3200 pop2 1.0 0.909091
3300 pop1 1.1025 1.00227
3300 pop2 1.0 0.909091
3400 pop1 1.1025 1.00227
3400 pop2 1.0 0.909091
3500 pop1 1.1025 1.00227
3500 pop2 1.0 0.909091
3600 pop1 1.1025 1.00227
3600 pop2 1.0 0.909091
3700 pop1 1.1025 1.00227
3700 pop2 1.0 0.909091
3800 pop1 1.1025 1.00227
3800 pop2 1.0 0.909091
3900 pop1 1.1025 1.00227
3900 pop2 1.0 0.909091
4000 pop1 1.1025 1.00227
4000 pop2 1.0 0.909091
4100 pop1 1.1025 1.00227
4100 pop2 1.0 0.909091
4200 pop1 1.1025 1.00227
4200 pop2 1.0 0.909091
4300 pop1 1.1025 1.00227
4300 pop2 1.0 0.909091
4400 pop1 1.1025 1.00227
4400 pop2 1.0 0.909091
4500 pop1 1.1025 1.00227
4500 pop2 1.0 0.909091
4600 pop1 1.1025 1.00227
4600 pop2 1.0 0.909091
4700 pop1 1.1025 1.00227
4700 pop2 1.0 0.909091
4800 pop1 1.1025 1.00227
4800 pop2 1.0 0.909091
4900 pop1 1.1025 1.00227
4900 pop2 1.0 0.909091
5000 pop1 1.1025 1.00227
5000 pop2 1.0 0.909091
