1 pop1 1.0 0.833333
1 pop2 1.0 0.833333
100 pop1 1.18845 0.990379
100 pop2 1.19421 0.995173
200 pop1 1.19063 0.992194
200 pop2 1.19216 0.993465
300 pop1 1.19036 0.991963
300 pop2 1.18849 0.990407
400 pop1 1.18821 0.990175
400 pop2 1.18724 0.989368
500 pop1 1.19534 0.996117
500 pop2 1.18833 0.990272
600 pop1 1.19109 0.992579
600 pop2 1.19335 0.994459
700 pop1 1.19181 0.993175
700 pop2 1.18899 0.990825
800 pop1 1.1898 0.991497
800 pop2 1.19157 0.992977
900 pop1 1.18802 0.990017
900 pop2 1.19218 0.99348
1000 pop1 1.18786 0.989887
1000 pop2 1.19062 0.992185
1100 pop1 1.19065 0.992205
1100 pop2 1.18772 0.989763
1200 pop1 1.19059 0.992162
1200 pop2 1.19094 0.992447
1300 pop1 1.19286 0.994052
1300 pop2 1.18651 0.98876
1400 pop1 1.19426 0.995214
1400 pop2 1.18637 0.988638
1500 pop1 1.19291 0.99409
1500 pop2 1.19306 0.994218
1600 pop1 1.19081 0.992346
1600 pop2 1.18886 0.990718
1700 pop1 1.18987 0.991562
1700 pop2 1.18947 0.991222
1800 pop1 1.19314 0.994285
1800 pop2 1.19021 0.991842
1900 pop1 1.18505 0.987539
1900 pop2 1.19042 0.992014
2000 pop1 1.18834 0.990286
2000 pop2 1.19223 0.993524
2100 pop1 1.19369 0.994744
2100 pop2 1.19018 0.991813
2200 pop1 1.18711 0.989261
2200 pop2 1.18644 0.988702
2300 pop1 1.19416 0.995132
2300 pop2 1.18911 0.990928
2400 pop1 1.19097 0.992471
2400 pop2 1.19285 0.994043
2500 pop1 1.19293 0.994112
2500 pop2 1.19029 0.991912
2600 pop1 1.19286 0.994048
2600 pop2 1.19162 0.993013
2700 pop1 1.18909 0.990906
2700 pop2 1.18974 0.991446
2800 pop1 1.19265 0.993876
2800 pop2 1.189 0.990833
2900 pop1 1.18549 0.987912
2900 pop2 1.18801 0.990008
3000 pop1 1.19103 0.992525
3000 pop2 1.18963 0.99136
3100 pop1 1.18862 0.990519
3100 pop2 1.19176 0.993132
3200 pop1 1.1881 0.990085
3200 pop2 1.1889 0.990752
3300 pop1 1.18869 0.990575
3300 pop2 1.19007 0.991728
3400 pop1 1.18962 0.991348
3400 pop2 1.19079 0.992325
3500 pop1 1.18891 0.990762
3500 pop2 1.18744 0.989531
3600 pop1 1.19509 0.995905
3600 pop2 1.19285 0.994045
3700 pop1 1.19241 0.993674
3700 pop2 1.18887 0.990723
3800 pop1 1.19112 0.992596
3800 pop2 1.19064 0.992198
3900 pop1 1.19217 0.993479
3900 pop2 1.19265 0.993878
4000 pop1 1.1933 0.994413
4000 pop2 1.18969 0.991408
4100 pop1 1.18764 0.989698
4100 pop2 1.19608 0.996731
4200 pop1 1.18628 0.988568
4200 pop2 1.19247 0.993723
4300 pop1 1.19396 0.994967
4300 pop2 1.18653 0.988772
4400 pop1 1.19477 0.99564
4400 pop2 1.19291 0.994091
4500 pop1 1.18616 0.988463
4500 pop2 1.18948 0.991233
4600 pop1 1.18595 0.988293
4600 pop2 1.19091 0.992425
4700 pop1 1.18872 0.990601
4700 pop2 1.19162 0.993019
4800 pop1 1.19181 0.993176
4800 pop2 1.18867 0.990557
4900 pop1 1.18876 0.990633
4900 pop2 1.1917 0.993086
5000 pop1 1.18762 0.989687
5000 pop2 1.18772 0.989767
