1 pop1 1.0 0.909091
1 pop2 1.0 0.909091
100 pop1 1.08524 0.986578
100 pop2 1.08244 0.984036
200 pop1 1.08027 0.982066
200 pop2 1.08397 0.985432
300 pop1 1.08411 0.985552
300 pop2 1.08362 0.985108
400 pop1 1.0819 0.983546
400 pop2 1.0825 0.984093
500 pop1 1.08534 0.986668
500 pop2 1.08389 0.985355
600 pop1 1.0849 0.986269
600 pop2 1.08732 0.988473
700 pop1 1.0821 0.983726
700 pop2 1.08346 0.98496
800 pop1 1.08215 0.983774
800 pop2 1.07994 0.981761
900 pop1 1.08121 0.982914
900 pop2 1.07826 0.980232
1000 pop1 1.08113 0.982848
1000 pop2 1.08177 0.983428
1100 pop1 1.08938 0.990349
1100 pop2 1.07128 0.97389
1200 pop1 1.08412 0.985559
1200 pop2 1.0859 0.987178
1300 pop1 1.08265 0.984226
1300 pop2 1.08405 0.985503
1400 pop1 1.08319 0.984719
1400 pop2 1.08315 0.984684
1500 pop1 1.08391 0.985376
1500 pop2 1.08847 0.989519
1600 pop1 1.08575 0.987043
1600 pop2 1.08265 0.98423
1700 pop1 1.08763 0.988751
1700 pop2 1.08302 0.984568
1800 pop1 1.08541 0.986741
1800 pop2 1.08503 0.986387
1900 pop1 1.08587 0.987156
1900 pop2 1.08633 0.987574
2000 pop1 1.08417 0.985612
2000 pop2 1.08197 0.983612
2100 pop1 1.08858 0.989616
2100 pop2 1.08162 0.983288
2200 pop1 1.08411 0.985556
2200 pop2 1.08191 0.983556
2300 pop1 1.08352 0.985016
2300 pop2 1.08707 0.988247
2400 pop1 1.08132 0.983015
2400 pop2 1.08993 0.990843
2500 pop1 1.08335 0.984867
2500 pop2 1.08715 0.988317
2600 pop1 1.08458 0.985983
2600 pop2 1.08668 0.98789
2700 pop1 1.08773 0.988848
2700 pop2 1.08342 0.984929
2800 pop1 1.08445 0.985861
2800 pop2 1.08449 0.985903
2900 pop1 1.08682 0.98802
2900 pop2 1.08505 0.986408
3000 pop1 1.08528 0.986618
3000 pop2 1.08591 0.987195
3100 pop1 1.08933 0.990297
3100 pop2 1.08302 0.984567
3200 pop1 1.08823 0.989296
3200 pop2 1.08193 0.983575
3300 pop1 1.08142 0.983107
3300 pop2 1.08745 0.988588
3400 pop1 1.08763 0.988757
3400 pop2 1.08537 0.986697
3500 pop1 1.08778 0.98889
3500 pop2 1.08693 0.988117
3600 pop1 1.0863 0.987544
3600 pop2 1.08881 0.98983
3700 pop1 1.08445 0.985864
3700 pop2 1.08654 0.98776
3800 pop1 1.08284 0.9844
3800 pop2 1.0854 0.986729
3900 pop1 1.08523 0.986574
3900 pop2 1.08683 0.988025
4000 pop1 1.08262 0.984203
4000 pop2 1.089 0.989997
4100 pop1 1.08809 0.989175
4100 pop2 1.08548 0.986802
4200 pop1 1.08223 0.983841
4200 pop2 1.08666 0.987876
4300 pop1 1.08731 0.988461
4300 pop2 1.08477 0.986154
4400 pop1 1.08129 0.982987
4400 pop2 1.08533 0.986667
4500 pop1 1.08674 0.987942
4500 pop2 1.08707 0.988247
4600 pop1 1.0866 0.98782
4600 pop2 1.08431 0.985736
4700 pop1 1.08831 0.98937
4700 pop2 1.08383 0.985298
4800 pop1 1.0843 0.98573
4800 pop2 1.08502 0.986385
4900 pop1 1.08303 0.984577
4900 pop2 1.08517 0.986518
5000 pop1 1.08218 0.983804
5000 pop2 1.08531 0.986642
