1 pop1 1.0 0.980392
1 pop2 1.0 0.980392
100 pop1 1.0084 0.988625
100 pop2 1.00251 0.982854
200 pop1 1.00945 0.989652
200 pop2 1.00481 0.985106
300 pop1 1.00634 0.986609
300 pop2 1.0028 0.983135
400 pop1 1.00805 0.988285
400 pop2 1.00419 0.984496
500 pop1 1.00694 0.987195
500 pop2 1.00362 0.983942
600 pop1 1.00499 0.985285
600 pop2 1.00638 0.986649
700 pop1 1.0007 0.981079
700 pop2 1.00925 0.989457
800 pop1 1.00188 0.982239
800 pop2 1.00788 0.988119
900 pop1 1.00388 0.984196
900 pop2 1.00833 0.988556
1000 pop1 1.00453 0.984832
1000 pop2 1.00624 0.986512
1100 pop1 1.00598 0.986252
1100 pop2 1.00407 0.984384
1200 pop1 1.01167 0.991834
1200 pop2 1.00777 0.988013
1300 pop1 1.01443 0.994535
1300 pop2 1.00985 0.990054
1400 pop1 1.01373 0.993849
1400 pop2 1.01056 0.990748
1500 pop1 1.01288 0.993017
1500 pop2 1.0109 0.991081
1600 pop1 1.01379 0.993909
1600 pop2 1.01073 0.990913
1700 pop1 1.01354 0.993667
1700 pop2 1.01192 0.992082
1800 pop1 1.0141 0.994212
1800 pop2 1.01112 0.991298
1900 pop1 1.01232 0.992467
1900 pop2 1.01244 0.99259
2000 pop1 1.01383 0.99395
2000 pop2 1.01162 0.991782
2100 pop1 1.01346 0.993588
2100 pop2 1.01165 0.991812
2200 pop1 1.01399 0.994108
2200 pop2 1.01005 0.990247
2300 pop1 1.01491 0.995008
2300 pop2 1.00851 0.988733
2400 pop1 1.01496 0.995059
2400 pop2 1.01057 0.990756
2500 pop1 1.01309 0.993227
2500 pop2 1.0114 0.991567
2600 pop1 1.0119 0.992062
2600 pop2 1.01224 0.992391
2700 pop1 1.01194 0.992102
2700 pop2 1.01201 0.992167
2800 pop1 1.01217 0.992324
2800 pop2 1.01316 0.993293
2900 pop1 1.01233 0.992483
2900 pop2 1.01367 0.993791
3000 pop1 1.01121 0.991378
3000 pop2 1.01234 0.992491
3100 pop1 1.01032 0.990506
3100 pop2 1.01555 0.995638
3200 pop1 1.01156 0.99173
3200 pop2 1.01314 0.993277
3300 pop1 1.01071 0.990895
3300 pop2 1.01431 0.994422
3400 pop1 1.01248 0.992626
3400 pop2 1.01128 0.991447
3500 pop1 1.01152 0.991683
3500 pop2 1.01132 0.99149
3600 pop1 1.01193 0.992087
3600 pop2 1.01097 0.99115
3700 pop1 1.01332 0.99345
3700 pop2 1.0127 0.992842
3800 pop1 1.01378 0.993906
3800 pop2 1.01261 0.992752
3900 pop1 1.01389 0.994009
3900 pop2 1.01069 0.990869
4000 pop1 1.01407 0.994183
4000 pop2 1.00932 0.989534
4100 pop1 1.01319 0.993319
4100 pop2 1.01219 0.992343
4200 pop1 1.01236 0.992508
4200 pop2 1.0118 0.99196
4300 pop1 1.0117 0.991866
4300 pop2 1.01287 0.99301
4400 pop1 1.01171 0.99187
4400 pop2 1.01333 0.993463
4500 pop1 1.01207 0.992222
4500 pop2 1.0131 0.993237
4600 pop1 1.00987 0.990072
4600 pop2 1.01331 0.993444
4700 pop1 1.01051 0.990697
4700 pop2 1.01449 0.994597
4800 pop1 1.00942 0.989625
4800 pop2 1.01576 0.995844
4900 pop1 1.01009 0.990286
4900 pop2 1.01489 0.994987
5000 pop1 1.01131 0.991481
5000 pop2 1.0137 0.993822
