1 pop1 1.0 0.980392
1 pop2 1.0 0.980392
100 pop1 1.00536 0.985651
100 pop2 1.00673 0.986995
200 pop1 1.00548 0.985765
200 pop2 1.00628 0.98655
300 pop1 1.00366 0.98398
300 pop2 1.00751 0.987751
400 pop1 1.00394 0.984259
400 pop2 1.00573 0.986013
500 pop1 1.0028 0.983141
500 pop2 1.00674 0.987005
600 pop1 1.00434 0.984652
600 pop2 1.00601 0.986282
700 pop1 1.00552 0.985801
700 pop2 1.00327 0.983597
800 pop1 1.0056 0.98588
800 pop2 1.00436 0.98467
900 pop1 1.0061 0.986374
900 pop2 1.00536 0.98565
1000 pop1 1.00553 0.985812
1000 pop2 1.00454 0.984845
1100 pop1 1.00951 0.989711
1100 pop2 1.00514 0.985432
1200 pop1 1.00956 0.98976
1200 pop2 1.00811 0.988346
1300 pop1 1.01231 0.992458
1300 pop2 1.01053 0.990718
1400 pop1 1.01292 0.99306
1400 pop2 1.01166 0.991828
1500 pop1 1.01291 0.993051
1500 pop2 1.01013 0.990323
1600 pop1 1.01349 0.993617
1600 pop2 1.01012 0.99031
1700 pop1 1.01311 0.993243
1700 pop2 1.0123 0.99245
1800 pop1 1.01138 0.991549
1800 pop2 1.01352 0.993646
1900 pop1 1.01258 0.992723
1900 pop2 1.0119 0.992061
2000 pop1 1.01095 0.99113
2000 pop2 1.01362 0.993742
2100 pop1 1.00987 0.990064
2100 pop2 1.01283 0.992971
2200 pop1 1.01075 0.990935
2200 pop2 1.01346 0.993586
2300 pop1 1.01229 0.992442
2300 pop2 1.01175 0.991909
2400 pop1 1.01343 0.993563
2400 pop2 1.01073 0.990914
2500 pop1 1.01359 0.993718
2500 pop2 1.01057 0.990756
2600 pop1 1.01235 0.9925
2600 pop2 1.01213 0.992282
2700 pop1 1.01495 0.995047
2700 pop2 1.01043 0.990621
2800 pop1 1.01383 0.993949
2800 pop2 1.01063 0.99081
2900 pop1 1.01295 0.993085
2900 pop2 1.0115 0.991668
3000 pop1 1.01458 0.994686
3000 pop2 1.01185 0.99201
3100 pop1 1.01447 0.994575
3100 pop2 1.00841 0.988635
3200 pop1 1.01395 0.994064
3200 pop2 1.01047 0.990657
3300 pop1 1.01264 0.99278
3300 pop2 1.01227 0.992425
3400 pop1 1.01376 0.993878
3400 pop2 1.01178 0.991939
3500 pop1 1.01381 0.993929
3500 pop2 1.01293 0.993072
3600 pop1 1.01295 0.993086
3600 pop2 1.01179 0.99195
3700 pop1 1.01267 0.992812
3700 pop2 1.01321 0.99334
3800 pop1 1.01239 0.992543
3800 pop2 1.01282 0.992961
3900 pop1 1.01186 0.99202
3900 pop2 1.01395 0.994071
4000 pop1 1.01146 0.991624
4000 pop2 1.01446 0.994564
4100 pop1 1.01353 0.993656
4100 pop2 1.01221 0.992367
4200 pop1 1.01346 0.993593
4200 pop2 1.01091 0.991087
4300 pop1 1.01252 0.992665
4300 pop2 1.01171 0.991869
4400 pop1 1.01307 0.993204
4400 pop2 1.01235 0.992504
4500 pop1 1.01252 0.99267
4500 pop2 1.01288 0.993021
4600 pop1 1.01079 0.990967
4600 pop2 1.01336 0.993495
4700 pop1 1.01258 0.992726
4700 pop2 1.01267 0.992811
4800 pop1 1.01338 0.993505
4800 pop2 1.01156 0.991722
4900 pop1 1.0114 0.991564
4900 pop2 1.01265 0.992791
5000 pop1 1.00986 0.990055
5000 pop2 1.01279 0.992929
