1 pop1 1.0 0.980392
1 pop2 1.0 0.980392
100 pop1 1.00262 0.982957
100 pop2 1.00074 0.981115
200 pop1 1.00015 0.98054
200 pop2 1.00382 0.984142
300 pop1 1.00057 0.98095
300 pop2 1.00286 0.983199
400 pop1 1.00041 0.980798
400 pop2 1.00468 0.984983
500 pop1 0.999083 0.979493
500 pop2 1.00452 0.984826
600 pop1 0.998647 0.979066
600 pop2 1.00384 0.984155
700 pop1 0.998356 0.97878
700 pop2 1.00466 0.984965
800 pop1 1.0023 0.982647
800 pop2 1.00174 0.982096
900 pop1 1.0005 0.980879
900 pop2 1.00377 0.984089
1000 pop1 1.0015 0.981863
1000 pop2 1.00331 0.983637
1100 pop1 1.00642 0.986689
1100 pop2 0.995195 0.975681
1200 pop1 1.01198 0.992136
1200 pop2 0.993771 0.974285
1300 pop1 1.01439 0.994503
1300 pop2 0.993384 0.973906
1400 pop1 1.01477 0.994875
1400 pop2 0.992954 0.973484
1500 pop1 1.01645 0.996521
1500 pop2 0.99388 0.974392
1600 pop1 1.01785 0.997889
1600 pop2 0.993175 0.973701
1700 pop1 1.01831 0.998344
1700 pop2 0.994462 0.974963
1800 pop1 1.01966 0.999669
1800 pop2 0.994842 0.975336
1900 pop1 1.02003 1.00003
1900 pop2 0.997798 0.978234
2000 pop1 1.02009 1.00009
2000 pop2 0.998209 0.978637
2100 pop1 1.0201 1.0001
2100 pop2 0.998679 0.979098
2200 pop1 1.0201 1.0001
2200 pop2 0.998883 0.979297
2300 pop1 1.0201 1.0001
2300 pop2 0.99913 0.979539
2400 pop1 1.0201 1.0001
2400 pop2 0.999054 0.979465
2500 pop1 1.0201 1.0001
2500 pop2 0.999158 0.979567
2600 pop1 1.0201 1.0001
2600 pop2 0.999433 0.979837
2700 pop1 1.0201 1.0001
2700 pop2 0.999166 0.979575
2800 pop1 1.0201 1.0001
2800 pop2 0.999386 0.97979
2900 pop1 1.0201 1.0001
2900 pop2 0.999665 0.980064
3000 pop1 1.0201 1.0001
3000 pop2 0.99992 0.980314
3100 pop1 1.0201 1.0001
3100 pop2 1.0 0.980392
3200 pop1 1.0201 1.0001
3200 pop2 1.0 0.980392
3300 pop1 1.0201 1.0001
3300 pop2 1.0 0.980392
3400 pop1 1.0201 1.0001
3400 pop2 1.0 0.980392
3500 pop1 1.0201 1.0001
3500 pop2 1.0 0.980392
3600 pop1 1.0201 1.0001
3600 pop2 1.0 0.980392
3700 pop1 1.0201 1.0001
3700 pop2 1.0 0.980392
3800 pop1 1.0201 1.0001
3800 pop2 1.0 0.980392
3900 pop1 1.0201 1.0001
3900 pop2 1.0 0.980392
4000 pop1 1.0201 1.0001
4000 pop2 1.0 0.980392
4100 pop1 1.0201 1.0001
4100 pop2 1.0 0.980392
4200 pop1 1.0201 1.0001
4200 pop2 1.0 0.980392
4300 pop1 1.0201 1.0001
4300 pop2 1.0 0.980392
4400 pop1 1.0201 1.0001
4400 pop2 1.0 0.980392
4500 pop1 1.0201 1.0001
4500 pop2 1.0 0.980392
4600 pop1 1.0201 1.0001
4600 pop2 1.0 0.980392
4700 pop1 1.0201 1.0001
4700 pop2 1.0 0.980392
4800 pop1 1.0201 1.0001
4800 pop2 1.0 0.980392
4900 pop1 1.0201 1.0001
4900 pop2 1.0 0.980392
5000 pop1 1.0201 1.0001
5000 pop2 1.0 0.980392
