1 pop1 1.0 0.980392
1 pop2 1.0 0.980392
100 pop1 1.00187 0.982225
100 pop2 1.0071 0.987357
200 pop1 1.00366 0.983979
200 pop2 1.00746 0.98771
300 pop1 1.00457 0.984871
300 pop2 1.00822 0.98845
400 pop1 1.00677 0.987032
400 pop2 1.0074 0.987651
500 pop1 1.00585 0.986124
500 pop2 1.00624 0.986509
600 pop1 1.00739 0.987633
600 pop2 1.0051 0.985396
700 pop1 1.00611 0.98638
700 pop2 1.00679 0.987053
800 pop1 1.00207 0.982426
800 pop2 1.0078 0.98804
900 pop1 1.00374 0.984058
900 pop2 1.00662 0.986881
1000 pop1 1.00295 0.983286
1000 pop2 1.00795 0.988186
1100 pop1 1.00699 0.987249
1100 pop2 1.00255 0.982891
1200 pop1 1.0106 0.990784
1200 pop2 1.00849 0.988716
1300 pop1 1.01095 0.991123
1300 pop2 1.01184 0.992003
1400 pop1 1.01108 0.991254
1400 pop2 1.01211 0.992261
1500 pop1 1.01027 0.990457
1500 pop2 1.013 0.993138
1600 pop1 1.0114 0.991564
1600 pop2 1.01409 0.994203
1700 pop1 1.00993 0.99013
1700 pop2 1.0149 0.994998
1800 pop1 1.0111 0.991271
1800 pop2 1.0145 0.994604
1900 pop1 1.00982 0.990024
1900 pop2 1.0146 0.994707
2000 pop1 1.01062 0.990807
2000 pop2 1.01534 0.995432
2100 pop1 1.00933 0.989543
2100 pop2 1.0142 0.994315
2200 pop1 1.0085 0.988723
2200 pop2 1.01428 0.994389
2300 pop1 1.01158 0.991744
2300 pop2 1.01239 0.992537
2400 pop1 1.01289 0.993032
2400 pop2 1.01121 0.991384
2500 pop1 1.01402 0.994136
2500 pop2 1.01128 0.991451
2600 pop1 1.01277 0.992908
2600 pop2 1.01035 0.990536
2700 pop1 1.01438 0.994489
2700 pop2 1.00946 0.989668
2800 pop1 1.01347 0.993597
2800 pop2 1.01066 0.990847
2900 pop1 1.01183 0.991988
2900 pop2 1.0131 0.993238
3000 pop1 1.01095 0.991125
3000 pop2 1.01375 0.99387
3100 pop1 1.01141 0.991581
3100 pop2 1.01249 0.992634
3200 pop1 1.01198 0.992139
3200 pop2 1.01225 0.992406
3300 pop1 1.01319 0.993327
3300 pop2 1.01323 0.99336
3400 pop1 1.01283 0.992967
3400 pop2 1.01192 0.992077
3500 pop1 1.0142 0.994314
3500 pop2 1.00977 0.989967
3600 pop1 1.01453 0.994639
3600 pop2 1.01069 0.990871
3700 pop1 1.01394 0.994057
3700 pop2 1.01114 0.991315
3800 pop1 1.01437 0.99448
3800 pop2 1.01074 0.990926
3900 pop1 1.01343 0.993561
3900 pop2 1.01148 0.991648
4000 pop1 1.01348 0.993609
4000 pop2 1.01268 0.99282
4100 pop1 1.01258 0.992721
4100 pop2 1.01285 0.992989
4200 pop1 1.01085 0.991026
4200 pop2 1.01199 0.992145
4300 pop1 1.01203 0.992191
4300 pop2 1.01142 0.991589
4400 pop1 1.01306 0.993197
4400 pop2 1.01217 0.992323
4500 pop1 1.01272 0.99286
4500 pop2 1.01108 0.991257
4600 pop1 1.01276 0.992903
4600 pop2 1.01064 0.990819
4700 pop1 1.01317 0.993304
4700 pop2 1.01063 0.990815
4800 pop1 1.013 0.993133
4800 pop2 1.01234 0.992492
4900 pop1 1.01358 0.993707
4900 pop2 1.01101 0.991183
5000 pop1 1.0137 0.993826
5000 pop2 1.01069 0.99087
