1 pop1 1.0 0.909091
1 pop2 1.0 0.909091
100 pop1 1.08174 0.983401
100 pop2 1.08408 0.98553
200 pop1 1.08265 0.984228
200 pop2 1.08267 0.984248
300 pop1 1.08364 0.985123
300 pop2 1.08442 0.98584
400 pop1 1.07915 0.981044
400 pop2 1.0825 0.984087
500 pop1 1.08388 0.985348
500 pop2 1.08 0.981821
600 pop1 1.08354 0.985036
600 pop2 1.08155 0.983223
700 pop1 1.08419 0.98563
700 pop2 1.08392 0.985381
800 pop1 1.07824 0.980219
800 pop2 1.0839 0.985361
900 pop1 1.08474 0.986124
900 pop2 1.07943 0.981299
1000 pop1 1.07937 0.981244
1000 pop2 1.08398 0.985433
1100 pop1 1.08986 0.990783
1100 pop2 1.0665 0.969544
1200 pop1 1.08333 0.984846
1200 pop2 1.08596 0.987237
1300 pop1 1.08492 0.986291
1300 pop2 1.0836 0.985093
1400 pop1 1.09019 0.991081
1400 pop2 1.08474 0.986129
1500 pop1 1.08512 0.986472
1500 pop2 1.08594 0.987222
1600 pop1 1.08962 0.990565
1600 pop2 1.08527 0.986611
1700 pop1 1.08652 0.987747
1700 pop2 1.08358 0.985071
1800 pop1 1.0841 0.985545
1800 pop2 1.08294 0.984493
1900 pop1 1.08304 0.984585
1900 pop2 1.08394 0.985403
2000 pop1 1.08392 0.98538
2000 pop2 1.0828 0.984361
2100 pop1 1.08643 0.987661
2100 pop2 1.0848 0.986181
2200 pop1 1.08475 0.986137
2200 pop2 1.0854 0.986727
2300 pop1 1.08553 0.986849
2300 pop2 1.08236 0.983966
2400 pop1 1.08705 0.98823
2400 pop2 1.08639 0.98763
2500 pop1 1.0879 0.988998
2500 pop2 1.08332 0.984837
2600 pop1 1.08811 0.98919
2600 pop2 1.08364 0.985132
2700 pop1 1.08706 0.988235
2700 pop2 1.08049 0.982262
2800 pop1 1.08627 0.987519
2800 pop2 1.08639 0.98763
2900 pop1 1.08727 0.988425
2900 pop2 1.08201 0.983648
3000 pop1 1.08424 0.985674
3000 pop2 1.08255 0.984134
3100 pop1 1.08532 0.986653
3100 pop2 1.08593 0.987214
3200 pop1 1.08633 0.987576
3200 pop2 1.08466 0.986055
3300 pop1 1.08769 0.988808
3300 pop2 1.08333 0.984849
3400 pop1 1.08711 0.988286
3400 pop2 1.08468 0.986069
3500 pop1 1.08587 0.987151
3500 pop2 1.08602 0.987291
3600 pop1 1.08597 0.987248
3600 pop2 1.08438 0.985796
3700 pop1 1.08551 0.986826
3700 pop2 1.08274 0.984309
3800 pop1 1.08661 0.987828
3800 pop2 1.08274 0.98431
3900 pop1 1.08909 0.99008
3900 pop2 1.08412 0.985563
4000 pop1 1.08458 0.985978
4000 pop2 1.08637 0.987609
4100 pop1 1.08868 0.989713
4100 pop2 1.08348 0.98498
4200 pop1 1.08464 0.986041
4200 pop2 1.08647 0.987704
4300 pop1 1.08504 0.986404
4300 pop2 1.08406 0.985507
4400 pop1 1.08763 0.988755
4400 pop2 1.08241 0.98401
4500 pop1 1.08661 0.987831
4500 pop2 1.0863 0.987542
4600 pop1 1.08112 0.982839
4600 pop2 1.08607 0.987332
4700 pop1 1.0858 0.987095
4700 pop2 1.08519 0.986538
4800 pop1 1.08741 0.988557
4800 pop2 1.08133 0.98303
4900 pop1 1.08639 0.98763
4900 pop2 1.08722 0.988383
5000 pop1 1.08463 0.986023
5000 pop2 1.08567 0.986969
