1 pop1 1.0 0.909091
1 pop2 1.0 0.909091
100 pop1 1.0276 0.934184
100 pop2 1.00747 0.915881
200 pop1 1.02253 0.929572
200 pop2 1.00465 0.913322
300 pop1 1.00363 0.912395
300 pop2 1.0259 0.932632
400 pop1 1.01226 0.920237
400 pop2 1.01819 0.925625
500 pop1 1.00963 0.917845
500 pop2 1.01639 0.923995
600 pop1 1.016 0.923635
600 pop2 1.01616 0.923786
700 pop1 1.02055 0.927772
700 pop2 1.0084 0.91673
800 pop1 1.01722 0.924742
800 pop2 1.0191 0.926452
900 pop1 1.01368 0.921528
900 pop2 1.01714 0.924675
1000 pop1 1.01383 0.921661
1000 pop2 1.01219 0.920173
1100 pop1 1.05219 0.956539
1100 pop2 1.04438 0.949441
1200 pop1 1.03644 0.942215
1200 pop2 1.07054 0.973219
1300 pop1 1.03341 0.939467
1300 pop2 1.07207 0.97461
1400 pop1 1.03282 0.938924
1400 pop2 1.07146 0.974058
1500 pop1 1.03133 0.937571
1500 pop2 1.07105 0.973678
1600 pop1 1.03369 0.939718
1600 pop2 1.0737 0.97609
1700 pop1 1.03347 0.93952
1700 pop2 1.07252 0.975014
1800 pop1 1.03555 0.941405
1800 pop2 1.06571 0.968829
1900 pop1 1.03704 0.942768
1900 pop2 1.07008 0.972802
2000 pop1 1.03953 0.94503
2000 pop2 1.06742 0.970381
2100 pop1 1.04753 0.952296
2100 pop2 1.06519 0.968354
2200 pop1 1.04975 0.95432
2200 pop2 1.0585 0.962269
2300 pop1 1.05657 0.960521
2300 pop2 1.05597 0.959976
2400 pop1 1.05278 0.957074
2400 pop2 1.05665 0.960593
2500 pop1 1.05653 0.96048
2500 pop2 1.05487 0.958968
2600 pop1 1.06016 0.963778
2600 pop2 1.0504 0.954911
2700 pop1 1.06694 0.969941
2700 pop2 1.04698 0.951804
2800 pop1 1.0587 0.962455
2800 pop2 1.05541 0.959462
2900 pop1 1.06203 0.965485
2900 pop2 1.04794 0.952674
3000 pop1 1.06337 0.966699
3000 pop2 1.04872 0.953386
3100 pop1 1.06625 0.969318
3100 pop2 1.04435 0.94941
3200 pop1 1.06638 0.969432
3200 pop2 1.04327 0.948425
3300 pop1 1.06083 0.964395
3300 pop2 1.04877 0.953427
3400 pop1 1.05866 0.962421
3400 pop2 1.05404 0.95822
3500 pop1 1.0582 0.962
3500 pop2 1.05215 0.9565
3600 pop1 1.0591 0.962822
3600 pop2 1.04789 0.952625
3700 pop1 1.05763 0.961484
3700 pop2 1.05376 0.95796
3800 pop1 1.05658 0.960523
3800 pop2 1.05308 0.957346
3900 pop1 1.06542 0.968566
3900 pop2 1.0442 0.949277
4000 pop1 1.06455 0.967768
4000 pop2 1.04768 0.952433
4100 pop1 1.05894 0.962668
4100 pop2 1.05133 0.955754
4200 pop1 1.05764 0.961494
4200 pop2 1.05616 0.960143
4300 pop1 1.05781 0.961648
4300 pop2 1.05187 0.956248
4400 pop1 1.06274 0.966128
4400 pop2 1.04938 0.953982
4500 pop1 1.06463 0.967844
4500 pop2 1.04732 0.952106
4600 pop1 1.05671 0.960644
4600 pop2 1.05174 0.956128
4700 pop1 1.05863 0.962392
4700 pop2 1.05178 0.956167
4800 pop1 1.06022 0.963835
4800 pop2 1.05083 0.955298
4900 pop1 1.06241 0.965824
4900 pop2 1.04937 0.953971
5000 pop1 1.06001 0.963644
5000 pop2 1.05108 0.955525
