1 pop1 1.0 0.909091
1 pop2 1.0 0.909091
100 pop1 1.043 0.948186
100 pop2 1.04185 0.947139
200 pop1 1.04376 0.948876
200 pop2 1.03566 0.941514
300 pop1 1.04249 0.947722
300 pop2 1.04406 0.94915
400 pop1 1.04208 0.947345
400 pop2 1.03985 0.945317
500 pop1 1.04837 0.953068
500 pop2 1.03605 0.941862
600 pop1 1.04157 0.946883
600 pop2 1.04049 0.945898
700 pop1 1.03657 0.942337
700 pop2 1.04344 0.948584
800 pop1 1.0367 0.942452
800 pop2 1.03724 0.942943
900 pop1 1.04112 0.946471
900 pop2 1.04062 0.946018
1000 pop1 1.04472 0.949749
1000 pop2 1.03396 0.93996
1100 pop1 1.09037 0.991247
1100 pop2 0.977742 0.888856
1200 pop1 1.09871 0.998826
1200 pop2 0.985957 0.896325
1300 pop1 1.1025 1.00227
1300 pop2 0.997532 0.906847
1400 pop1 1.10253 1.0023
1400 pop2 0.999289 0.908444
1500 pop1 1.10252 1.00229
1500 pop2 0.999407 0.908552
1600 pop1 1.1025 1.00227
1600 pop2 1.0 0.909091
1700 pop1 1.1025 1.00227
1700 pop2 1.0 0.909091
1800 pop1 1.1025 1.00227
1800 pop2 1.0 0.909091
1900 pop1 1.1025 1.00227
1900 pop2 1.0 0.909091
2000 pop1 1.1025 1.00227
2000 pop2 1.0 0.909091
2100 pop1 1.1025 1.00227
2100 pop2 1.0 0.909091
2200 pop1 1.1025 1.00227
2200 pop2 1.0 0.909091
2300 pop1 1.1025 1.00227
2300 pop2 1.0 0.909091
2400 pop1 1.1025 1.00227
2400 pop2 1.0 0.909091
2500 pop1 1.1025 1.00227
2500 pop2 1.0 0.909091
2600 pop1 1.1025 1.00227
2600 pop2 1.0 0.909091
2700 pop1 1.1025 1.00227
2700 pop2 1.0 0.909091
2800 pop1 1.1025 1.00227
2800 pop2 1.0 0.909091
2900 pop1 1.1025 1.00227
2900 pop2 1.0 0.909091
3000 pop1 1.1025 1.00227
3000 pop2 1.0 0.909091
3100 pop1 1.1025 1.00227
3100 pop2 1.0 0.909091
3200 pop1 1.1025 1.00227
3200 pop2 1.0 0.909091
3300 pop1 1.1025 1.00227
3300 pop2 1.0 0.909091
3400 pop1 1.1025 1.00227
3400 pop2 1.0 0.909091
3500 pop1 1.1025 1.00227
3500 pop2 1.0 0.909091
3600 pop1 1.1025 1.00227
3600 pop2 1.0 0.909091
3700 pop1 1.1025 1.00227
3700 pop2 1.0 0.909091
3800 pop1 1.1025 1.00227
3800 pop2 1.0 0.909091
3900 pop1 1.1025 1.00227
3900 pop2 1.0 0.909091
4000 pop1 1.1025 1.00227
4000 pop2 1.0 0.909091
4100 pop1 1.1025 1.00227
4100 pop2 1.0 0.909091
4200 pop1 1.1025 1.00227
4200 pop2 1.0 0.909091
4300 pop1 1.1025 1.00227
4300 pop2 1.0 0.909091
4400 pop1 1.1025 1.00227
4400 pop2 1.0 0.909091
4500 pop1 1.1025 1.00227
4500 pop2 1.0 0.909091
4600 pop1 1.1025 1.00227
4600 pop2 1.0 0.909091
4700 pop1 1.1025 1.00227
4700 pop2 1.0 0.909091
4800 pop1 1.1025 1.00227
4800 pop2 1.0 0.909091
4900 pop1 1.1025 1.00227
4900 pop2 1.0 0.909091
5000 pop1 1.1025 1.00227
5000 pop2 1.0 0.909091
