1 pop1 1.0 0.980392
1 pop2 1.0 0.980392
100 pop1 1.00096 0.981335
100 pop2 1.00149 0.981854
200 pop1 1.00007 0.980461
200 pop2 1.00274 0.983078
300 pop1 0.997337 0.977781
300 pop2 1.00353 0.983852
400 pop1 0.9996 0.98
400 pop2 1.00363 0.983952
500 pop1 0.99742 0.977863
500 pop2 1.00332 0.983643
600 pop1 0.99899 0.979401
600 pop2 1.00227 0.982617
700 pop1 1.00004 0.98043
700 pop2 1.00228 0.982632
800 pop1 0.99934 0.979745
800 pop2 1.00234 0.982689
900 pop1 0.996391 0.976854
900 pop2 1.00516 0.98545
1000 pop1 0.993648 0.974165
1000 pop2 1.0071 0.987353
1100 pop1 0.997759 0.978195
1100 pop2 1.00431 0.984621
1200 pop1 1.00079 0.981165
1200 pop2 1.01025 0.990444
1300 pop1 1.00347 0.983797
1300 pop2 1.01252 0.992669
1400 pop1 1.00385 0.984164
1400 pop2 1.01484 0.994939
1500 pop1 1.00467 0.98497
1500 pop2 1.01534 0.99543
1600 pop1 1.00463 0.984936
1600 pop2 1.01551 0.9956
1700 pop1 1.00465 0.984948
1700 pop2 1.01508 0.995172
1800 pop1 1.00422 0.984527
1800 pop2 1.01542 0.995506
1900 pop1 1.00438 0.98469
1900 pop2 1.01505 0.995148
2000 pop1 1.00542 0.985709
2000 pop2 1.01517 0.995265
2100 pop1 1.00528 0.985572
2100 pop2 1.01412 0.994237
2200 pop1 1.00609 0.986366
2200 pop2 1.01372 0.993844
2300 pop1 1.0049 0.985195
2300 pop2 1.01517 0.995263
2400 pop1 1.00436 0.984669
2400 pop2 1.01502 0.995119
2500 pop1 1.00397 0.984287
2500 pop2 1.01535 0.995442
2600 pop1 1.0053 0.985584
2600 pop2 1.0149 0.994998
2700 pop1 1.00638 0.986652
2700 pop2 1.0137 0.993822
2800 pop1 1.0057 0.985979
2800 pop2 1.01394 0.994059
2900 pop1 1.00674 0.986996
2900 pop2 1.01373 0.99385
3000 pop1 1.0067 0.986959
3000 pop2 1.01337 0.993499
3100 pop1 1.00722 0.987468
3100 pop2 1.0132 0.993335
3200 pop1 1.00649 0.98675
3200 pop2 1.01347 0.993601
3300 pop1 1.0075 0.987748
3300 pop2 1.01268 0.992825
3400 pop1 1.00718 0.987436
3400 pop2 1.01368 0.993808
3500 pop1 1.00763 0.987874
3500 pop2 1.01238 0.992532
3600 pop1 1.00718 0.987436
3600 pop2 1.01325 0.99338
3700 pop1 1.00713 0.98738
3700 pop2 1.01259 0.992734
3800 pop1 1.00729 0.987537
3800 pop2 1.01366 0.993788
3900 pop1 1.00617 0.98644
3900 pop2 1.01421 0.994328
4000 pop1 1.00507 0.985363
4000 pop2 1.01506 0.995156
4100 pop1 1.00527 0.985562
4100 pop2 1.01528 0.995371
4200 pop1 1.00362 0.983944
4200 pop2 1.01694 0.997001
4300 pop1 1.00326 0.983593
4300 pop2 1.0173 0.997356
4400 pop1 1.00328 0.983608
4400 pop2 1.01685 0.996916
4500 pop1 1.00379 0.98411
4500 pop2 1.01716 0.997216
4600 pop1 1.00485 0.985146
4600 pop2 1.01626 0.99633
4700 pop1 1.00439 0.984691
4700 pop2 1.01649 0.996555
4800 pop1 1.00371 0.984034
4800 pop2 1.01645 0.996522
4900 pop1 1.00396 0.984279
4900 pop2 1.01665 0.996717
5000 pop1 1.00355 0.983871
5000 pop2 1.0176 0.997649
