1 pop1 1.0 0.909091
1 pop2 1.0 0.909091
100 pop1 1.04013 0.945572
100 pop2 1.03002 0.93638
200 pop1 1.02952 0.935929
200 pop2 1.03484 0.940762
300 pop1 1.02833 0.934843
300 pop2 1.03337 0.939427
400 pop1 1.04265 0.94786
400 pop2 1.03333 0.939388
500 pop1 1.03412 0.940111
500 pop2 1.03266 0.938786
600 pop1 1.03259 0.938717
600 pop2 1.02817 0.934699
700 pop1 1.03675 0.942505
700 pop2 1.03282 0.938931
800 pop1 1.03944 0.944944
800 pop2 1.04105 0.946406
900 pop1 1.04063 0.946029
900 pop2 1.03464 0.940582
1000 pop1 1.03451 0.940466
1000 pop2 1.03483 0.940751
1100 pop1 1.06676 0.969779
1100 pop2 1.0487 0.953365
1200 pop1 1.05489 0.958995
1200 pop2 1.06252 0.965931
1300 pop1 1.05567 0.959702
1300 pop2 1.06533 0.968481
1400 pop1 1.05401 0.958191
1400 pop2 1.0625 0.965907
1500 pop1 1.05207 0.956431
1500 pop2 1.06756 0.970506
1600 pop1 1.0596 0.963273
1600 pop2 1.05934 0.963038
1700 pop1 1.05452 0.958652
1700 pop2 1.06798 0.970892
1800 pop1 1.05658 0.960523
1800 pop2 1.06124 0.964766
1900 pop1 1.06119 0.964721
1900 pop2 1.06477 0.967972
2000 pop1 1.06163 0.965121
2000 pop2 1.062 0.965453
2100 pop1 1.05707 0.960972
2100 pop2 1.06797 0.970879
2200 pop1 1.06047 0.964067
2200 pop2 1.06008 0.963712
2300 pop1 1.06641 0.969461
2300 pop2 1.05864 0.9624
2400 pop1 1.06256 0.965964
2400 pop2 1.05896 0.962692
2500 pop1 1.05963 0.963301
2500 pop2 1.06193 0.965393
2600 pop1 1.06159 0.965084
2600 pop2 1.05471 0.958825
2700 pop1 1.06965 0.972413
2700 pop2 1.05241 0.956735
2800 pop1 1.06412 0.967383
2800 pop2 1.05758 0.961434
2900 pop1 1.06666 0.969688
2900 pop2 1.05814 0.96195
3000 pop1 1.06114 0.964669
3000 pop2 1.06094 0.964494
3100 pop1 1.06989 0.972629
3100 pop2 1.05234 0.956672
3200 pop1 1.0635 0.966819
3200 pop2 1.05888 0.96262
3300 pop1 1.0626 0.965996
3300 pop2 1.05976 0.963421
3400 pop1 1.05813 0.961939
3400 pop2 1.06332 0.966651
3500 pop1 1.06784 0.970763
3500 pop2 1.05798 0.961803
3600 pop1 1.06225 0.965686
3600 pop2 1.05958 0.963255
3700 pop1 1.05938 0.963075
3700 pop2 1.06363 0.966939
3800 pop1 1.06142 0.964928
3800 pop2 1.062 0.965456
3900 pop1 1.05964 0.96331
3900 pop2 1.06398 0.967252
4000 pop1 1.06035 0.963955
4000 pop2 1.06496 0.96815
4100 pop1 1.06316 0.966505
4100 pop2 1.05867 0.962428
4200 pop1 1.064 0.967277
4200 pop2 1.0613 0.964821
4300 pop1 1.06867 0.97152
4300 pop2 1.05806 0.961875
4400 pop1 1.05558 0.959618
4400 pop2 1.0624 0.965818
4500 pop1 1.05375 0.957958
4500 pop2 1.0641 0.967364
4600 pop1 1.06015 0.96377
4600 pop2 1.06192 0.96538
4700 pop1 1.06854 0.971395
4700 pop2 1.05385 0.958049
4800 pop1 1.0655 0.968639
4800 pop2 1.06284 0.966221
4900 pop1 1.06902 0.971837
4900 pop2 1.05561 0.959649
5000 pop1 1.06117 0.964703
5000 pop2 1.05841 0.962188
