1 pop1 1.0 0.980392
1 pop2 1.0 0.980392
100 pop1 0.9999 0.980294
100 pop2 1.00265 0.982994
200 pop1 0.99994 0.980333
200 pop2 1.00272 0.983055
300 pop1 1.00163 0.981991
300 pop2 1.00117 0.981541
400 pop1 1.00133 0.981693
400 pop2 0.999538 0.97994
500 pop1 0.998816 0.979231
500 pop2 1.00301 0.983341
600 pop1 0.998955 0.979368
600 pop2 1.00259 0.982934
700 pop1 0.996958 0.97741
700 pop2 1.00455 0.984854
800 pop1 0.996972 0.977423
800 pop2 1.005 0.985298
900 pop1 0.996809 0.977264
900 pop2 1.00554 0.985821
1000 pop1 0.998678 0.979096
1000 pop2 1.00341 0.983738
1100 pop1 1.00136 0.981722
1100 pop2 1.00361 0.98393
1200 pop1 1.00403 0.984344
1200 pop2 1.00762 0.987865
1300 pop1 1.00599 0.986264
1300 pop2 1.01015 0.990345
1400 pop1 1.00598 0.98626
1400 pop2 1.01296 0.9931
1500 pop1 1.00661 0.986872
1500 pop2 1.01346 0.993584
1600 pop1 1.008 0.988238
1600 pop2 1.01243 0.992575
1700 pop1 1.00845 0.988673
1700 pop2 1.01224 0.992394
1800 pop1 1.01068 0.990867
1800 pop2 1.00989 0.990083
1900 pop1 1.0099 0.990094
1900 pop2 1.00982 0.990016
2000 pop1 1.01068 0.990861
2000 pop2 1.01061 0.990797
2100 pop1 1.01011 0.990299
2100 pop2 1.01024 0.990428
2200 pop1 1.01021 0.990402
2200 pop2 1.01017 0.990365
2300 pop1 1.01051 0.9907
2300 pop2 1.01037 0.990559
2400 pop1 1.00967 0.989876
2400 pop2 1.01147 0.991639
2500 pop1 1.01058 0.990762
2500 pop2 1.01007 0.990266
2600 pop1 1.00912 0.989336
2600 pop2 1.01102 0.991192
2700 pop1 1.01008 0.99027
2700 pop2 1.01065 0.990838
2800 pop1 1.01101 0.991189
2800 pop2 1.01009 0.990287
2900 pop1 1.01157 0.991739
2900 pop2 1.00986 0.990064
3000 pop1 1.0115 0.991664
3000 pop2 1.00977 0.989971
3100 pop1 1.00958 0.989786
3100 pop2 1.01142 0.991588
3200 pop1 1.00895 0.989165
3200 pop2 1.01278 0.992926
3300 pop1 1.01045 0.990641
3300 pop2 1.01112 0.991296
3400 pop1 1.01085 0.991029
3400 pop2 1.01114 0.991312
3500 pop1 1.01085 0.991025
3500 pop2 1.00978 0.989982
3600 pop1 1.01358 0.993707
3600 pop2 1.00774 0.987985
3700 pop1 1.01244 0.99259
3700 pop2 1.00854 0.988764
3800 pop1 1.0118 0.991964
3800 pop2 1.00945 0.989656
3900 pop1 1.01321 0.993347
3900 pop2 1.00818 0.988414
4000 pop1 1.01329 0.993418
4000 pop2 1.00737 0.987622
4100 pop1 1.01321 0.993347
4100 pop2 1.00754 0.98778
4200 pop1 1.01258 0.992729
4200 pop2 1.00816 0.988394
4300 pop1 1.01441 0.994516
4300 pop2 1.00656 0.986822
4400 pop1 1.01511 0.995202
4400 pop2 1.00633 0.986594
4500 pop1 1.01417 0.994286
4500 pop2 1.00668 0.986937
4600 pop1 1.01432 0.994429
4600 pop2 1.00702 0.987271
4700 pop1 1.0138 0.993926
4700 pop2 1.00721 0.987465
4800 pop1 1.01283 0.99297
4800 pop2 1.00759 0.987834
4900 pop1 1.01217 0.992321
4900 pop2 1.00889 0.989104
5000 pop1 1.01258 0.992725
5000 pop2 1.00857 0.988793
