1 pop1 1.0 0.909091
1 pop2 1.0 0.909091
100 pop1 1.085 0.986366
100 pop2 1.08737 0.988514
200 pop1 1.08471 0.986104
200 pop2 1.08454 0.985944
300 pop1 1.08652 0.987746
300 pop2 1.08521 0.986552
400 pop1 1.08449 0.985899
400 pop2 1.08267 0.984243
500 pop1 1.08188 0.983523
500 pop2 1.08618 0.987433
600 pop1 1.08774 0.988856
600 pop2 1.08388 0.985344
700 pop1 1.08613 0.987387
700 pop2 1.08621 0.987462
800 pop1 1.08276 0.984329
800 pop2 1.08608 0.987341
900 pop1 1.08218 0.983798
900 pop2 1.08271 0.984282
1000 pop1 1.08257 0.984157
1000 pop2 1.08807 0.989153
1100 pop1 1.09121 0.992006
1100 pop2 0.990421 0.900383
1200 pop1 1.09745 0.997685
1200 pop2 0.986985 0.897259
1300 pop1 1.09649 0.996813
1300 pop2 0.989611 0.899647
1400 pop1 1.09795 0.998138
1400 pop2 0.993443 0.90313
1500 pop1 1.09988 0.999888
1500 pop2 0.994944 0.904494
1600 pop1 1.10133 1.00121
1600 pop2 0.995596 0.905087
1700 pop1 1.10114 1.00103
1700 pop2 0.999486 0.908624
1800 pop1 1.10251 1.00228
1800 pop2 0.999565 0.908696
1900 pop1 1.1025 1.00227
1900 pop2 1.0 0.909091
2000 pop1 1.1025 1.00227
2000 pop2 1.0 0.909091
2100 pop1 1.1025 1.00227
2100 pop2 1.0 0.909091
2200 pop1 1.1025 1.00227
2200 pop2 1.0 0.909091
2300 pop1 1.1025 1.00227
2300 pop2 1.0 0.909091
2400 pop1 1.1025 1.00227
2400 pop2 1.0 0.909091
2500 pop1 1.1025 1.00227
2500 pop2 1.0 0.909091
2600 pop1 1.1025 1.00227
2600 pop2 1.0 0.909091
2700 pop1 1.1025 1.00227
2700 pop2 1.0 0.909091
2800 pop1 1.1025 1.00227
2800 pop2 1.0 0.909091
2900 pop1 1.1025 1.00227
2900 pop2 1.0 0.909091
3000 pop1 1.1025 1.00227
3000 pop2 1.0 0.909091
3100 pop1 1.1025 1.00227
3100 pop2 1.0 0.909091
3200 pop1 1.1025 1.00227
3200 pop2 1.0 0.909091
3300 pop1 1.1025 1.00227
3300 pop2 1.0 0.909091
3400 pop1 1.1025 1.00227
3400 pop2 1.0 0.909091
3500 pop1 1.1025 1.00227
3500 pop2 1.0 0.909091
3600 pop1 1.1025 1.00227
3600 pop2 1.0 0.909091
3700 pop1 1.1025 1.00227
3700 pop2 1.0 0.909091
3800 pop1 1.1025 1.00227
3800 pop2 1.0 0.909091
3900 pop1 1.1025 1.00227
3900 pop2 1.0 0.909091
4000 pop1 1.1025 1.00227
4000 pop2 1.0 0.909091
4100 pop1 1.1025 1.00227
4100 pop2 1.0 0.909091
4200 pop1 1.1025 1.00227
4200 pop2 1.0 0.909091
4300 pop1 1.1025 1.00227
4300 pop2 1.0 0.909091
4400 pop1 1.1025 1.00227
4400 pop2 1.0 0.909091
4500 pop1 1.1025 1.00227
4500 pop2 1.0 0.909091
4600 pop1 1.1025 1.00227
4600 pop2 1.0 0.909091
4700 pop1 1.1025 1.00227
4700 pop2 1.0 0.909091
4800 pop1 1.1025 1.00227
4800 pop2 1.0 0.909091
4900 pop1 1.1025 1.00227
4900 pop2 1.0 0.909091
5000 pop1 1.1025 1.00227
5000 pop2 1.0 0.909091
