1 pop1 1.0 0.909091
1 pop2 1.0 0.909091
100 pop1 1.08042 0.982196
100 pop2 1.07802 0.980021
200 pop1 1.08179 0.983443
200 pop2 1.08307 0.98461
300 pop1 1.08189 0.983537
300 pop2 1.0822 0.983816
400 pop1 1.08357 0.985066
400 pop2 1.08413 0.985571
500 pop1 1.08197 0.983606
500 pop2 1.08241 0.984011
600 pop1 1.08338 0.984891
600 pop2 1.08295 0.9845
700 pop1 1.08003 0.98185
700 pop2 1.0839 0.985359
800 pop1 1.0792 0.981087
800 pop2 1.08306 0.984603
900 pop1 1.08153 0.983209
900 pop2 1.08225 0.983862
1000 pop1 1.08074 0.982487
1000 pop2 1.08179 0.983443
1100 pop1 1.08874 0.989766
1100 pop2 1.06474 0.967941
1200 pop1 1.08264 0.984222
1200 pop2 1.08342 0.984926
1300 pop1 1.08194 0.983579
1300 pop2 1.08664 0.987858
1400 pop1 1.08318 0.984706
1400 pop2 1.08453 0.985937
1500 pop1 1.08691 0.988097
1500 pop2 1.08188 0.983531
1600 pop1 1.08479 0.986174
1600 pop2 1.08565 0.986952
1700 pop1 1.08486 0.986232
1700 pop2 1.0853 0.986636
1800 pop1 1.08219 0.983806
1800 pop2 1.08604 0.987307
1900 pop1 1.08327 0.984787
1900 pop2 1.08411 0.985552
2000 pop1 1.08244 0.984033
2000 pop2 1.08381 0.985285
2100 pop1 1.08737 0.988521
2100 pop2 1.08141 0.983099
2200 pop1 1.08261 0.98419
2200 pop2 1.08515 0.986501
2300 pop1 1.08529 0.986631
2300 pop2 1.09003 0.990936
2400 pop1 1.085 0.986364
2400 pop2 1.08459 0.985991
2500 pop1 1.08695 0.988133
2500 pop2 1.0836 0.985094
2600 pop1 1.08409 0.985535
2600 pop2 1.08557 0.98688
2700 pop1 1.0847 0.986094
2700 pop2 1.08608 0.987349
2800 pop1 1.0854 0.986725
2800 pop2 1.08685 0.988046
2900 pop1 1.08653 0.987754
2900 pop2 1.08156 0.983239
3000 pop1 1.08856 0.989596
3000 pop2 1.08487 0.986244
3100 pop1 1.08274 0.984305
3100 pop2 1.08647 0.987703
3200 pop1 1.08424 0.985672
3200 pop2 1.09097 0.991787
3300 pop1 1.08528 0.986615
3300 pop2 1.08707 0.988247
3400 pop1 1.08449 0.985904
3400 pop2 1.08648 0.987705
3500 pop1 1.08397 0.985428
3500 pop2 1.08596 0.987237
3600 pop1 1.08301 0.984556
3600 pop2 1.0853 0.986633
3700 pop1 1.08578 0.987071
3700 pop2 1.08418 0.985619
3800 pop1 1.08343 0.984941
3800 pop2 1.08423 0.985663
3900 pop1 1.08568 0.986983
3900 pop2 1.08445 0.985864
4000 pop1 1.0862 0.987457
4000 pop2 1.08562 0.98693
4100 pop1 1.08076 0.982509
4100 pop2 1.08163 0.983298
4200 pop1 1.08725 0.98841
4200 pop2 1.0854 0.986731
4300 pop1 1.0864 0.987634
4300 pop2 1.08585 0.987138
4400 pop1 1.0865 0.987731
4400 pop2 1.0817 0.983363
4500 pop1 1.08778 0.988888
4500 pop2 1.08575 0.987042
4600 pop1 1.08337 0.984884
4600 pop2 1.08637 0.987607
4700 pop1 1.08782 0.988929
4700 pop2 1.0873 0.988454
4800 pop1 1.08589 0.987174
4800 pop2 1.08666 0.987875
4900 pop1 1.08503 0.986389
4900 pop2 1.08728 0.988432
5000 pop1 1.08336 0.984875
5000 pop2 1.08329 0.984811
