1 pop1 1.0 0.980392
1 pop2 1.0 0.980392
100 pop1 1.00967 0.989868
100 pop2 1.00563 0.98591
200 pop1 1.00806 0.988299
200 pop2 1.00536 0.985652
300 pop1 1.0065 0.986763
300 pop2 1.00453 0.98483
400 pop1 1.00647 0.986732
400 pop2 1.00799 0.988229
500 pop1 1.00318 0.983514
500 pop2 1.00869 0.98891
600 pop1 1.00418 0.984492
600 pop2 1.00573 0.986007
700 pop1 1.0063 0.986565
700 pop2 1.00817 0.988406
800 pop1 1.00391 0.984224
800 pop2 1.00755 0.987795
900 pop1 1.0043 0.984604
900 pop2 1.00824 0.988472
1000 pop1 1.00258 0.982925
1000 pop2 1.00686 0.987121
1100 pop1 1.00427 0.984578
1100 pop2 1.0028 0.983136
1200 pop1 1.00919 0.989398
1200 pop2 1.00793 0.988162
1300 pop1 1.01111 0.991289
1300 pop2 1.0093 0.989505
1400 pop1 1.01209 0.992249
1400 pop2 1.01015 0.990346
1500 pop1 1.01312 0.993259
1500 pop2 1.0097 0.9899
1600 pop1 1.01343 0.993555
1600 pop2 1.00948 0.989683
1700 pop1 1.01171 0.991874
1700 pop2 1.01057 0.990752
1800 pop1 1.01236 0.992513
1800 pop2 1.01038 0.990571
1900 pop1 1.01185 0.992013
1900 pop2 1.01222 0.992372
2000 pop1 1.01107 0.991241
2000 pop2 1.01288 0.993018
2100 pop1 1.01183 0.99199
2100 pop2 1.01156 0.991723
2200 pop1 1.01229 0.992441
2200 pop2 1.01297 0.993108
2300 pop1 1.00936 0.989566
2300 pop2 1.0124 0.992549
2400 pop1 1.01041 0.990595
2400 pop2 1.01174 0.991903
2500 pop1 1.01118 0.991352
2500 pop2 1.01198 0.992136
2600 pop1 1.01062 0.990803
2600 pop2 1.01319 0.993328
2700 pop1 1.00972 0.989926
2700 pop2 1.01432 0.994433
2800 pop1 1.00956 0.989762
2800 pop2 1.0136 0.993727
2900 pop1 1.00934 0.989549
2900 pop2 1.0135 0.993627
3000 pop1 1.01001 0.990206
3000 pop2 1.01367 0.993792
3100 pop1 1.00965 0.989853
3100 pop2 1.01487 0.994971
3200 pop1 1.00974 0.989943
3200 pop2 1.01614 0.996218
3300 pop1 1.00885 0.989065
3300 pop2 1.01468 0.994781
3400 pop1 1.01111 0.991282
3400 pop2 1.01373 0.993854
3500 pop1 1.01207 0.992229
3500 pop2 1.01135 0.991517
3600 pop1 1.01298 0.993115
3600 pop2 1.0114 0.991573
3700 pop1 1.01327 0.993404
3700 pop2 1.01191 0.992066
3800 pop1 1.01404 0.994152
3800 pop2 1.01259 0.992732
3900 pop1 1.01301 0.993146
3900 pop2 1.01102 0.991198
4000 pop1 1.01332 0.993455
4000 pop2 1.01293 0.993071
4100 pop1 1.01262 0.992761
4100 pop2 1.01131 0.991478
4200 pop1 1.01261 0.992756
4200 pop2 1.01013 0.990325
4300 pop1 1.01276 0.992903
4300 pop2 1.01262 0.992764
4400 pop1 1.01365 0.993779
4400 pop2 1.0117 0.991861
4500 pop1 1.01236 0.992507
4500 pop2 1.01206 0.992211
4600 pop1 1.01196 0.992114
4600 pop2 1.01336 0.993493
4700 pop1 1.01213 0.992289
4700 pop2 1.013 0.993137
4800 pop1 1.01245 0.992602
4800 pop2 1.01195 0.992105
4900 pop1 1.01452 0.994623
4900 pop2 1.0115 0.991663
5000 pop1 1.01341 0.993537
5000 pop2 1.01124 0.991411
