1 pop1 1.0 0.980392
1 pop2 1.0 0.980392
100 pop1 1.00804 0.988277
100 pop2 1.00635 0.986614
200 pop1 1.00596 0.986231
200 pop2 1.00885 0.989066
300 pop1 1.00687 0.987123
300 pop2 1.00483 0.985126
400 pop1 1.00635 0.986615
400 pop2 1.00353 0.983857
500 pop1 1.00815 0.988386
500 pop2 1.00454 0.984841
600 pop1 1.00808 0.988314
600 pop2 1.00228 0.982632
700 pop1 1.00679 0.987046
700 pop2 1.0045 0.984801
800 pop1 1.00808 0.988318
800 pop2 1.00607 0.986346
900 pop1 1.00495 0.985241
900 pop2 1.00518 0.985471
1000 pop1 1.00554 0.985826
1000 pop2 1.00546 0.985743
1100 pop1 1.00525 0.985536
1100 pop2 1.00138 0.981742
1200 pop1 1.00906 0.989277
1200 pop2 1.00535 0.985634
1300 pop1 1.0113 0.991473
1300 pop2 1.00882 0.989036
1400 pop1 1.01109 0.99126
1400 pop2 1.00787 0.988112
1500 pop1 1.01201 0.992167
1500 pop2 1.01122 0.991391
1600 pop1 1.00995 0.990146
1600 pop2 1.0118 0.991962
1700 pop1 1.01118 0.991352
1700 pop2 1.01336 0.993491
1800 pop1 1.00865 0.988876
1800 pop2 1.01545 0.995539
1900 pop1 1.00823 0.988456
1900 pop2 1.01528 0.995377
2000 pop1 1.00896 0.989176
2000 pop2 1.01468 0.994786
2100 pop1 1.0095 0.989711
2100 pop2 1.01475 0.994858
2200 pop1 1.01129 0.991459
2200 pop2 1.01405 0.994171
2300 pop1 1.0107 0.990877
2300 pop2 1.01297 0.993105
2400 pop1 1.01065 0.990833
2400 pop2 1.01404 0.99416
2500 pop1 1.01013 0.990326
2500 pop2 1.01491 0.995014
2600 pop1 1.00796 0.988194
2600 pop2 1.01636 0.996429
2700 pop1 1.00622 0.986494
2700 pop2 1.01548 0.995569
2800 pop1 1.00815 0.988378
2800 pop2 1.01521 0.995303
2900 pop1 1.01013 0.990327
2900 pop2 1.01575 0.995831
3000 pop1 1.01065 0.990837
3000 pop2 1.01326 0.993395
3100 pop1 1.01299 0.993132
3100 pop2 1.01207 0.992224
3200 pop1 1.01352 0.993647
3200 pop2 1.01255 0.992693
3300 pop1 1.01258 0.992727
3300 pop2 1.01243 0.992582
3400 pop1 1.01308 0.993219
3400 pop2 1.0128 0.992937
3500 pop1 1.01152 0.991685
3500 pop2 1.01241 0.992555
3600 pop1 1.0127 0.992846
3600 pop2 1.01278 0.992922
3700 pop1 1.01434 0.994451
3700 pop2 1.01089 0.991064
3800 pop1 1.01269 0.992834
3800 pop2 1.01196 0.992121
3900 pop1 1.01276 0.992906
3900 pop2 1.01235 0.992499
4000 pop1 1.01386 0.993984
4000 pop2 1.01085 0.991029
4100 pop1 1.01433 0.994444
4100 pop2 1.00968 0.989886
4200 pop1 1.01329 0.993417
4200 pop2 1.01175 0.991908
4300 pop1 1.0132 0.993338
4300 pop2 1.01188 0.992038
4400 pop1 1.01351 0.993639
4400 pop2 1.01128 0.991451
4500 pop1 1.01261 0.992755
4500 pop2 1.01284 0.992985
4600 pop1 1.01059 0.990774
4600 pop2 1.01323 0.993363
4700 pop1 1.01035 0.99054
4700 pop2 1.01469 0.994795
4800 pop1 1.00966 0.989859
4800 pop2 1.01361 0.993735
4900 pop1 1.00788 0.988113
4900 pop2 1.01579 0.995877
5000 pop1 1.00776 0.988002
5000 pop2 1.01445 0.994555
