1 pop1 1.0 0.909091
1 pop2 1.0 0.909091
100 pop1 1.08428 0.985711
100 pop2 1.08206 0.983692
200 pop1 1.07962 0.981477
200 pop2 1.08169 0.983356
300 pop1 1.08082 0.982564
300 pop2 1.0875 0.988634
400 pop1 1.08337 0.984885
400 pop2 1.08375 0.985227
500 pop1 1.0836 0.985087
500 pop2 1.08084 0.982582
600 pop1 1.0853 0.986635
600 pop2 1.08425 0.98568
700 pop1 1.08537 0.986701
700 pop2 1.08375 0.98523
800 pop1 1.08265 0.984224
800 pop2 1.07942 0.981291
900 pop1 1.08069 0.982447
900 pop2 1.08279 0.984356
1000 pop1 1.08277 0.984341
1000 pop2 1.08187 0.983519
1100 pop1 1.08687 0.988064
1100 pop2 1.06685 0.969867
1200 pop1 1.08665 0.987861
1200 pop2 1.08241 0.984012
1300 pop1 1.08731 0.988459
1300 pop2 1.08138 0.983076
1400 pop1 1.08425 0.985682
1400 pop2 1.08847 0.989517
1500 pop1 1.08448 0.985888
1500 pop2 1.08292 0.984469
1600 pop1 1.08753 0.988667
1600 pop2 1.0866 0.987819
1700 pop1 1.0894 0.990367
1700 pop2 1.08395 0.985413
1800 pop1 1.08345 0.984952
1800 pop2 1.08738 0.988528
1900 pop1 1.08394 0.985399
1900 pop2 1.08637 0.987609
2000 pop1 1.08547 0.986793
2000 pop2 1.08763 0.988755
2100 pop1 1.0873 0.988451
2100 pop2 1.08476 0.986149
2200 pop1 1.08761 0.988732
2200 pop2 1.08673 0.987936
2300 pop1 1.08421 0.985643
2300 pop2 1.084 0.985459
2400 pop1 1.08501 0.98637
2400 pop2 1.08452 0.985925
2500 pop1 1.08263 0.984205
2500 pop2 1.0865 0.987724
2600 pop1 1.08547 0.986791
2600 pop2 1.08722 0.988377
2700 pop1 1.08553 0.986846
2700 pop2 1.08286 0.984416
2800 pop1 1.08758 0.988712
2800 pop2 1.08567 0.986969
2900 pop1 1.08598 0.987254
2900 pop2 1.08272 0.98429
3000 pop1 1.08765 0.98877
3000 pop2 1.08514 0.986493
3100 pop1 1.08138 0.983069
3100 pop2 1.08109 0.982813
3200 pop1 1.08514 0.986491
3200 pop2 1.08725 0.98841
3300 pop1 1.08327 0.984795
3300 pop2 1.08838 0.989437
3400 pop1 1.08781 0.988918
3400 pop2 1.08372 0.985202
3500 pop1 1.08497 0.986341
3500 pop2 1.0805 0.982272
3600 pop1 1.0869 0.988087
3600 pop2 1.08332 0.984833
3700 pop1 1.08564 0.986942
3700 pop2 1.08755 0.988684
3800 pop1 1.08469 0.986079
3800 pop2 1.08457 0.985976
3900 pop1 1.08604 0.98731
3900 pop2 1.08274 0.984312
4000 pop1 1.08347 0.984969
4000 pop2 1.08754 0.988671
4100 pop1 1.08644 0.987675
4100 pop2 1.08511 0.986466
4200 pop1 1.08747 0.988607
4200 pop2 1.08404 0.985491
4300 pop1 1.08458 0.985983
4300 pop2 1.08813 0.989209
4400 pop1 1.08506 0.986414
4400 pop2 1.08574 0.987034
4500 pop1 1.08382 0.985291
4500 pop2 1.08789 0.988989
4600 pop1 1.08628 0.987524
4600 pop2 1.08318 0.98471
4700 pop1 1.08778 0.988892
4700 pop2 1.08055 0.98232
4800 pop1 1.0881 0.989178
4800 pop2 1.08408 0.985531
4900 pop1 1.08553 0.986849
4900 pop2 1.08548 0.986803
5000 pop1 1.0857 0.986996
5000 pop2 1.08658 0.987803
