1 pop1 1.0 0.833333
1 pop2 1.0 0.833333
100 pop1 1.19011 0.991761
100 pop2 1.19045 0.99204
200 pop1 1.19252 0.993769
200 pop2 1.19253 0.993773
300 pop1 1.19197 0.993311
300 pop2 1.18904 0.990865
400 pop1 1.18957 0.991306
400 pop2 1.19243 0.993691
500 pop1 1.19156 0.99297
500 pop2 1.18834 0.990286
600 pop1 1.1874 0.989499
600 pop2 1.18938 0.991149
700 pop1 1.18705 0.98921
700 pop2 1.19096 0.99247
800 pop1 1.18814 0.990114
800 pop2 1.19193 0.993275
900 pop1 1.18821 0.990175
900 pop2 1.18805 0.990042
1000 pop1 1.19158 0.99298
1000 pop2 1.18673 0.988945
1100 pop1 1.20215 1.00179
1100 pop2 1.0 0.833333
1200 pop1 1.20708 1.0059
1200 pop2 1.0 0.833333
1300 pop1 1.20733 1.00611
1300 pop2 1.0 0.833333
1400 pop1 1.20923 1.00769
1400 pop2 1.0 0.833333
1500 pop1 1.2094 1.00783
1500 pop2 1.0 0.833333
1600 pop1 1.21 1.00833
1600 pop2 1.0 0.833333
1700 pop1 1.21 1.00833
1700 pop2 1.0 0.833333
1800 pop1 1.21 1.00833
1800 pop2 1.0 0.833333
1900 pop1 1.21 1.00833
1900 pop2 1.0 0.833333
2000 pop1 1.21 1.00833
2000 pop2 1.0 0.833333
2100 pop1 1.21 1.00833
2100 pop2 1.0 0.833333
2200 pop1 1.21 1.00833
2200 pop2 1.0 0.833333
2300 pop1 1.21 1.00833
2300 pop2 1.0 0.833333
2400 pop1 1.21 1.00833
2400 pop2 1.0 0.833333
2500 pop1 1.21 1.00833
2500 pop2 1.0 0.833333
2600 pop1 1.21 1.00833
2600 pop2 1.0 0.833333
2700 pop1 1.21 1.00833
2700 pop2 1.0 0.833333
2800 pop1 1.21 1.00833
2800 pop2 1.0 0.833333
2900 pop1 1.21 1.00833
2900 pop2 1.0 0.833333
3000 pop1 1.21 1.00833
3000 pop2 1.0 0.833333
3100 pop1 1.21 1.00833
3100 pop2 1.0 0.833333
3200 pop1 1.21 1.00833
3200 pop2 1.0 0.833333
3300 pop1 1.21 1.00833
3300 pop2 1.0 0.833333
3400 pop1 1.21 1.00833
3400 pop2 1.0 0.833333
3500 pop1 1.21 1.00833
3500 pop2 1.0 0.833333
3600 pop1 1.21 1.00833
3600 pop2 1.0 0.833333
3700 pop1 1.21 1.00833
3700 pop2 1.0 0.833333
3800 pop1 1.21 1.00833
3800 pop2 1.0 0.833333
3900 pop1 1.21 1.00833
3900 pop2 1.0 0.833333
4000 pop1 1.21 1.00833
4000 pop2 1.0 0.833333
4100 pop1 1.21 1.00833
4100 pop2 1.0 0.833333
4200 pop1 1.21 1.00833
4200 pop2 1.0 0.833333
4300 pop1 1.21 1.00833
4300 pop2 1.0 0.833333
4400 pop1 1.21 1.00833
4400 pop2 1.0 0.833333
4500 pop1 1.21 1.00833
4500 pop2 1.0 0.833333
4600 pop1 1.21 1.00833
4600 pop2 1.0 0.833333
4700 pop1 1.21 1.00833
4700 pop2 1.0 0.833333
4800 pop1 1.21 1.00833
4800 pop2 1.0 0.833333
4900 pop1 1.21 1.00833
4900 pop2 1.0 0.833333
5000 pop1 1.21 1.00833
5000 pop2 1.0 0.833333
