1 pop1 1.0 0.909091
1 pop2 1.0 0.909091
100 pop1 1.03832 0.943925
100 pop2 1.04006 0.945511
200 pop1 1.04415 0.94923
200 pop2 1.03383 0.939847
300 pop1 1.0386 0.944184
300 pop2 1.04273 0.947935
400 pop1 1.03829 0.943902
400 pop2 1.04484 0.949855
500 pop1 1.03557 0.94143
500 pop2 1.03898 0.944525
600 pop1 1.03638 0.942161
600 pop2 1.04402 0.949109
700 pop1 1.03912 0.944651
700 pop2 1.04529 0.950262
800 pop1 1.0375 0.94318
800 pop2 1.03865 0.944224
900 pop1 1.04464 0.949673
900 pop2 1.04737 0.952158
1000 pop1 1.0391 0.944635
1000 pop2 1.04259 0.94781
1100 pop1 1.09011 0.991009
1100 pop2 0.975152 0.886502
1200 pop1 1.0979 0.998089
1200 pop2 0.979226 0.890205
1300 pop1 1.10151 1.00137
1300 pop2 0.986945 0.897223
1400 pop1 1.10228 1.00207
1400 pop2 0.998183 0.907439
1500 pop1 1.10225 1.00205
1500 pop2 1.0 0.909091
1600 pop1 1.1025 1.00227
1600 pop2 1.0 0.909091
1700 pop1 1.1025 1.00227
1700 pop2 1.0 0.909091
1800 pop1 1.1025 1.00227
1800 pop2 1.0 0.909091
1900 pop1 1.1025 1.00227
1900 pop2 1.0 0.909091
2000 pop1 1.1025 1.00227
2000 pop2 1.0 0.909091
2100 pop1 1.1025 1.00227
2100 pop2 1.0 0.909091
2200 pop1 1.1025 1.00227
2200 pop2 1.0 0.909091
2300 pop1 1.1025 1.00227
2300 pop2 1.0 0.909091
2400 pop1 1.1025 1.00227
2400 pop2 1.0 0.909091
2500 pop1 1.1025 1.00227
2500 pop2 1.0 0.909091
2600 pop1 1.1025 1.00227
2600 pop2 1.0 0.909091
2700 pop1 1.1025 1.00227
2700 pop2 1.0 0.909091
2800 pop1 1.1025 1.00227
2800 pop2 1.0 0.909091
2900 pop1 1.1025 1.00227
2900 pop2 1.0 0.909091
3000 pop1 1.1025 1.00227
3000 pop2 1.0 0.909091
3100 pop1 1.1025 1.00227
3100 pop2 1.0 0.909091
3200 pop1 1.1025 1.00227
3200 pop2 1.0 0.909091
3300 pop1 1.1025 1.00227
3300 pop2 1.0 0.909091
3400 pop1 1.1025 1.00227
3400 pop2 1.0 0.909091
3500 pop1 1.1025 1.00227
3500 pop2 1.0 0.909091
3600 pop1 1.1025 1.00227
3600 pop2 1.0 0.909091
3700 pop1 1.1025 1.00227
3700 pop2 1.0 0.909091
3800 pop1 1.1025 1.00227
3800 pop2 1.0 0.909091
3900 pop1 1.1025 1.00227
3900 pop2 1.0 0.909091
4000 pop1 1.1025 1.00227
4000 pop2 1.0 0.909091
4100 pop1 1.1025 1.00227
4100 pop2 1.0 0.909091
4200 pop1 1.1025 1.00227
4200 pop2 1.0 0.909091
4300 pop1 1.1025 1.00227
4300 pop2 1.0 0.909091
4400 pop1 1.1025 1.00227
4400 pop2 1.0 0.909091
4500 pop1 1.1025 1.00227
4500 pop2 1.0 0.909091
4600 pop1 1.1025 1.00227
4600 pop2 1.0 0.909091
4700 pop1 1.1025 1.00227
4700 pop2 1.0 0.909091
4800 pop1 1.1025 1.00227
4800 pop2 1.0 0.909091
4900 pop1 1.1025 1.00227
4900 pop2 1.0 0.909091
5000 pop1 1.1025 1.00227
5000 pop2 1.0 0.909091
