1 pop1 1.0 0.980392
1 pop2 1.0 0.980392
100 pop1 1.00357 0.983896
100 pop2 0.99954 0.979941
200 pop1 1.00408 0.984393
200 pop2 0.999684 0.980083
300 pop1 0.99994 0.980333
300 pop2 1.00539 0.985677
400 pop1 0.997603 0.978042
400 pop2 1.00528 0.985567
500 pop1 0.99617 0.976637
500 pop2 1.00683 0.987085
600 pop1 0.997354 0.977798
600 pop2 1.00599 0.986264
700 pop1 0.997812 0.978247
700 pop2 1.00771 0.987952
800 pop1 0.997566 0.978006
800 pop2 1.0057 0.98598
900 pop1 0.99524 0.975726
900 pop2 1.00855 0.988779
1000 pop1 0.995609 0.976087
1000 pop2 1.00709 0.987348
1100 pop1 1.00534 0.985624
1100 pop2 0.995716 0.976192
1200 pop1 1.01249 0.992638
1200 pop2 0.995689 0.976166
1300 pop1 1.01495 0.995052
1300 pop2 0.994734 0.975229
1400 pop1 1.01616 0.99624
1400 pop2 0.99545 0.975932
1500 pop1 1.01866 0.998688
1500 pop2 0.995153 0.97564
1600 pop1 1.01871 0.998735
1600 pop2 0.995447 0.975929
1700 pop1 1.0185 0.998529
1700 pop2 0.995675 0.976152
1800 pop1 1.01974 0.999746
1800 pop2 0.995479 0.97596
1900 pop1 1.01971 0.999715
1900 pop2 0.99512 0.975608
2000 pop1 1.02007 1.00007
2000 pop2 0.996333 0.976797
2100 pop1 1.01974 0.999749
2100 pop2 0.997123 0.977572
2200 pop1 1.02 1.0
2200 pop2 0.997183 0.97763
2300 pop1 1.02011 1.00011
2300 pop2 0.997311 0.977756
2400 pop1 1.02011 1.0001
2400 pop2 0.997119 0.977568
2500 pop1 1.0201 1.0001
2500 pop2 0.998165 0.978593
2600 pop1 1.0201 1.0001
2600 pop2 0.998799 0.979215
2700 pop1 1.0201 1.0001
2700 pop2 0.999409 0.979813
2800 pop1 1.0201 1.0001
2800 pop2 0.999378 0.979782
2900 pop1 1.0201 1.0001
2900 pop2 0.999661 0.98006
3000 pop1 1.0201 1.0001
3000 pop2 0.99984 0.980236
3100 pop1 1.0201 1.0001
3100 pop2 0.999617 0.980017
3200 pop1 1.0201 1.0001
3200 pop2 0.999769 0.980165
3300 pop1 1.0201 1.0001
3300 pop2 0.999968 0.980361
3400 pop1 1.0201 1.0001
3400 pop2 1.0 0.980392
3500 pop1 1.0201 1.0001
3500 pop2 1.0 0.980392
3600 pop1 1.0201 1.0001
3600 pop2 1.0 0.980392
3700 pop1 1.0201 1.0001
3700 pop2 1.0 0.980392
3800 pop1 1.0201 1.0001
3800 pop2 1.0 0.980392
3900 pop1 1.0201 1.0001
3900 pop2 1.0 0.980392
4000 pop1 1.0201 1.0001
4000 pop2 1.0 0.980392
4100 pop1 1.0201 1.0001
4100 pop2 1.0 0.980392
4200 pop1 1.0201 1.0001
4200 pop2 1.0 0.980392
4300 pop1 1.0201 1.0001
4300 pop2 1.0 0.980392
4400 pop1 1.0201 1.0001
4400 pop2 1.0 0.980392
4500 pop1 1.0201 1.0001
4500 pop2 1.0 0.980392
4600 pop1 1.0201 1.0001
4600 pop2 1.0 0.980392
4700 pop1 1.0201 1.0001
4700 pop2 1.0 0.980392
4800 pop1 1.0201 1.0001
4800 pop2 1.0 0.980392
4900 pop1 1.0201 1.0001
4900 pop2 1.0 0.980392
5000 pop1 1.0201 1.0001
5000 pop2 1.0 0.980392
