1 pop1 1.0 0.980392
1 pop2 1.0 0.980392
100 pop1 1.00265 0.982994
100 pop2 1.00052 0.9809
200 pop1 1.00099 0.981366
200 pop2 1.00133 0.981701
300 pop1 0.999952 0.980345
300 pop2 1.00103 0.981398
400 pop1 0.998779 0.979196
400 pop2 1.00237 0.982711
500 pop1 1.00028 0.980663
500 pop2 1.00172 0.982081
600 pop1 0.999379 0.979784
600 pop2 1.00242 0.982765
700 pop1 1.00062 0.981003
700 pop2 0.999627 0.980026
800 pop1 1.00089 0.98126
800 pop2 1.00174 0.982099
900 pop1 0.999875 0.980269
900 pop2 1.00298 0.983313
1000 pop1 1.0014 0.981761
1000 pop2 1.00082 0.981199
1100 pop1 1.00381 0.98413
1100 pop2 1.00007 0.980457
1200 pop1 1.00673 0.986988
1200 pop2 1.00432 0.984626
1300 pop1 1.00937 0.98958
1300 pop2 1.00584 0.986114
1400 pop1 1.00901 0.989223
1400 pop2 1.00776 0.988001
1500 pop1 1.00912 0.989337
1500 pop2 1.01006 0.990256
1600 pop1 1.00896 0.989179
1600 pop2 1.01155 0.991715
1700 pop1 1.00888 0.989094
1700 pop2 1.01004 0.990238
1800 pop1 1.0093 0.989511
1800 pop2 1.01001 0.990203
1900 pop1 1.0076 0.987844
1900 pop2 1.01286 0.992996
2000 pop1 1.00665 0.986907
2000 pop2 1.01348 0.993609
2100 pop1 1.00733 0.987583
2100 pop2 1.01325 0.993382
2200 pop1 1.00731 0.987557
2200 pop2 1.01372 0.993846
2300 pop1 1.00735 0.987599
2300 pop2 1.01312 0.993258
2400 pop1 1.00804 0.988278
2400 pop2 1.01262 0.992763
2500 pop1 1.00605 0.986321
2500 pop2 1.01393 0.994052
2600 pop1 1.00632 0.98659
2600 pop2 1.01438 0.994494
2700 pop1 1.00524 0.985534
2700 pop2 1.01503 0.995128
2800 pop1 1.00694 0.987194
2800 pop2 1.01388 0.993999
2900 pop1 1.00722 0.987471
2900 pop2 1.01371 0.993835
3000 pop1 1.00701 0.987264
3000 pop2 1.01434 0.994449
3100 pop1 1.0064 0.986666
3100 pop2 1.01403 0.994147
3200 pop1 1.00789 0.988129
3200 pop2 1.01299 0.993124
3300 pop1 1.00887 0.989091
3300 pop2 1.01104 0.991214
3400 pop1 1.00802 0.988256
3400 pop2 1.01319 0.993321
3500 pop1 1.00811 0.988346
3500 pop2 1.01283 0.992974
3600 pop1 1.00721 0.98746
3600 pop2 1.01361 0.993735
3700 pop1 1.00731 0.987559
3700 pop2 1.01363 0.993759
3800 pop1 1.00752 0.987761
3800 pop2 1.01375 0.993874
3900 pop1 1.00826 0.988489
3900 pop2 1.01218 0.992334
4000 pop1 1.00625 0.986515
4000 pop2 1.01416 0.994277
4100 pop1 1.00739 0.987634
4100 pop2 1.01276 0.992903
4200 pop1 1.00896 0.989179
4200 pop2 1.01244 0.992587
4300 pop1 1.00952 0.989724
4300 pop2 1.01213 0.992283
4400 pop1 1.01233 0.992479
4400 pop2 1.00884 0.989057
4500 pop1 1.01236 0.992506
4500 pop2 1.00869 0.988911
4600 pop1 1.01189 0.992047
4600 pop2 1.0095 0.989707
4700 pop1 1.01027 0.990464
4700 pop2 1.01081 0.990985
4800 pop1 1.01048 0.990666
4800 pop2 1.01045 0.990634
4900 pop1 1.00897 0.989186
4900 pop2 1.01251 0.992658
5000 pop1 1.00779 0.988034
5000 pop2 1.0128 0.992946
