1 pop1 1.0 0.980392
1 pop2 1.0 0.980392
100 pop1 1.00557 0.985854
100 pop2 1.00692 0.987174
200 pop1 1.00741 0.987661
200 pop2 1.00843 0.988656
300 pop1 1.00428 0.984586
300 pop2 1.01059 0.990772
400 pop1 1.00734 0.987591
400 pop2 1.01103 0.991206
500 pop1 1.00692 0.987172
500 pop2 1.0097 0.989897
600 pop1 1.00746 0.987709
600 pop2 1.00734 0.987591
700 pop1 1.00966 0.989867
700 pop2 1.00738 0.987629
800 pop1 1.00903 0.989243
800 pop2 1.00982 0.990018
900 pop1 1.00898 0.989192
900 pop2 1.00864 0.988862
1000 pop1 1.00804 0.988274
1000 pop2 1.01034 0.990529
1100 pop1 1.0114 0.991573
1100 pop2 0.999533 0.979934
1200 pop1 1.01509 0.995183
1200 pop2 0.999362 0.979766
1300 pop1 1.01651 0.996579
1300 pop2 0.99917 0.979578
1400 pop1 1.0181 0.998139
1400 pop2 0.999645 0.980044
1500 pop1 1.01944 0.99945
1500 pop2 0.999812 0.980208
1600 pop1 1.0193 0.999317
1600 pop2 0.999976 0.980369
1700 pop1 1.01972 0.999728
1700 pop2 0.999633 0.980032
1800 pop1 1.01987 0.999877
1800 pop2 0.999924 0.980318
1900 pop1 1.02009 1.00009
1900 pop2 1.0 0.980392
2000 pop1 1.01986 0.999861
2000 pop2 1.0 0.980392
2100 pop1 1.01975 0.99975
2100 pop2 1.0 0.980392
2200 pop1 1.01995 0.999948
2200 pop2 1.0 0.980392
2300 pop1 1.0201 1.0001
2300 pop2 1.0 0.980392
2400 pop1 1.0201 1.0001
2400 pop2 1.0 0.980392
2500 pop1 1.0201 1.0001
2500 pop2 1.0 0.980392
2600 pop1 1.0201 1.0001
2600 pop2 1.0 0.980392
2700 pop1 1.0201 1.0001
2700 pop2 1.0 0.980392
2800 pop1 1.0201 1.0001
2800 pop2 1.0 0.980392
2900 pop1 1.0201 1.0001
2900 pop2 1.0 0.980392
3000 pop1 1.0201 1.0001
3000 pop2 1.0 0.980392
3100 pop1 1.0201 1.0001
3100 pop2 1.0 0.980392
3200 pop1 1.0201 1.0001
3200 pop2 1.0 0.980392
3300 pop1 1.0201 1.0001
3300 pop2 1.0 0.980392
3400 pop1 1.0201 1.0001
3400 pop2 1.0 0.980392
3500 pop1 1.0201 1.0001
3500 pop2 1.0 0.980392
3600 pop1 1.0201 1.0001
3600 pop2 1.0 0.980392
3700 pop1 1.0201 1.0001
3700 pop2 1.0 0.980392
3800 pop1 1.0201 1.0001
3800 pop2 1.0 0.980392
3900 pop1 1.0201 1.0001
3900 pop2 1.0 0.980392
4000 pop1 1.0201 1.0001
4000 pop2 1.0 0.980392
4100 pop1 1.0201 1.0001
4100 pop2 1.0 0.980392
4200 pop1 1.0201 1.0001
4200 pop2 1.0 0.980392
4300 pop1 1.0201 1.0001
4300 pop2 1.0 0.980392
4400 pop1 1.0201 1.0001
4400 pop2 1.0 0.980392
4500 pop1 1.0201 1.0001
4500 pop2 1.0 0.980392
4600 pop1 1.0201 1.0001
4600 pop2 1.0 0.980392
4700 pop1 1.0201 1.0001
4700 pop2 1.0 0.980392
4800 pop1 1.0201 1.0001
4800 pop2 1.0 0.980392
4900 pop1 1.0201 1.0001
4900 pop2 1.0 0.980392
5000 pop1 1.0201 1.0001
5000 pop2 1.0 0.980392
