1 pop1 1.0 0.909091
1 pop2 1.0 0.909091
100 pop1 1.08929 0.990261
100 pop2 1.0859 0.987183
200 pop1 1.0844 0.985816
200 pop2 1.08528 0.986614
300 pop1 1.08402 0.98547
300 pop2 1.08669 0.987898
400 pop1 1.08554 0.986855
400 pop2 1.08688 0.988073
500 pop1 1.08503 0.986388
500 pop2 1.08934 0.990307
600 pop1 1.08672 0.987927
600 pop2 1.08401 0.985466
700 pop1 1.08283 0.984395
700 pop2 1.08313 0.984664
800 pop1 1.08587 0.987152
800 pop2 1.08431 0.985737
900 pop1 1.08474 0.986125
900 pop2 1.08468 0.986074
1000 pop1 1.08643 0.987664
1000 pop2 1.08224 0.983853
1100 pop1 1.09451 0.99501
1100 pop2 0.992495 0.902268
1200 pop1 1.09559 0.995986
1200 pop2 0.992376 0.90216
1300 pop1 1.10025 1.00022
1300 pop2 0.995912 0.905374
1400 pop1 1.09936 0.999422
1400 pop2 0.999605 0.908732
1500 pop1 1.10234 1.00213
1500 pop2 0.999486 0.908624
1600 pop1 1.10221 1.00201
1600 pop2 0.999862 0.908965
1700 pop1 1.10213 1.00193
1700 pop2 1.0 0.909091
1800 pop1 1.10242 1.0022
1800 pop2 1.0 0.909091
1900 pop1 1.10175 1.00159
1900 pop2 1.0 0.909091
2000 pop1 1.10229 1.00208
2000 pop2 1.0 0.909091
2100 pop1 1.1025 1.00227
2100 pop2 1.0 0.909091
2200 pop1 1.1025 1.00227
2200 pop2 1.0 0.909091
2300 pop1 1.1025 1.00227
2300 pop2 1.0 0.909091
2400 pop1 1.1025 1.00227
2400 pop2 1.0 0.909091
2500 pop1 1.1025 1.00227
2500 pop2 1.0 0.909091
2600 pop1 1.1025 1.00227
2600 pop2 1.0 0.909091
2700 pop1 1.1025 1.00227
2700 pop2 1.0 0.909091
2800 pop1 1.1025 1.00227
2800 pop2 1.0 0.909091
2900 pop1 1.1025 1.00227
2900 pop2 1.0 0.909091
3000 pop1 1.1025 1.00227
3000 pop2 1.0 0.909091
3100 pop1 1.1025 1.00227
3100 pop2 1.0 0.909091
3200 pop1 1.1025 1.00227
3200 pop2 1.0 0.909091
3300 pop1 1.1025 1.00227
3300 pop2 1.0 0.909091
3400 pop1 1.1025 1.00227
3400 pop2 1.0 0.909091
3500 pop1 1.1025 1.00227
3500 pop2 1.0 0.909091
3600 pop1 1.1025 1.00227
3600 pop2 1.0 0.909091
3700 pop1 1.1025 1.00227
3700 pop2 1.0 0.909091
3800 pop1 1.1025 1.00227
3800 pop2 1.0 0.909091
3900 pop1 1.1025 1.00227
3900 pop2 1.0 0.909091
4000 pop1 1.1025 1.00227
4000 pop2 1.0 0.909091
4100 pop1 1.1025 1.00227
4100 pop2 1.0 0.909091
4200 pop1 1.1025 1.00227
4200 pop2 1.0 0.909091
4300 pop1 1.1025 1.00227
4300 pop2 1.0 0.909091
4400 pop1 1.1025 1.00227
4400 pop2 1.0 0.909091
4500 pop1 1.1025 1.00227
4500 pop2 1.0 0.909091
4600 pop1 1.1025 1.00227
4600 pop2 1.0 0.909091
4700 pop1 1.1025 1.00227
4700 pop2 1.0 0.909091
4800 pop1 1.1025 1.00227
4800 pop2 1.0 0.909091
4900 pop1 1.1025 1.00227
4900 pop2 1.0 0.909091
5000 pop1 1.1025 1.00227
5000 pop2 1.0 0.909091
