1 pop1 1.0 0.980392
1 pop2 1.0 0.980392
100 pop1 1.00844 0.988669
100 pop2 1.00778 0.988023
200 pop1 1.00947 0.989672
200 pop2 1.00883 0.989047
300 pop1 1.0094 0.989607
300 pop2 1.00736 0.987605
400 pop1 1.00782 0.988056
400 pop2 1.00511 0.985402
500 pop1 1.00744 0.987685
500 pop2 1.00847 0.988695
600 pop1 1.00887 0.989091
600 pop2 1.01057 0.990751
700 pop1 1.00867 0.988894
700 pop2 1.00803 0.988265
800 pop1 1.0081 0.988329
800 pop2 1.00851 0.988731
900 pop1 1.00916 0.989373
900 pop2 1.00761 0.987855
1000 pop1 1.0047 0.985003
1000 pop2 1.01065 0.990832
1100 pop1 1.00945 0.989656
1100 pop2 0.99746 0.977902
1200 pop1 1.01468 0.99478
1200 pop2 0.997204 0.977651
1300 pop1 1.01781 0.997849
1300 pop2 0.996677 0.977134
1400 pop1 1.01808 0.998115
1400 pop2 0.997482 0.977924
1500 pop1 1.0193 0.999315
1500 pop2 0.99779 0.978225
1600 pop1 1.0199 0.999906
1600 pop2 0.998276 0.978702
1700 pop1 1.0201 1.0001
1700 pop2 0.998448 0.97887
1800 pop1 1.0201 1.0001
1800 pop2 0.998851 0.979266
1900 pop1 1.0201 1.0001
1900 pop2 0.99933 0.979735
2000 pop1 1.0201 1.0001
2000 pop2 0.999561 0.979962
2100 pop1 1.0201 1.0001
2100 pop2 0.999082 0.979492
2200 pop1 1.0201 1.0001
2200 pop2 0.998308 0.978734
2300 pop1 1.0201 1.0001
2300 pop2 0.998783 0.979199
2400 pop1 1.0201 1.0001
2400 pop2 0.999282 0.979688
2500 pop1 1.0201 1.0001
2500 pop2 0.999138 0.979547
2600 pop1 1.0201 1.0001
2600 pop2 0.999497 0.979899
2700 pop1 1.0201 1.0001
2700 pop2 0.999761 0.980157
2800 pop1 1.0201 1.0001
2800 pop2 0.999988 0.98038
2900 pop1 1.0201 1.0001
2900 pop2 1.0 0.980392
3000 pop1 1.0201 1.0001
3000 pop2 1.0 0.980392
3100 pop1 1.0201 1.0001
3100 pop2 1.0 0.980392
3200 pop1 1.0201 1.0001
3200 pop2 1.0 0.980392
3300 pop1 1.0201 1.0001
3300 pop2 1.0 0.980392
3400 pop1 1.0201 1.0001
3400 pop2 1.0 0.980392
3500 pop1 1.0201 1.0001
3500 pop2 1.0 0.980392
3600 pop1 1.0201 1.0001
3600 pop2 1.0 0.980392
3700 pop1 1.0201 1.0001
3700 pop2 1.0 0.980392
3800 pop1 1.0201 1.0001
3800 pop2 1.0 0.980392
3900 pop1 1.0201 1.0001
3900 pop2 1.0 0.980392
4000 pop1 1.0201 1.0001
4000 pop2 1.0 0.980392
4100 pop1 1.0201 1.0001
4100 pop2 1.0 0.980392
4200 pop1 1.0201 1.0001
4200 pop2 1.0 0.980392
4300 pop1 1.0201 1.0001
4300 pop2 1.0 0.980392
4400 pop1 1.0201 1.0001
4400 pop2 1.0 0.980392
4500 pop1 1.0201 1.0001
4500 pop2 1.0 0.980392
4600 pop1 1.0201 1.0001
4600 pop2 1.0 0.980392
4700 pop1 1.0201 1.0001
4700 pop2 1.0 0.980392
4800 pop1 1.0201 1.0001
4800 pop2 1.0 0.980392
4900 pop1 1.0201 1.0001
4900 pop2 1.0 0.980392
5000 pop1 1.0201 1.0001
5000 pop2 1.0 0.980392
