1 pop1 1.0 0.980392
1 pop2 1.0 0.980392
100 pop1 1.00058 0.980957
100 pop2 1.00162 0.981985
200 pop1 1.00235 0.982693
200 pop2 1.00013 0.980516
300 pop1 1.00281 0.983143
300 pop2 0.998867 0.979281
400 pop1 1.00261 0.982947
400 pop2 0.998217 0.978644
500 pop1 1.00283 0.983164
500 pop2 0.999229 0.979636
600 pop1 1.00292 0.983259
600 pop2 0.998899 0.979313
700 pop1 1.00106 0.98143
700 pop2 1.0005 0.980885
800 pop1 1.00046 0.980841
800 pop2 0.999984 0.980377
900 pop1 1.00124 0.981604
900 pop2 1.00105 0.981422
1000 pop1 1.00124 0.981603
1000 pop2 0.999954 0.980347
1100 pop1 1.00414 0.984452
1100 pop2 0.998169 0.978597
1200 pop1 1.00714 0.987395
1200 pop2 1.00261 0.98295
1300 pop1 1.00959 0.989797
1300 pop2 1.00185 0.982209
1400 pop1 1.01161 0.991772
1400 pop2 1.004 0.984313
1500 pop1 1.01125 0.991419
1500 pop2 1.00569 0.985973
1600 pop1 1.00926 0.989469
1600 pop2 1.00963 0.989837
1700 pop1 1.00906 0.989278
1700 pop2 1.0096 0.9898
1800 pop1 1.00782 0.988062
1800 pop2 1.01146 0.991623
1900 pop1 1.00842 0.988645
1900 pop2 1.01116 0.991338
2000 pop1 1.0077 0.987942
2000 pop2 1.01244 0.992591
2100 pop1 1.00712 0.987372
2100 pop2 1.013 0.993142
2200 pop1 1.00633 0.986594
2200 pop2 1.01303 0.993167
2300 pop1 1.00689 0.987143
2300 pop2 1.01378 0.993898
2400 pop1 1.00712 0.987375
2400 pop2 1.01226 0.992415
2500 pop1 1.0057 0.985983
2500 pop2 1.01391 0.99403
2600 pop1 1.00634 0.986604
2600 pop2 1.014 0.99412
2700 pop1 1.00699 0.987248
2700 pop2 1.01314 0.993278
2800 pop1 1.00709 0.987343
2800 pop2 1.01298 0.993114
2900 pop1 1.00783 0.988071
2900 pop2 1.01264 0.992781
3000 pop1 1.00704 0.987292
3000 pop2 1.01215 0.992305
3100 pop1 1.00644 0.986711
3100 pop2 1.01331 0.99344
3200 pop1 1.00652 0.986781
3200 pop2 1.01367 0.993795
3300 pop1 1.00538 0.98567
3300 pop2 1.0148 0.994904
3400 pop1 1.00699 0.987243
3400 pop2 1.01396 0.994078
3500 pop1 1.00745 0.987693
3500 pop2 1.01281 0.992949
3600 pop1 1.00878 0.988999
3600 pop2 1.01134 0.991513
3700 pop1 1.00998 0.990176
3700 pop2 1.01009 0.99028
3800 pop1 1.01095 0.991129
3800 pop2 1.00963 0.989838
3900 pop1 1.0109 0.991074
3900 pop2 1.00808 0.988313
4000 pop1 1.01258 0.992727
4000 pop2 1.00767 0.987913
4100 pop1 1.01174 0.991901
4100 pop2 1.00888 0.989093
4200 pop1 1.01118 0.991349
4200 pop2 1.00921 0.989425
4300 pop1 1.01077 0.990953
4300 pop2 1.00935 0.989561
4400 pop1 1.00933 0.989538
4400 pop2 1.01157 0.991732
4500 pop1 1.00907 0.989288
4500 pop2 1.01228 0.992434
4600 pop1 1.0071 0.987354
4600 pop2 1.01365 0.993775
4700 pop1 1.00646 0.986729
4700 pop2 1.01488 0.99498
4800 pop1 1.00697 0.987223
4800 pop2 1.01425 0.994368
4900 pop1 1.00645 0.986713
4900 pop2 1.01449 0.994597
5000 pop1 1.00802 0.98826
5000 pop2 1.01336 0.993487
