1 pop1 1.0 0.980392
1 pop2 1.0 0.980392
100 pop1 1.00399 0.984307
100 pop2 1.006 0.986275
200 pop1 1.00496 0.985258
200 pop2 1.00661 0.986873
300 pop1 1.00782 0.988055
300 pop2 1.00335 0.983679
400 pop1 1.00927 0.989485
400 pop2 1.00166 0.982024
500 pop1 1.00941 0.989617
500 pop2 1.00145 0.981817
600 pop1 1.00704 0.987294
600 pop2 1.00351 0.98383
700 pop1 1.00664 0.986901
700 pop2 1.0048 0.985093
800 pop1 1.00677 0.987029
800 pop2 1.00342 0.983745
900 pop1 1.00482 0.985114
900 pop2 1.00488 0.985176
1000 pop1 1.005 0.985295
1000 pop2 1.00649 0.986752
1100 pop1 1.00913 0.989343
1100 pop2 1.00485 0.985144
1200 pop1 1.00909 0.989304
1200 pop2 1.00911 0.989324
1300 pop1 1.00761 0.987848
1300 pop2 1.01211 0.992263
1400 pop1 1.0073 0.987552
1400 pop2 1.01333 0.993457
1500 pop1 1.00813 0.988366
1500 pop2 1.01448 0.994584
1600 pop1 1.01039 0.990581
1600 pop2 1.0147 0.9948
1700 pop1 1.01093 0.991107
1700 pop2 1.0126 0.992749
1800 pop1 1.01133 0.991504
1800 pop2 1.01245 0.992594
1900 pop1 1.01149 0.99166
1900 pop2 1.01228 0.992432
2000 pop1 1.01392 0.994037
2000 pop2 1.01254 0.992688
2100 pop1 1.01304 0.99318
2100 pop2 1.01232 0.992471
2200 pop1 1.01182 0.991979
2200 pop2 1.01423 0.994342
2300 pop1 1.01025 0.99044
2300 pop2 1.01465 0.994753
2400 pop1 1.00941 0.989619
2400 pop2 1.01404 0.994157
2500 pop1 1.0094 0.989608
2500 pop2 1.01545 0.995535
2600 pop1 1.00925 0.98946
2600 pop2 1.01494 0.995042
2700 pop1 1.00946 0.989671
2700 pop2 1.01434 0.994455
2800 pop1 1.01119 0.991365
2800 pop2 1.01306 0.993194
2900 pop1 1.01146 0.99163
2900 pop2 1.013 0.993133
3000 pop1 1.01227 0.992423
3000 pop2 1.01358 0.993701
3100 pop1 1.01286 0.992996
3100 pop2 1.01434 0.994448
3200 pop1 1.01264 0.992785
3200 pop2 1.01275 0.992892
3300 pop1 1.01181 0.991973
3300 pop2 1.01294 0.993076
3400 pop1 1.01161 0.991775
3400 pop2 1.01258 0.992721
3500 pop1 1.01134 0.991508
3500 pop2 1.01094 0.991118
3600 pop1 1.01188 0.992039
3600 pop2 1.011 0.991181
3700 pop1 1.01266 0.992807
3700 pop2 1.01172 0.991883
3800 pop1 1.0151 0.995198
3800 pop2 1.01109 0.99126
3900 pop1 1.0136 0.993723
3900 pop2 1.01097 0.991145
4000 pop1 1.0117 0.991861
4000 pop2 1.01325 0.993382
4100 pop1 1.00965 0.989852
4100 pop2 1.01366 0.993789
4200 pop1 1.01043 0.990617
4200 pop2 1.01381 0.993934
4300 pop1 1.01194 0.992097
4300 pop2 1.01274 0.992887
4400 pop1 1.01319 0.993326
4400 pop2 1.01012 0.990316
4500 pop1 1.01418 0.994293
4500 pop2 1.00912 0.98933
4600 pop1 1.015 0.995102
4600 pop2 1.00872 0.988941
4700 pop1 1.01614 0.996213
4700 pop2 1.01023 0.990423
4800 pop1 1.01568 0.995761
4800 pop2 1.00967 0.989875
4900 pop1 1.01461 0.994718
4900 pop2 1.01054 0.99073
5000 pop1 1.01456 0.994662
5000 pop2 1.0108 0.990976
