1 pop1 1.0 0.909091
1 pop2 1.0 0.909091
100 pop1 1.04343 0.948569
100 pop2 1.02833 0.934847
200 pop1 1.02908 0.935532
200 pop2 1.03298 0.939072
300 pop1 1.039 0.944545
300 pop2 1.03196 0.938144
400 pop1 1.03283 0.938939
400 pop2 1.03701 0.942736
500 pop1 1.03347 0.939514
500 pop2 1.03647 0.942246
600 pop1 1.0278 0.934361
600 pop2 1.0384 0.944001
700 pop1 1.03835 0.943952
700 pop2 1.02633 0.933023
800 pop1 1.0293 0.935728
800 pop2 1.03407 0.940065
900 pop1 1.03488 0.940804
900 pop2 1.03722 0.942931
1000 pop1 1.03566 0.941513
1000 pop2 1.03269 0.93881
1100 pop1 1.0629 0.966274
1100 pop2 1.05403 0.958213
1200 pop1 1.05723 0.961114
1200 pop2 1.06009 0.963716
1300 pop1 1.05489 0.958991
1300 pop2 1.06795 0.970864
1400 pop1 1.0546 0.95873
1400 pop2 1.06587 0.968971
1500 pop1 1.05896 0.962688
1500 pop2 1.06584 0.968947
1600 pop1 1.0575 0.961363
1600 pop2 1.063 0.966367
1700 pop1 1.06096 0.964505
1700 pop2 1.06163 0.965114
1800 pop1 1.06173 0.965205
1800 pop2 1.06433 0.96757
1900 pop1 1.06253 0.965933
1900 pop2 1.05678 0.960706
2000 pop1 1.05918 0.96289
2000 pop2 1.06131 0.964823
2100 pop1 1.0569 0.960819
2100 pop2 1.06487 0.968066
2200 pop1 1.05518 0.959257
2200 pop2 1.06307 0.966428
2300 pop1 1.05663 0.960575
2300 pop2 1.06285 0.966227
2400 pop1 1.05554 0.959584
2400 pop2 1.06411 0.967374
2500 pop1 1.05974 0.963404
2500 pop2 1.06464 0.967854
2600 pop1 1.05693 0.960845
2600 pop2 1.06263 0.966031
2700 pop1 1.06236 0.965784
2700 pop2 1.06065 0.964226
2800 pop1 1.06181 0.965281
2800 pop2 1.06306 0.966418
2900 pop1 1.06277 0.966153
2900 pop2 1.06293 0.966296
3000 pop1 1.0601 0.96373
3000 pop2 1.0612 0.964729
3100 pop1 1.0616 0.965095
3100 pop2 1.05876 0.962511
3200 pop1 1.06342 0.966741
3200 pop2 1.05945 0.96314
3300 pop1 1.05547 0.959515
3300 pop2 1.06619 0.969262
3400 pop1 1.05757 0.961429
3400 pop2 1.06281 0.966188
3500 pop1 1.06459 0.967807
3500 pop2 1.05862 0.962377
3600 pop1 1.06717 0.970151
3600 pop2 1.05953 0.963211
3700 pop1 1.06602 0.969107
3700 pop2 1.05658 0.960528
3800 pop1 1.06564 0.96876
3800 pop2 1.05911 0.962826
3900 pop1 1.06601 0.969102
3900 pop2 1.05688 0.960804
4000 pop1 1.06919 0.971992
4000 pop2 1.05771 0.961558
4100 pop1 1.06382 0.967111
4100 pop2 1.05852 0.962291
4200 pop1 1.06101 0.964557
4200 pop2 1.0649 0.968094
4300 pop1 1.05996 0.963596
4300 pop2 1.06414 0.967404
4400 pop1 1.05892 0.962659
4400 pop2 1.06477 0.967971
4500 pop1 1.05532 0.959385
4500 pop2 1.06441 0.967643
4600 pop1 1.05547 0.95952
4600 pop2 1.06587 0.968973
4700 pop1 1.06129 0.964809
4700 pop2 1.06147 0.964973
4800 pop1 1.05794 0.961765
4800 pop2 1.06456 0.967784
4900 pop1 1.06053 0.964121
4900 pop2 1.06028 0.96389
5000 pop1 1.05334 0.957579
5000 pop2 1.06942 0.972197
