1 pop1 1.0 0.833333
1 pop2 1.0 0.833333
100 pop1 1.07162 0.893015
100 pop2 1.05993 0.883275
200 pop1 1.06926 0.89105
200 pop2 1.06943 0.891195
300 pop1 1.06953 0.891275
300 pop2 1.07707 0.897558
400 pop1 1.07225 0.89354
400 pop2 1.07022 0.89185
500 pop1 1.06985 0.891539
500 pop2 1.06885 0.890708
600 pop1 1.07731 0.897761
600 pop2 1.07585 0.896545
700 pop1 1.0693 0.891083
700 pop2 1.07073 0.892273
800 pop1 1.08042 0.900346
800 pop2 1.0639 0.886581
900 pop1 1.07741 0.897838
900 pop2 1.06864 0.890536
1000 pop1 1.0668 0.889003
1000 pop2 1.08051 0.900426
1100 pop1 1.108 0.923332
1100 pop2 1.12895 0.940792
1200 pop1 1.11397 0.928309
1200 pop2 1.12609 0.93841
1300 pop1 1.10788 0.923235
1300 pop2 1.13205 0.943379
1400 pop1 1.1186 0.93217
1400 pop2 1.12048 0.93373
1500 pop1 1.11015 0.925123
1500 pop2 1.1348 0.945669
1600 pop1 1.11541 0.929504
1600 pop2 1.12388 0.936566
1700 pop1 1.11538 0.929483
1700 pop2 1.12725 0.939374
1800 pop1 1.12504 0.937535
1800 pop2 1.1175 0.93125
1900 pop1 1.11788 0.931567
1900 pop2 1.12349 0.936245
2000 pop1 1.11176 0.926469
2000 pop2 1.12728 0.939398
2100 pop1 1.12776 0.939799
2100 pop2 1.1158 0.929832
2200 pop1 1.12566 0.938048
2200 pop2 1.118 0.931668
2300 pop1 1.13006 0.941717
2300 pop2 1.11829 0.931911
2400 pop1 1.12778 0.939817
2400 pop2 1.11867 0.932223
2500 pop1 1.12799 0.939992
2500 pop2 1.11574 0.92978
2600 pop1 1.13607 0.946721
2600 pop2 1.11159 0.926323
2700 pop1 1.13098 0.942486
2700 pop2 1.11173 0.926443
2800 pop1 1.12743 0.939527
2800 pop2 1.11795 0.931628
2900 pop1 1.13089 0.942409
2900 pop2 1.11235 0.926962
3000 pop1 1.13672 0.947271
3000 pop2 1.10864 0.923866
3100 pop1 1.11532 0.929431
3100 pop2 1.1211 0.934253
3200 pop1 1.12226 0.93522
3200 pop2 1.12115 0.934292
3300 pop1 1.13244 0.943696
3300 pop2 1.11258 0.927152
3400 pop1 1.12172 0.934769
3400 pop2 1.1272 0.939337
3500 pop1 1.12851 0.940429
3500 pop2 1.12243 0.935356
3600 pop1 1.12072 0.933931
3600 pop2 1.12849 0.940408
3700 pop1 1.12679 0.938994
3700 pop2 1.11613 0.93011
3800 pop1 1.12685 0.939041
3800 pop2 1.12291 0.935756
3900 pop1 1.12147 0.934562
3900 pop2 1.12152 0.934598
4000 pop1 1.11776 0.931464
4000 pop2 1.12126 0.934386
4100 pop1 1.12885 0.940711
4100 pop2 1.11316 0.92763
4200 pop1 1.12642 0.938683
4200 pop2 1.12053 0.933777
4300 pop1 1.12092 0.9341
4300 pop2 1.12116 0.934301
4400 pop1 1.12963 0.941358
4400 pop2 1.1159 0.92992
4500 pop1 1.12492 0.937437
4500 pop2 1.12105 0.934205
4600 pop1 1.12276 0.93563
4600 pop2 1.12031 0.933595
4700 pop1 1.11494 0.929116
4700 pop2 1.12705 0.93921
4800 pop1 1.12637 0.938641
4800 pop2 1.11516 0.929297
4900 pop1 1.13352 0.944603
4900 pop2 1.11107 0.925891
5000 pop1 1.13252 0.943765
5000 pop2 1.11594 0.929952
