1 pop1 1.0 0.980392
1 pop2 1.0 0.980392
100 pop1 1.0032 0.983532
100 pop2 0.999661 0.980059
200 pop1 1.00313 0.983458
200 pop2 0.998756 0.979172
300 pop1 1.00148 0.981845
300 pop2 1.00018 0.98057
400 pop1 1.0014 0.981762
400 pop2 1.00097 0.981341
500 pop1 1.00291 0.983244
500 pop2 0.999575 0.979975
600 pop1 1.00226 0.982605
600 pop2 0.999662 0.980061
700 pop1 1.00385 0.984163
700 pop2 0.998618 0.979038
800 pop1 1.00332 0.98365
800 pop2 0.99916 0.979568
900 pop1 1.00188 0.982235
900 pop2 0.999574 0.979975
1000 pop1 1.00283 0.983162
1000 pop2 0.999927 0.980321
1100 pop1 1.00668 0.986937
1100 pop2 1.00091 0.981284
1200 pop1 1.0075 0.987747
1200 pop2 1.00505 0.985343
1300 pop1 1.01026 0.990448
1300 pop2 1.00569 0.985973
1400 pop1 1.00928 0.989486
1400 pop2 1.0083 0.988529
1500 pop1 1.01067 0.990849
1500 pop2 1.00838 0.988603
1600 pop1 1.01039 0.990583
1600 pop2 1.00782 0.988055
1700 pop1 1.0093 0.989512
1700 pop2 1.01049 0.990678
1800 pop1 1.00807 0.988307
1800 pop2 1.01079 0.99097
1900 pop1 1.00658 0.986842
1900 pop2 1.01297 0.993104
2000 pop1 1.00781 0.988052
2000 pop2 1.01265 0.992795
2100 pop1 1.00629 0.986555
2100 pop2 1.01408 0.994193
2200 pop1 1.00622 0.986488
2200 pop2 1.01391 0.994033
2300 pop1 1.00665 0.986914
2300 pop2 1.0137 0.993824
2400 pop1 1.00603 0.986303
2400 pop2 1.01502 0.995114
2500 pop1 1.00689 0.987145
2500 pop2 1.01306 0.993198
2600 pop1 1.00694 0.987198
2600 pop2 1.01345 0.993577
2700 pop1 1.00642 0.986691
2700 pop2 1.01475 0.99485
2800 pop1 1.0053 0.985584
2800 pop2 1.0154 0.99549
2900 pop1 1.00453 0.984831
2900 pop2 1.01605 0.996131
3000 pop1 1.00435 0.98466
3000 pop2 1.01591 0.995994
3100 pop1 1.00511 0.985399
3100 pop2 1.01627 0.996348
3200 pop1 1.00505 0.985347
3200 pop2 1.01574 0.995822
3300 pop1 1.00388 0.984192
3300 pop2 1.01684 0.996903
3400 pop1 1.00336 0.983682
3400 pop2 1.01731 0.997365
3500 pop1 1.00185 0.982211
3500 pop2 1.01767 0.997717
3600 pop1 1.00311 0.98344
3600 pop2 1.01744 0.997492
3700 pop1 1.00187 0.982227
3700 pop2 1.01797 0.998009
3800 pop1 1.00218 0.982531
3800 pop2 1.01844 0.998475
3900 pop1 1.00283 0.983164
3900 pop2 1.01743 0.997484
4000 pop1 1.00269 0.983025
4000 pop2 1.01757 0.997614
4100 pop1 1.00343 0.983757
4100 pop2 1.01676 0.996825
4200 pop1 1.0037 0.984018
4200 pop2 1.01687 0.996935
4300 pop1 1.0025 0.98284
4300 pop2 1.01773 0.997776
4400 pop1 1.00227 0.982614
4400 pop2 1.0184 0.998431
4500 pop1 1.00265 0.982986
4500 pop2 1.01693 0.996995
4600 pop1 1.00351 0.983832
4600 pop2 1.01661 0.996679
4700 pop1 1.00334 0.983662
4700 pop2 1.01693 0.996986
4800 pop1 1.00397 0.984283
4800 pop2 1.01689 0.996951
4900 pop1 1.00386 0.98418
4900 pop2 1.01734 0.997393
5000 pop1 1.00411 0.984417
5000 pop2 1.01646 0.996528
