1 pop1 1.0 0.833333
1 pop2 1.0 0.833333
100 pop1 1.07207 0.893389
100 pop2 1.06235 0.885294
200 pop1 1.05756 0.881297
200 pop2 1.08597 0.904973
300 pop1 1.07467 0.895558
300 pop2 1.06563 0.888029
400 pop1 1.06609 0.888406
400 pop2 1.07634 0.896949
500 pop1 1.06694 0.889114
500 pop2 1.06714 0.889282
600 pop1 1.06096 0.884133
600 pop2 1.07435 0.895291
700 pop1 1.08614 0.905114
700 pop2 1.06031 0.883588
800 pop1 1.07116 0.892637
800 pop2 1.07322 0.894351
900 pop1 1.07704 0.897531
900 pop2 1.06404 0.886701
1000 pop1 1.07772 0.898102
1000 pop2 1.05512 0.879269
1100 pop1 1.10687 0.922394
1100 pop2 1.12611 0.938426
1200 pop1 1.09577 0.913138
1200 pop2 1.13466 0.945547
1300 pop1 1.09923 0.916021
1300 pop2 1.13782 0.948186
1400 pop1 1.09794 0.914948
1400 pop2 1.13826 0.948549
1500 pop1 1.10717 0.92264
1500 pop2 1.12986 0.94155
1600 pop1 1.11549 0.929572
1600 pop2 1.13119 0.942661
1700 pop1 1.11893 0.932445
1700 pop2 1.12288 0.93573
1800 pop1 1.11901 0.932505
1800 pop2 1.12662 0.938853
1900 pop1 1.12242 0.93535
1900 pop2 1.11838 0.931983
2000 pop1 1.12568 0.93807
2000 pop2 1.11647 0.930389
2100 pop1 1.13056 0.942131
2100 pop2 1.11934 0.932786
2200 pop1 1.13146 0.942884
2200 pop2 1.11407 0.928393
2300 pop1 1.13181 0.943175
2300 pop2 1.11554 0.929615
2400 pop1 1.13064 0.942198
2400 pop2 1.11371 0.92809
2500 pop1 1.12143 0.934527
2500 pop2 1.12253 0.935444
2600 pop1 1.13002 0.941686
2600 pop2 1.11017 0.92514
2700 pop1 1.12771 0.939755
2700 pop2 1.11226 0.926881
2800 pop1 1.13102 0.94252
2800 pop2 1.1153 0.929413
2900 pop1 1.12817 0.940144
2900 pop2 1.11624 0.930199
3000 pop1 1.12854 0.940449
3000 pop2 1.11928 0.932733
3100 pop1 1.12763 0.939689
3100 pop2 1.11662 0.93052
3200 pop1 1.11608 0.930066
3200 pop2 1.12604 0.938367
3300 pop1 1.12659 0.938822
3300 pop2 1.11815 0.931789
3400 pop1 1.12502 0.937513
3400 pop2 1.12002 0.933346
3500 pop1 1.13528 0.946068
3500 pop2 1.1147 0.928919
3600 pop1 1.12773 0.939773
3600 pop2 1.12067 0.93389
3700 pop1 1.12876 0.940629
3700 pop2 1.1231 0.935916
3800 pop1 1.12628 0.938566
3800 pop2 1.11348 0.9279
3900 pop1 1.1208 0.933997
3900 pop2 1.12329 0.936076
4000 pop1 1.12059 0.933822
4000 pop2 1.11973 0.933112
4100 pop1 1.12054 0.933785
4100 pop2 1.12271 0.935594
4200 pop1 1.13429 0.945243
4200 pop2 1.11055 0.925462
4300 pop1 1.12035 0.933621
4300 pop2 1.1281 0.940085
4400 pop1 1.11721 0.931012
4400 pop2 1.12004 0.933369
4500 pop1 1.12016 0.933466
4500 pop2 1.11586 0.929885
4600 pop1 1.12107 0.934221
4600 pop2 1.1234 0.93617
4700 pop1 1.11268 0.927229
4700 pop2 1.13355 0.944625
4800 pop1 1.1249 0.937415
4800 pop2 1.11335 0.927793
4900 pop1 1.13144 0.942865
4900 pop2 1.11566 0.929715
5000 pop1 1.12605 0.938378
5000 pop2 1.11563 0.929688
