1 pop1 1.0 0.833333
1 pop2 1.0 0.833333
100 pop1 1.0758 0.8965
100 pop2 1.07392 0.894932
200 pop1 1.0771 0.897584
200 pop2 1.06607 0.888394
300 pop1 1.07223 0.893521
300 pop2 1.07331 0.894422
400 pop1 1.06361 0.88634
400 pop2 1.08416 0.903469
500 pop1 1.06874 0.890618
500 pop2 1.07413 0.895109
600 pop1 1.06752 0.889603
600 pop2 1.06777 0.889805
700 pop1 1.0703 0.891916
700 pop2 1.07673 0.897275
800 pop1 1.07572 0.896432
800 pop2 1.05654 0.880448
900 pop1 1.07788 0.89823
900 pop2 1.07142 0.892852
1000 pop1 1.06736 0.889468
1000 pop2 1.07515 0.895961
1100 pop1 1.11867 0.932227
1100 pop2 1.1114 0.926165
1200 pop1 1.10238 0.918648
1200 pop2 1.12254 0.935448
1300 pop1 1.10368 0.919733
1300 pop2 1.1266 0.938833
1400 pop1 1.10059 0.917156
1400 pop2 1.13044 0.942033
1500 pop1 1.1065 0.922086
1500 pop2 1.12969 0.941408
1600 pop1 1.11896 0.932464
1600 pop2 1.12209 0.935074
1700 pop1 1.12248 0.935403
1700 pop2 1.11642 0.930351
1800 pop1 1.12591 0.938254
1800 pop2 1.11859 0.932162
1900 pop1 1.12235 0.935292
1900 pop2 1.12623 0.938522
2000 pop1 1.12871 0.940594
2000 pop2 1.11763 0.93136
2100 pop1 1.1344 0.945336
2100 pop2 1.11131 0.92609
2200 pop1 1.12117 0.93431
2200 pop2 1.12403 0.936691
2300 pop1 1.1266 0.93883
2300 pop2 1.11365 0.928041
2400 pop1 1.13221 0.943505
2400 pop2 1.11212 0.926769
2500 pop1 1.13076 0.942297
2500 pop2 1.11595 0.929962
2600 pop1 1.12226 0.935217
2600 pop2 1.12305 0.935876
2700 pop1 1.11665 0.930539
2700 pop2 1.12847 0.940391
2800 pop1 1.12069 0.933911
2800 pop2 1.11876 0.932299
2900 pop1 1.12211 0.935088
2900 pop2 1.12057 0.93381
3000 pop1 1.12412 0.936765
3000 pop2 1.11949 0.932912
3100 pop1 1.12224 0.935197
3100 pop2 1.11945 0.932875
3200 pop1 1.1219 0.934913
3200 pop2 1.12432 0.936936
3300 pop1 1.13206 0.943385
3300 pop2 1.10495 0.920793
3400 pop1 1.11826 0.931882
3400 pop2 1.12998 0.941652
3500 pop1 1.12446 0.937052
3500 pop2 1.11693 0.930779
3600 pop1 1.12124 0.934367
3600 pop2 1.11313 0.927608
3700 pop1 1.1335 0.944586
3700 pop2 1.11056 0.925468
3800 pop1 1.11815 0.931791
3800 pop2 1.12255 0.935457
3900 pop1 1.1252 0.93767
3900 pop2 1.11907 0.932559
4000 pop1 1.12937 0.941144
4000 pop2 1.11441 0.928676
4100 pop1 1.12978 0.94148
4100 pop2 1.11282 0.927346
4200 pop1 1.12025 0.933543
4200 pop2 1.12024 0.933533
4300 pop1 1.12683 0.939021
4300 pop2 1.11658 0.930483
4400 pop1 1.12483 0.937356
4400 pop2 1.1213 0.934418
4500 pop1 1.12495 0.937457
4500 pop2 1.11452 0.928769
4600 pop1 1.1248 0.93733
4600 pop2 1.11744 0.931202
4700 pop1 1.12642 0.938682
4700 pop2 1.11732 0.931099
4800 pop1 1.12718 0.939318
4800 pop2 1.11836 0.931968
4900 pop1 1.12988 0.941566
4900 pop2 1.11473 0.928944
5000 pop1 1.12532 0.937767
5000 pop2 1.12018 0.933481
