1 pop1 1.0 0.909091
1 pop2 1.0 0.909091
100 pop1 1.04173 0.947024
100 pop2 1.03406 0.940057
200 pop1 1.04297 0.948155
200 pop2 1.0333 0.939366
300 pop1 1.03575 0.941593
300 pop2 1.04512 0.950109
400 pop1 1.04325 0.948413
400 pop2 1.03438 0.940346
500 pop1 1.04251 0.947738
500 pop2 1.04216 0.947418
600 pop1 1.03155 0.937769
600 pop2 1.05007 0.954605
700 pop1 1.03934 0.944857
700 pop2 1.04266 0.947873
800 pop1 1.04442 0.949476
800 pop2 1.03825 0.943863
900 pop1 1.04661 0.951466
900 pop2 1.03046 0.936786
1000 pop1 1.04292 0.94811
1000 pop2 1.03996 0.945414
1100 pop1 1.08402 0.985476
1100 pop2 0.977203 0.888366
1200 pop1 1.09605 0.996409
1200 pop2 0.982552 0.893229
1300 pop1 1.10142 1.00129
1300 pop2 0.993646 0.903315
1400 pop1 1.10254 1.00231
1400 pop2 0.997966 0.907242
1500 pop1 1.10251 1.00228
1500 pop2 0.999842 0.908947
1600 pop1 1.1025 1.00227
1600 pop2 1.0 0.909091
1700 pop1 1.1025 1.00227
1700 pop2 1.0 0.909091
1800 pop1 1.1025 1.00227
1800 pop2 1.0 0.909091
1900 pop1 1.1025 1.00227
1900 pop2 1.0 0.909091
2000 pop1 1.1025 1.00227
2000 pop2 1.0 0.909091
2100 pop1 1.1025 1.00227
2100 pop2 1.0 0.909091
2200 pop1 1.1025 1.00227
2200 pop2 1.0 0.909091
2300 pop1 1.1025 1.00227
2300 pop2 1.0 0.909091
2400 pop1 1.1025 1.00227
2400 pop2 1.0 0.909091
2500 pop1 1.1025 1.00227
2500 pop2 1.0 0.909091
2600 pop1 1.1025 1.00227
2600 pop2 1.0 0.909091
2700 pop1 1.1025 1.00227
2700 pop2 1.0 0.909091
2800 pop1 1.1025 1.00227
2800 pop2 1.0 0.909091
2900 pop1 1.1025 1.00227
2900 pop2 1.0 0.909091
3000 pop1 1.1025 1.00227
3000 pop2 1.0 0.909091
3100 pop1 1.1025 1.00227
3100 pop2 1.0 0.909091
3200 pop1 1.1025 1.00227
3200 pop2 1.0 0.909091
3300 pop1 1.1025 1.00227
3300 pop2 1.0 0.909091
3400 pop1 1.1025 1.00227
3400 pop2 1.0 0.909091
3500 pop1 1.1025 1.00227
3500 pop2 1.0 0.909091
3600 pop1 1.1025 1.00227
3600 pop2 1.0 0.909091
3700 pop1 1.1025 1.00227
3700 pop2 1.0 0.909091
3800 pop1 1.1025 1.00227
3800 pop2 1.0 0.909091
3900 pop1 1.1025 1.00227
3900 pop2 1.0 0.909091
4000 pop1 1.1025 1.00227
4000 pop2 1.0 0.909091
4100 pop1 1.1025 1.00227
4100 pop2 1.0 0.909091
4200 pop1 1.1025 1.00227
4200 pop2 1.0 0.909091
4300 pop1 1.1025 1.00227
4300 pop2 1.0 0.909091
4400 pop1 1.1025 1.00227
4400 pop2 1.0 0.909091
4500 pop1 1.1025 1.00227
4500 pop2 1.0 0.909091
4600 pop1 1.1025 1.00227
4600 pop2 1.0 0.909091
4700 pop1 1.1025 1.00227
4700 pop2 1.0 0.909091
4800 pop1 1.1025 1.00227
4800 pop2 1.0 0.909091
4900 pop1 1.1025 1.00227
4900 pop2 1.0 0.909091
5000 pop1 1.1025 1.00227
5000 pop2 1.0 0.909091
