1 pop1 1.0 0.980392
1 pop2 1.0 0.980392
100 pop1 1.00237 0.982711
100 pop2 0.999595 0.979995
200 pop1 1.00041 0.980798
200 pop2 1.00063 0.981008
300 pop1 1.00376 0.984078
300 pop2 0.998678 0.979096
400 pop1 1.00207 0.982423
400 pop2 0.999012 0.979424
500 pop1 0.998445 0.978867
500 pop2 1.00265 0.982987
600 pop1 1.00106 0.981431
600 pop2 1.00105 0.981418
700 pop1 1.00174 0.982097
700 pop2 0.999346 0.979751
800 pop1 1.00287 0.983209
800 pop2 0.998132 0.97856
900 pop1 1.00245 0.982791
900 pop2 0.999657 0.980056
1000 pop1 0.996858 0.977312
1000 pop2 1.00502 0.985315
1100 pop1 1.00506 0.985349
1100 pop2 0.996933 0.977385
1200 pop1 1.01182 0.991979
1200 pop2 0.996895 0.977348
1300 pop1 1.01683 0.996894
1300 pop2 0.996313 0.976777
1400 pop1 1.017 0.997057
1400 pop2 0.997077 0.977526
1500 pop1 1.0184 0.998428
1500 pop2 0.998548 0.978969
1600 pop1 1.01997 0.999967
1600 pop2 0.998755 0.979172
1700 pop1 1.01986 0.999863
1700 pop2 0.999533 0.979934
1800 pop1 1.0201 1.0001
1800 pop2 0.999677 0.980075
1900 pop1 1.0201 1.0001
1900 pop2 1.0 0.980392
2000 pop1 1.0201 1.0001
2000 pop2 1.0 0.980392
2100 pop1 1.0201 1.0001
2100 pop2 1.0 0.980392
2200 pop1 1.0201 1.0001
2200 pop2 1.0 0.980392
2300 pop1 1.0201 1.0001
2300 pop2 1.0 0.980392
2400 pop1 1.0201 1.0001
2400 pop2 1.0 0.980392
2500 pop1 1.0201 1.0001
2500 pop2 1.0 0.980392
2600 pop1 1.0201 1.0001
2600 pop2 1.0 0.980392
2700 pop1 1.0201 1.0001
2700 pop2 1.0 0.980392
2800 pop1 1.0201 1.0001
2800 pop2 1.0 0.980392
2900 pop1 1.0201 1.0001
2900 pop2 1.0 0.980392
3000 pop1 1.0201 1.0001
3000 pop2 1.0 0.980392
3100 pop1 1.0201 1.0001
3100 pop2 1.0 0.980392
3200 pop1 1.0201 1.0001
3200 pop2 1.0 0.980392
3300 pop1 1.0201 1.0001
3300 pop2 1.0 0.980392
3400 pop1 1.0201 1.0001
3400 pop2 1.0 0.980392
3500 pop1 1.0201 1.0001
3500 pop2 1.0 0.980392
3600 pop1 1.0201 1.0001
3600 pop2 1.0 0.980392
3700 pop1 1.0201 1.0001
3700 pop2 1.0 0.980392
3800 pop1 1.0201 1.0001
3800 pop2 1.0 0.980392
3900 pop1 1.0201 1.0001
3900 pop2 1.0 0.980392
4000 pop1 1.0201 1.0001
4000 pop2 1.0 0.980392
4100 pop1 1.0201 1.0001
4100 pop2 1.0 0.980392
4200 pop1 1.0201 1.0001
4200 pop2 1.0 0.980392
4300 pop1 1.0201 1.0001
4300 pop2 1.0 0.980392
4400 pop1 1.0201 1.0001
4400 pop2 1.0 0.980392
4500 pop1 1.0201 1.0001
4500 pop2 1.0 0.980392
4600 pop1 1.0201 1.0001
4600 pop2 1.0 0.980392
4700 pop1 1.0201 1.0001
4700 pop2 1.0 0.980392
4800 pop1 1.0201 1.0001
4800 pop2 1.0 0.980392
4900 pop1 1.0201 1.0001
4900 pop2 1.0 0.980392
5000 pop1 1.0201 1.0001
5000 pop2 1.0 0.980392
