1 pop1 1.0 0.833333
1 pop2 1.0 0.833333
100 pop1 1.19045 0.992044
100 pop2 1.19309 0.994241
200 pop1 1.18967 0.991394
200 pop2 1.18942 0.991185
300 pop1 1.19161 0.993006
300 pop2 1.19352 0.994598
400 pop1 1.19079 0.992324
400 pop2 1.19709 0.997573
500 pop1 1.1938 0.994833
500 pop2 1.19135 0.992794
600 pop1 1.18451 0.987093
600 pop2 1.19282 0.994019
700 pop1 1.18787 0.989892
700 pop2 1.19413 0.995108
800 pop1 1.193 0.99417
800 pop2 1.19113 0.99261
900 pop1 1.19033 0.991938
900 pop2 1.18568 0.988066
1000 pop1 1.18831 0.990262
1000 pop2 1.19123 0.992688
1100 pop1 1.1905 0.992087
1100 pop2 1.19265 0.993877
1200 pop1 1.18859 0.990488
1200 pop2 1.19278 0.993982
1300 pop1 1.18918 0.990985
1300 pop2 1.19474 0.99562
1400 pop1 1.19206 0.993382
1400 pop2 1.19123 0.992689
1500 pop1 1.18852 0.99043
1500 pop2 1.18887 0.990721
1600 pop1 1.1908 0.992336
1600 pop2 1.19065 0.99221
1700 pop1 1.1894 0.991163
1700 pop2 1.18903 0.990862
1800 pop1 1.19318 0.994318
1800 pop2 1.18861 0.990507
1900 pop1 1.18784 0.989867
1900 pop2 1.19148 0.992903
2000 pop1 1.19064 0.992197
2000 pop2 1.19273 0.99394
2100 pop1 1.19282 0.99402
2100 pop2 1.18835 0.99029
2200 pop1 1.19349 0.994577
2200 pop2 1.19159 0.992994
2300 pop1 1.19124 0.992697
2300 pop2 1.19005 0.991706
2400 pop1 1.18859 0.990492
2400 pop2 1.1917 0.993082
2500 pop1 1.18982 0.991519
2500 pop2 1.19011 0.991756
2600 pop1 1.19131 0.99276
2600 pop2 1.18803 0.990024
2700 pop1 1.19229 0.993575
2700 pop2 1.19271 0.993926
2800 pop1 1.19246 0.993714
2800 pop2 1.19315 0.994291
2900 pop1 1.19356 0.994637
2900 pop2 1.18898 0.990816
3000 pop1 1.18546 0.98788
3000 pop2 1.19031 0.991926
3100 pop1 1.18979 0.991488
3100 pop2 1.19599 0.996656
3200 pop1 1.18856 0.990463
3200 pop2 1.18928 0.991063
3300 pop1 1.19188 0.993236
3300 pop2 1.19001 0.991678
3400 pop1 1.18816 0.990134
3400 pop2 1.18781 0.989839
3500 pop1 1.193 0.994167
3500 pop2 1.19134 0.992781
3600 pop1 1.18985 0.991544
3600 pop2 1.19172 0.993104
3700 pop1 1.18893 0.990779
3700 pop2 1.19164 0.993032
3800 pop1 1.18757 0.989645
3800 pop2 1.19106 0.992552
3900 pop1 1.18973 0.99144
3900 pop2 1.19241 0.993677
4000 pop1 1.19524 0.996037
4000 pop2 1.19313 0.994277
4100 pop1 1.19393 0.994938
4100 pop2 1.19083 0.992355
4200 pop1 1.19013 0.991773
4200 pop2 1.18868 0.990563
4300 pop1 1.19311 0.994257
4300 pop2 1.1887 0.990583
4400 pop1 1.18921 0.99101
4400 pop2 1.19117 0.992642
4500 pop1 1.19148 0.992903
4500 pop2 1.18956 0.991296
4600 pop1 1.19036 0.99197
4600 pop2 1.1942 0.995164
4700 pop1 1.18865 0.990542
4700 pop2 1.19612 0.996764
4800 pop1 1.19226 0.993547
4800 pop2 1.19185 0.993204
4900 pop1 1.18685 0.989039
4900 pop2 1.19152 0.992934
5000 pop1 1.18992 0.991597
5000 pop2 1.1933 0.994415
