1 pop1 1.0 0.909091
1 pop2 1.0 0.909091
100 pop1 1.08535 0.98668
100 pop2 1.08266 0.98424
200 pop1 1.07832 0.980289
200 pop2 1.08205 0.983679
300 pop1 1.08154 0.983214
300 pop2 1.08446 0.985871
400 pop1 1.08318 0.984711
400 pop2 1.08447 0.98588
500 pop1 1.08345 0.984959
500 pop2 1.08316 0.984695
600 pop1 1.0832 0.984729
600 pop2 1.0842 0.985633
700 pop1 1.08124 0.982942
700 pop2 1.08255 0.984136
800 pop1 1.07892 0.980839
800 pop2 1.08241 0.984009
900 pop1 1.08178 0.983435
900 pop2 1.07996 0.981786
1000 pop1 1.08204 0.98367
1000 pop2 1.08236 0.98396
1100 pop1 1.08909 0.990083
1100 pop2 1.06882 0.971655
1200 pop1 1.08571 0.987008
1200 pop2 1.08112 0.982839
1300 pop1 1.08871 0.989736
1300 pop2 1.08351 0.985007
1400 pop1 1.08781 0.988916
1400 pop2 1.08288 0.984439
1500 pop1 1.08798 0.989073
1500 pop2 1.08322 0.984749
1600 pop1 1.08672 0.987932
1600 pop2 1.0833 0.984817
1700 pop1 1.08761 0.988735
1700 pop2 1.08488 0.986257
1800 pop1 1.08332 0.984838
1800 pop2 1.08682 0.988016
1900 pop1 1.08416 0.985603
1900 pop2 1.08254 0.984129
2000 pop1 1.08524 0.986586
2000 pop2 1.08677 0.987973
2100 pop1 1.08014 0.981947
2100 pop2 1.08312 0.984659
2200 pop1 1.08391 0.985373
2200 pop2 1.08771 0.988826
2300 pop1 1.08839 0.989447
2300 pop2 1.08713 0.988298
2400 pop1 1.08746 0.988603
2400 pop2 1.08304 0.984583
2500 pop1 1.08549 0.986806
2500 pop2 1.08541 0.986739
2600 pop1 1.08674 0.987946
2600 pop2 1.08584 0.987128
2700 pop1 1.0861 0.987362
2700 pop2 1.08621 0.987459
2800 pop1 1.08335 0.984866
2800 pop2 1.08464 0.986033
2900 pop1 1.08577 0.987061
2900 pop2 1.08801 0.989103
3000 pop1 1.08458 0.985984
3000 pop2 1.08583 0.987121
3100 pop1 1.08366 0.985142
3100 pop2 1.08699 0.988168
3200 pop1 1.08659 0.987807
3200 pop2 1.0828 0.984364
3300 pop1 1.08354 0.985032
3300 pop2 1.08689 0.988082
3400 pop1 1.08682 0.988022
3400 pop2 1.08428 0.985707
3500 pop1 1.08424 0.985674
3500 pop2 1.08813 0.989205
3600 pop1 1.0899 0.990814
3600 pop2 1.07966 0.981507
3700 pop1 1.08666 0.987874
3700 pop2 1.08733 0.98848
3800 pop1 1.08815 0.989223
3800 pop2 1.08565 0.986957
3900 pop1 1.08541 0.986737
3900 pop2 1.08282 0.984383
4000 pop1 1.0847 0.986095
4000 pop2 1.0866 0.987821
4100 pop1 1.08484 0.986219
4100 pop2 1.08603 0.987296
4200 pop1 1.08922 0.990204
4200 pop2 1.08716 0.988326
4300 pop1 1.08691 0.988098
4300 pop2 1.08268 0.984254
4400 pop1 1.08581 0.987103
4400 pop2 1.08061 0.982372
4500 pop1 1.08562 0.986923
4500 pop2 1.08598 0.987257
4600 pop1 1.09002 0.990928
4600 pop2 1.08198 0.983618
4700 pop1 1.0867 0.98791
4700 pop2 1.08154 0.983222
4800 pop1 1.0839 0.985363
4800 pop2 1.08774 0.988855
4900 pop1 1.08424 0.985673
4900 pop2 1.08836 0.989416
5000 pop1 1.08689 0.988078
5000 pop2 1.08277 0.98434
