1 pop1 1.0 0.909091
1 pop2 1.0 0.909091
100 pop1 1.08089 0.982624
100 pop2 1.08221 0.983832
200 pop1 1.08358 0.985073
200 pop2 1.08151 0.983192
300 pop1 1.08638 0.98762
300 pop2 1.08216 0.983785
400 pop1 1.0804 0.982183
400 pop2 1.07935 0.981231
500 pop1 1.08315 0.984682
500 pop2 1.089 0.989998
600 pop1 1.08401 0.98546
600 pop2 1.0826 0.984185
700 pop1 1.08015 0.981953
700 pop2 1.0853 0.986634
800 pop1 1.08176 0.983417
800 pop2 1.08072 0.98247
900 pop1 1.08207 0.983701
900 pop2 1.08506 0.986422
1000 pop1 1.0855 0.986815
1000 pop2 1.07925 0.981135
1100 pop1 1.09099 0.991811
1100 pop2 1.06467 0.967884
1200 pop1 1.08331 0.984831
1200 pop2 1.08279 0.984355
1300 pop1 1.08514 0.986489
1300 pop2 1.08751 0.988643
1400 pop1 1.08593 0.987206
1400 pop2 1.08989 0.990812
1500 pop1 1.08517 0.986514
1500 pop2 1.08571 0.987009
1600 pop1 1.08217 0.983789
1600 pop2 1.08225 0.983861
1700 pop1 1.08449 0.985899
1700 pop2 1.08489 0.986259
1800 pop1 1.08493 0.986303
1800 pop2 1.08523 0.986577
1900 pop1 1.08191 0.983559
1900 pop2 1.086 0.987274
2000 pop1 1.08519 0.986535
2000 pop2 1.08157 0.983249
2100 pop1 1.08796 0.989057
2100 pop2 1.08396 0.985416
2200 pop1 1.0839 0.985359
2200 pop2 1.08674 0.987945
2300 pop1 1.08237 0.983971
2300 pop2 1.08418 0.985618
2400 pop1 1.0846 0.985998
2400 pop2 1.08538 0.986709
2500 pop1 1.08607 0.987339
2500 pop2 1.08816 0.989234
2600 pop1 1.08427 0.985698
2600 pop2 1.08711 0.988281
2700 pop1 1.08126 0.982961
2700 pop2 1.08583 0.987116
2800 pop1 1.08772 0.988836
2800 pop2 1.08315 0.98468
2900 pop1 1.08922 0.990203
2900 pop2 1.08575 0.987043
3000 pop1 1.08316 0.984691
3000 pop2 1.08571 0.98701
3100 pop1 1.08645 0.987678
3100 pop2 1.08692 0.988108
3200 pop1 1.08706 0.988236
3200 pop2 1.08717 0.988336
3300 pop1 1.0815 0.98318
3300 pop2 1.08606 0.987328
3400 pop1 1.08452 0.985926
3400 pop2 1.08381 0.985284
3500 pop1 1.08653 0.987751
3500 pop2 1.08741 0.988553
3600 pop1 1.08444 0.985851
3600 pop2 1.0815 0.983186
3700 pop1 1.08922 0.990199
3700 pop2 1.08309 0.984628
3800 pop1 1.08442 0.985833
3800 pop2 1.08467 0.986062
3900 pop1 1.08507 0.986431
3900 pop2 1.08715 0.988322
4000 pop1 1.08636 0.987604
4000 pop2 1.08709 0.988261
4100 pop1 1.08771 0.988828
4100 pop2 1.0838 0.985275
4200 pop1 1.08761 0.988736
4200 pop2 1.08451 0.98592
4300 pop1 1.08277 0.984334
4300 pop2 1.08482 0.986202
4400 pop1 1.08355 0.985046
4400 pop2 1.08621 0.987465
4500 pop1 1.08715 0.988314
4500 pop2 1.08399 0.985446
4600 pop1 1.08419 0.985624
4600 pop2 1.08536 0.986695
4700 pop1 1.08565 0.98695
4700 pop2 1.08548 0.986801
4800 pop1 1.08668 0.987891
4800 pop2 1.08257 0.984151
4900 pop1 1.08226 0.983871
4900 pop2 1.08156 0.983233
5000 pop1 1.08052 0.982294
5000 pop2 1.08872 0.989743
