1 pop1 1.0 0.980392
1 pop2 1.0 0.980392
100 pop1 1.0028 0.983136
100 pop2 1.00027 0.980653
200 pop1 1.00585 0.986124
200 pop2 0.996669 0.977127
300 pop1 1.00365 0.983966
300 pop2 0.998133 0.978562
400 pop1 1.00482 0.985119
400 pop2 0.997132 0.97758
500 pop1 1.00553 0.985811
500 pop2 0.996393 0.976856
600 pop1 1.00413 0.984445
600 pop2 0.998018 0.978449
700 pop1 1.00486 0.985153
700 pop2 0.997237 0.977684
800 pop1 1.00269 0.983031
800 pop2 0.998508 0.97893
900 pop1 1.00514 0.985432
900 pop2 0.996973 0.977424
1000 pop1 1.00355 0.983872
1000 pop2 0.997785 0.97822
1100 pop1 1.00712 0.987374
1100 pop2 1.00669 0.986952
1200 pop1 1.00818 0.988409
1200 pop2 1.00787 0.988111
1300 pop1 1.00777 0.988011
1300 pop2 1.00959 0.989791
1400 pop1 1.00632 0.986587
1400 pop2 1.01244 0.992585
1500 pop1 1.00586 0.986137
1500 pop2 1.01329 0.993422
1600 pop1 1.00596 0.986235
1600 pop2 1.01434 0.994454
1700 pop1 1.0055 0.985785
1700 pop2 1.01486 0.994959
1800 pop1 1.00569 0.985967
1800 pop2 1.01485 0.994948
1900 pop1 1.00531 0.985603
1900 pop2 1.01516 0.995253
2000 pop1 1.00518 0.985472
2000 pop2 1.01562 0.995711
2100 pop1 1.00539 0.985677
2100 pop2 1.01497 0.99507
2200 pop1 1.00757 0.987814
2200 pop2 1.01333 0.993459
2300 pop1 1.0074 0.987651
2300 pop2 1.01389 0.994013
2400 pop1 1.00528 0.985567
2400 pop2 1.01542 0.995514
2500 pop1 1.00554 0.985825
2500 pop2 1.01547 0.995557
2600 pop1 1.00614 0.986408
2600 pop2 1.0146 0.994704
2700 pop1 1.00648 0.986741
2700 pop2 1.01412 0.994233
2800 pop1 1.00686 0.987113
2800 pop2 1.01404 0.994154
2900 pop1 1.00762 0.987861
2900 pop2 1.01269 0.992837
3000 pop1 1.01041 0.9906
3000 pop2 1.01105 0.99123
3100 pop1 1.01074 0.990925
3100 pop2 1.00995 0.990146
3200 pop1 1.01063 0.990814
3200 pop2 1.01067 0.990856
3300 pop1 1.01287 0.993012
3300 pop2 1.00799 0.988223
3400 pop1 1.01304 0.993175
3400 pop2 1.00779 0.988031
3500 pop1 1.01413 0.99425
3500 pop2 1.00724 0.987491
3600 pop1 1.01183 0.991986
3600 pop2 1.0088 0.989016
3700 pop1 1.01069 0.990873
3700 pop2 1.01 0.990194
3800 pop1 1.01041 0.9906
3800 pop2 1.01023 0.990426
3900 pop1 1.01057 0.990754
3900 pop2 1.0105 0.99069
4000 pop1 1.012 0.992161
4000 pop2 1.00993 0.990123
4100 pop1 1.01326 0.993397
4100 pop2 1.00761 0.987853
4200 pop1 1.01099 0.99117
4200 pop2 1.01027 0.990465
4300 pop1 1.01068 0.990865
4300 pop2 1.01022 0.990414
4400 pop1 1.01271 0.992854
4400 pop2 1.00962 0.989819
4500 pop1 1.01151 0.991673
4500 pop2 1.009 0.989216
4600 pop1 1.01159 0.991756
4600 pop2 1.00952 0.989729
4700 pop1 1.01126 0.991431
4700 pop2 1.00964 0.989847
4800 pop1 1.01156 0.991725
4800 pop2 1.00963 0.989835
4900 pop1 1.01081 0.990987
4900 pop2 1.00962 0.989827
5000 pop1 1.01217 0.992319
5000 pop2 1.0085 0.988728
