1 pop1 1.0 0.833333
1 pop2 1.0 0.833333
100 pop1 1.12717 0.939312
100 pop2 1.1245 0.937084
200 pop1 1.13898 0.949153
200 pop2 1.11588 0.9299
300 pop1 1.12566 0.938046
300 pop2 1.12498 0.937483
400 pop1 1.12394 0.936615
400 pop2 1.13095 0.942461
500 pop1 1.13412 0.945103
500 pop2 1.12554 0.937954
600 pop1 1.12363 0.936356
600 pop2 1.12628 0.938569
700 pop1 1.1319 0.943251
700 pop2 1.12748 0.939569
800 pop1 1.12553 0.937942
800 pop2 1.13485 0.945712
900 pop1 1.13785 0.948212
900 pop2 1.13104 0.942537
1000 pop1 1.12905 0.940875
1000 pop2 1.12371 0.936429
1100 pop1 1.19006 0.991713
1100 pop2 0.948299 0.79025
1200 pop1 1.19583 0.996529
1200 pop2 0.982002 0.818335
1300 pop1 1.20837 1.00697
1300 pop2 0.998986 0.832488
1400 pop1 1.21003 1.00836
1400 pop2 0.999961 0.833301
1500 pop1 1.21 1.00833
1500 pop2 1.0 0.833333
1600 pop1 1.21 1.00833
1600 pop2 1.0 0.833333
1700 pop1 1.21 1.00833
1700 pop2 1.0 0.833333
1800 pop1 1.21 1.00833
1800 pop2 1.0 0.833333
1900 pop1 1.21 1.00833
1900 pop2 1.0 0.833333
2000 pop1 1.21 1.00833
2000 pop2 1.0 0.833333
2100 pop1 1.21 1.00833
2100 pop2 1.0 0.833333
2200 pop1 1.21 1.00833
2200 pop2 1.0 0.833333
2300 pop1 1.21 1.00833
2300 pop2 1.0 0.833333
2400 pop1 1.21 1.00833
2400 pop2 1.0 0.833333
2500 pop1 1.21 1.00833
2500 pop2 1.0 0.833333
2600 pop1 1.21 1.00833
2600 pop2 1.0 0.833333
2700 pop1 1.21 1.00833
2700 pop2 1.0 0.833333
2800 pop1 1.21 1.00833
2800 pop2 1.0 0.833333
2900 pop1 1.21 1.00833
2900 pop2 1.0 0.833333
3000 pop1 1.21 1.00833
3000 pop2 1.0 0.833333
3100 pop1 1.21 1.00833
3100 pop2 1.0 0.833333
3200 pop1 1.21 1.00833
3200 pop2 1.0 0.833333
3300 pop1 1.21 1.00833
3300 pop2 1.0 0.833333
3400 pop1 1.21 1.00833
3400 pop2 1.0 0.833333
3500 pop1 1.21 1.00833
3500 pop2 1.0 0.833333
3600 pop1 1.21 1.00833
3600 pop2 1.0 0.833333
3700 pop1 1.21 1.00833
3700 pop2 1.0 0.833333
3800 pop1 1.21 1.00833
3800 pop2 1.0 0.833333
3900 pop1 1.21 1.00833
3900 pop2 1.0 0.833333
4000 pop1 1.21 1.00833
4000 pop2 1.0 0.833333
4100 pop1 1.21 1.00833
4100 pop2 1.0 0.833333
4200 pop1 1.21 1.00833
4200 pop2 1.0 0.833333
4300 pop1 1.21 1.00833
4300 pop2 1.0 0.833333
4400 pop1 1.21 1.00833
4400 pop2 1.0 0.833333
4500 pop1 1.21 1.00833
4500 pop2 1.0 0.833333
4600 pop1 1.21 1.00833
4600 pop2 1.0 0.833333
4700 pop1 1.21 1.00833
4700 pop2 1.0 0.833333
4800 pop1 1.21 1.00833
4800 pop2 1.0 0.833333
4900 pop1 1.21 1.00833
4900 pop2 1.0 0.833333
5000 pop1 1.21 1.00833
5000 pop2 1.0 0.833333
