1 pop1 1.0 0.980392
1 pop2 1.0 0.980392
100 pop1 1.00577 0.986046
100 pop2 1.00912 0.98933
200 pop1 1.00574 0.986024
200 pop2 1.00924 0.989448
300 pop1 1.00836 0.988585
300 pop2 1.01096 0.991133
400 pop1 1.00717 0.987421
400 pop2 1.00841 0.988636
500 pop1 1.00605 0.986328
500 pop2 1.00928 0.989495
600 pop1 1.00601 0.986282
600 pop2 1.01158 0.991744
700 pop1 1.0068 0.987059
700 pop2 1.0088 0.989017
800 pop1 1.00719 0.987436
800 pop2 1.00791 0.988143
900 pop1 1.00865 0.988876
900 pop2 1.00854 0.988765
1000 pop1 1.00863 0.988856
1000 pop2 1.00914 0.989353
1100 pop1 1.01249 0.992636
1100 pop2 0.99917 0.979579
1200 pop1 1.01451 0.994622
1200 pop2 0.999382 0.979786
1300 pop1 1.01621 0.996285
1300 pop2 0.999581 0.979981
1400 pop1 1.01841 0.998441
1400 pop2 0.999118 0.979528
1500 pop1 1.01903 0.999049
1500 pop2 0.999378 0.979782
1600 pop1 1.02002 1.00002
1600 pop2 0.999868 0.980263
1700 pop1 1.0201 1.0001
1700 pop2 0.999661 0.98006
1800 pop1 1.0201 1.0001
1800 pop2 0.999346 0.979751
1900 pop1 1.0201 1.0001
1900 pop2 0.999796 0.980193
2000 pop1 1.0201 1.0001
2000 pop2 0.999952 0.980345
2100 pop1 1.0201 1.0001
2100 pop2 1.0 0.980392
2200 pop1 1.0201 1.0001
2200 pop2 1.0 0.980392
2300 pop1 1.0201 1.0001
2300 pop2 1.0 0.980392
2400 pop1 1.0201 1.0001
2400 pop2 1.0 0.980392
2500 pop1 1.0201 1.0001
2500 pop2 1.0 0.980392
2600 pop1 1.0201 1.0001
2600 pop2 1.0 0.980392
2700 pop1 1.0201 1.0001
2700 pop2 1.0 0.980392
2800 pop1 1.0201 1.0001
2800 pop2 1.0 0.980392
2900 pop1 1.0201 1.0001
2900 pop2 1.0 0.980392
3000 pop1 1.0201 1.0001
3000 pop2 1.0 0.980392
3100 pop1 1.0201 1.0001
3100 pop2 1.0 0.980392
3200 pop1 1.0201 1.0001
3200 pop2 1.0 0.980392
3300 pop1 1.0201 1.0001
3300 pop2 1.0 0.980392
3400 pop1 1.0201 1.0001
3400 pop2 1.0 0.980392
3500 pop1 1.0201 1.0001
3500 pop2 1.0 0.980392
3600 pop1 1.0201 1.0001
3600 pop2 1.0 0.980392
3700 pop1 1.0201 1.0001
3700 pop2 1.0 0.980392
3800 pop1 1.0201 1.0001
3800 pop2 1.0 0.980392
3900 pop1 1.0201 1.0001
3900 pop2 1.0 0.980392
4000 pop1 1.0201 1.0001
4000 pop2 1.0 0.980392
4100 pop1 1.0201 1.0001
4100 pop2 1.0 0.980392
4200 pop1 1.0201 1.0001
4200 pop2 1.0 0.980392
4300 pop1 1.0201 1.0001
4300 pop2 1.0 0.980392
4400 pop1 1.0201 1.0001
4400 pop2 1.0 0.980392
4500 pop1 1.0201 1.0001
4500 pop2 1.0 0.980392
4600 pop1 1.0201 1.0001
4600 pop2 1.0 0.980392
4700 pop1 1.0201 1.0001
4700 pop2 1.0 0.980392
4800 pop1 1.0201 1.0001
4800 pop2 1.0 0.980392
4900 pop1 1.0201 1.0001
4900 pop2 1.0 0.980392
5000 pop1 1.0201 1.0001
5000 pop2 1.0 0.980392
