1 pop1 1.0 0.980392
1 pop2 1.0 0.980392
100 pop1 1.00303 0.983364
100 pop2 0.999422 0.979826
200 pop1 1.00091 0.981287
200 pop2 0.999695 0.980093
300 pop1 1.0012 0.981567
300 pop2 0.99982 0.980216
400 pop1 1.00614 0.986414
400 pop2 0.995559 0.976038
500 pop1 1.00879 0.989013
500 pop2 0.991924 0.972474
600 pop1 1.00729 0.987538
600 pop2 0.994474 0.974974
700 pop1 1.00665 0.98691
700 pop2 0.994204 0.974709
800 pop1 1.00984 0.990039
800 pop2 0.9912 0.971765
900 pop1 1.00644 0.986709
900 pop2 0.994727 0.975223
1000 pop1 1.00776 0.987996
1000 pop2 0.994761 0.975256
1100 pop1 1.01129 0.991465
1100 pop2 0.995185 0.975672
1200 pop1 1.01419 0.994301
1200 pop2 0.995413 0.975895
1300 pop1 1.01842 0.998454
1300 pop2 0.994086 0.974594
1400 pop1 1.01836 0.998396
1400 pop2 0.9954 0.975882
1500 pop1 1.01924 0.999254
1500 pop2 0.996463 0.976925
1600 pop1 1.02011 1.0001
1600 pop2 0.997472 0.977914
1700 pop1 1.0201 1.0001
1700 pop2 0.998432 0.978855
1800 pop1 1.0201 1.0001
1800 pop2 0.998903 0.979317
1900 pop1 1.0201 1.0001
1900 pop2 0.998931 0.979344
2000 pop1 1.0201 1.0001
2000 pop2 0.999094 0.979504
2100 pop1 1.0201 1.0001
2100 pop2 0.999238 0.979645
2200 pop1 1.0201 1.0001
2200 pop2 0.999852 0.980247
2300 pop1 1.0201 1.0001
2300 pop2 0.999864 0.980259
2400 pop1 1.0201 1.0001
2400 pop2 0.999868 0.980263
2500 pop1 1.0201 1.0001
2500 pop2 1.0 0.980392
2600 pop1 1.0201 1.0001
2600 pop2 1.0 0.980392
2700 pop1 1.0201 1.0001
2700 pop2 1.0 0.980392
2800 pop1 1.0201 1.0001
2800 pop2 1.0 0.980392
2900 pop1 1.0201 1.0001
2900 pop2 1.0 0.980392
3000 pop1 1.0201 1.0001
3000 pop2 1.0 0.980392
3100 pop1 1.0201 1.0001
3100 pop2 1.0 0.980392
3200 pop1 1.0201 1.0001
3200 pop2 1.0 0.980392
3300 pop1 1.0201 1.0001
3300 pop2 1.0 0.980392
3400 pop1 1.0201 1.0001
3400 pop2 1.0 0.980392
3500 pop1 1.0201 1.0001
3500 pop2 1.0 0.980392
3600 pop1 1.0201 1.0001
3600 pop2 1.0 0.980392
3700 pop1 1.0201 1.0001
3700 pop2 1.0 0.980392
3800 pop1 1.0201 1.0001
3800 pop2 1.0 0.980392
3900 pop1 1.0201 1.0001
3900 pop2 1.0 0.980392
4000 pop1 1.0201 1.0001
4000 pop2 1.0 0.980392
4100 pop1 1.0201 1.0001
4100 pop2 1.0 0.980392
4200 pop1 1.0201 1.0001
4200 pop2 1.0 0.980392
4300 pop1 1.0201 1.0001
4300 pop2 1.0 0.980392
4400 pop1 1.0201 1.0001
4400 pop2 1.0 0.980392
4500 pop1 1.0201 1.0001
4500 pop2 1.0 0.980392
4600 pop1 1.0201 1.0001
4600 pop2 1.0 0.980392
4700 pop1 1.0201 1.0001
4700 pop2 1.0 0.980392
4800 pop1 1.0201 1.0001
4800 pop2 1.0 0.980392
4900 pop1 1.0201 1.0001
4900 pop2 1.0 0.980392
5000 pop1 1.0201 1.0001
5000 pop2 1.0 0.980392
