1 pop1 1.0 0.909091
1 pop2 1.0 0.909091
100 pop1 1.02177 0.928884
100 pop2 1.01433 0.922121
200 pop1 1.01213 0.920122
200 pop2 1.019 0.926362
300 pop1 1.01611 0.923739
300 pop2 1.01349 0.921352
400 pop1 1.02428 0.931163
400 pop2 1.00967 0.917882
500 pop1 1.02311 0.930103
500 pop2 1.0038 0.912542
600 pop1 1.01366 0.92151
600 pop2 1.01892 0.926293
700 pop1 1.01012 0.918288
700 pop2 1.01818 0.925615
800 pop1 1.02338 0.930342
800 pop2 1.00851 0.916831
900 pop1 1.02443 0.931299
900 pop2 1.00924 0.91749
1000 pop1 1.0081 0.916451
1000 pop2 1.0193 0.926641
1100 pop1 1.04798 0.952706
1100 pop2 1.05234 0.956668
1200 pop1 1.04167 0.946969
1200 pop2 1.06486 0.968056
1300 pop1 1.04465 0.949681
1300 pop2 1.06302 0.966386
1400 pop1 1.0453 0.950268
1400 pop2 1.05835 0.962135
1500 pop1 1.03755 0.943223
1500 pop2 1.06846 0.971327
1600 pop1 1.03773 0.943389
1600 pop2 1.07167 0.974248
1700 pop1 1.04066 0.946058
1700 pop2 1.07154 0.974124
1800 pop1 1.05278 0.957073
1800 pop2 1.05834 0.962125
1900 pop1 1.05459 0.958718
1900 pop2 1.05822 0.962022
2000 pop1 1.05158 0.955981
2000 pop2 1.05735 0.961225
2100 pop1 1.06161 0.965103
2100 pop2 1.04851 0.953194
2200 pop1 1.05347 0.957701
2200 pop2 1.05566 0.959688
2300 pop1 1.05915 0.962867
2300 pop2 1.05252 0.956839
2400 pop1 1.06143 0.964939
2400 pop2 1.05107 0.955517
2500 pop1 1.06027 0.96388
2500 pop2 1.0518 0.956184
2600 pop1 1.06634 0.969401
2600 pop2 1.04391 0.949012
2700 pop1 1.06219 0.96563
2700 pop2 1.05067 0.955153
2800 pop1 1.05919 0.962896
2800 pop2 1.05143 0.955844
2900 pop1 1.05571 0.959737
2900 pop2 1.05326 0.957509
3000 pop1 1.06093 0.964485
3000 pop2 1.05007 0.954607
3100 pop1 1.05728 0.961162
3100 pop2 1.05193 0.956296
3200 pop1 1.06212 0.965563
3200 pop2 1.04929 0.953898
3300 pop1 1.06672 0.969749
3300 pop2 1.04446 0.949506
3400 pop1 1.06208 0.965528
3400 pop2 1.04572 0.95065
3500 pop1 1.06081 0.96437
3500 pop2 1.04771 0.952461
3600 pop1 1.05006 0.954599
3600 pop2 1.06019 0.963811
3700 pop1 1.05813 0.961939
3700 pop2 1.05468 0.958803
3800 pop1 1.05831 0.962097
3800 pop2 1.05156 0.955965
3900 pop1 1.0603 0.963906
3900 pop2 1.04842 0.953105
4000 pop1 1.06733 0.970297
4000 pop2 1.04437 0.949423
4100 pop1 1.06717 0.970152
4100 pop2 1.04613 0.951023
4200 pop1 1.05888 0.962622
4200 pop2 1.05219 0.956532
4300 pop1 1.05948 0.963161
4300 pop2 1.04479 0.949814
4400 pop1 1.05593 0.959935
4400 pop2 1.05385 0.958049
4500 pop1 1.0541 0.958268
4500 pop2 1.05722 0.961112
4600 pop1 1.06162 0.965108
4600 pop2 1.04818 0.952891
4700 pop1 1.05681 0.960741
4700 pop2 1.05347 0.957703
4800 pop1 1.05926 0.962963
4800 pop2 1.05116 0.955602
4900 pop1 1.05763 0.961482
4900 pop2 1.05141 0.955825
5000 pop1 1.0591 0.962816
5000 pop2 1.05184 0.956215
