1 pop1 1.0 0.980392
1 pop2 1.0 0.980392
100 pop1 1.00416 0.984474
100 pop2 1.00005 0.980436
200 pop1 0.999233 0.97964
200 pop2 1.00518 0.985468
300 pop1 0.998554 0.978975
300 pop2 1.00452 0.984826
400 pop1 0.996464 0.976925
400 pop2 1.00627 0.986537
500 pop1 0.996175 0.976642
500 pop2 1.0062 0.986467
600 pop1 0.996908 0.97736
600 pop2 1.00505 0.985341
700 pop1 1.00058 0.980964
700 pop2 1.00341 0.983731
800 pop1 1.00059 0.98097
800 pop2 1.00351 0.983835
900 pop1 0.998487 0.978909
900 pop2 1.00456 0.984865
1000 pop1 0.999786 0.980182
1000 pop2 1.00421 0.98452
1100 pop1 1.00943 0.989636
1100 pop2 0.996502 0.976963
1200 pop1 1.01552 0.995604
1200 pop2 0.99681 0.977265
1300 pop1 1.01856 0.998589
1300 pop2 0.997544 0.977984
1400 pop1 1.0191 0.999115
1400 pop2 0.998237 0.978663
1500 pop1 1.01994 0.999937
1500 pop2 0.998384 0.978808
1600 pop1 1.01985 0.999857
1600 pop2 0.999003 0.979414
1700 pop1 1.01978 0.999785
1700 pop2 0.998719 0.979137
1800 pop1 1.0201 1.0001
1800 pop2 0.999134 0.979543
1900 pop1 1.0201 1.0001
1900 pop2 0.999816 0.980212
2000 pop1 1.0201 1.0001
2000 pop2 1.0 0.980392
2100 pop1 1.0201 1.0001
2100 pop2 1.0 0.980392
2200 pop1 1.0201 1.0001
2200 pop2 1.0 0.980392
2300 pop1 1.0201 1.0001
2300 pop2 1.0 0.980392
2400 pop1 1.0201 1.0001
2400 pop2 1.0 0.980392
2500 pop1 1.0201 1.0001
2500 pop2 1.0 0.980392
2600 pop1 1.0201 1.0001
2600 pop2 1.0 0.980392
2700 pop1 1.0201 1.0001
2700 pop2 1.0 0.980392
2800 pop1 1.0201 1.0001
2800 pop2 1.0 0.980392
2900 pop1 1.0201 1.0001
2900 pop2 1.0 0.980392
3000 pop1 1.0201 1.0001
3000 pop2 1.0 0.980392
3100 pop1 1.0201 1.0001
3100 pop2 1.0 0.980392
3200 pop1 1.0201 1.0001
3200 pop2 1.0 0.980392
3300 pop1 1.0201 1.0001
3300 pop2 1.0 0.980392
3400 pop1 1.0201 1.0001
3400 pop2 1.0 0.980392
3500 pop1 1.0201 1.0001
3500 pop2 1.0 0.980392
3600 pop1 1.0201 1.0001
3600 pop2 1.0 0.980392
3700 pop1 1.0201 1.0001
3700 pop2 1.0 0.980392
3800 pop1 1.0201 1.0001
3800 pop2 1.0 0.980392
3900 pop1 1.0201 1.0001
3900 pop2 1.0 0.980392
4000 pop1 1.0201 1.0001
4000 pop2 1.0 0.980392
4100 pop1 1.0201 1.0001
4100 pop2 1.0 0.980392
4200 pop1 1.0201 1.0001
4200 pop2 1.0 0.980392
4300 pop1 1.0201 1.0001
4300 pop2 1.0 0.980392
4400 pop1 1.0201 1.0001
4400 pop2 1.0 0.980392
4500 pop1 1.0201 1.0001
4500 pop2 1.0 0.980392
4600 pop1 1.0201 1.0001
4600 pop2 1.0 0.980392
4700 pop1 1.0201 1.0001
4700 pop2 1.0 0.980392
4800 pop1 1.0201 1.0001
4800 pop2 1.0 0.980392
4900 pop1 1.0201 1.0001
4900 pop2 1.0 0.980392
5000 pop1 1.0201 1.0001
5000 pop2 1.0 0.980392
