1 pop1 1.0 0.909091
1 pop2 1.0 0.909091
100 pop1 1.08317 0.984704
100 pop2 1.08443 0.985848
200 pop1 1.08238 0.98398
200 pop2 1.0841 0.985545
300 pop1 1.08505 0.986405
300 pop2 1.08615 0.987411
400 pop1 1.08595 0.987231
400 pop2 1.0799 0.981724
500 pop1 1.08492 0.986292
500 pop2 1.08224 0.983857
600 pop1 1.08641 0.987642
600 pop2 1.08476 0.986148
700 pop1 1.08109 0.982811
700 pop2 1.08385 0.985316
800 pop1 1.08633 0.987572
800 pop2 1.0847 0.986094
900 pop1 1.08392 0.98538
900 pop2 1.08268 0.984253
1000 pop1 1.08712 0.988287
1000 pop2 1.08418 0.985614
1100 pop1 1.0915 0.99227
1100 pop2 0.999249 0.908409
1200 pop1 1.09734 0.997578
1200 pop2 0.999348 0.908498
1300 pop1 1.10024 1.00022
1300 pop2 0.99919 0.908355
1400 pop1 1.10135 1.00123
1400 pop2 0.998775 0.907978
1500 pop1 1.10151 1.00138
1500 pop2 0.999783 0.908893
1600 pop1 1.1025 1.00227
1600 pop2 1.0 0.909091
1700 pop1 1.10246 1.00223
1700 pop2 1.0 0.909091
1800 pop1 1.10229 1.00208
1800 pop2 1.0 0.909091
1900 pop1 1.1025 1.00227
1900 pop2 1.0 0.909091
2000 pop1 1.1025 1.00227
2000 pop2 1.0 0.909091
2100 pop1 1.1025 1.00227
2100 pop2 1.0 0.909091
2200 pop1 1.1025 1.00227
2200 pop2 1.0 0.909091
2300 pop1 1.1025 1.00227
2300 pop2 1.0 0.909091
2400 pop1 1.1025 1.00227
2400 pop2 1.0 0.909091
2500 pop1 1.1025 1.00227
2500 pop2 1.0 0.909091
2600 pop1 1.1025 1.00227
2600 pop2 1.0 0.909091
2700 pop1 1.1025 1.00227
2700 pop2 1.0 0.909091
2800 pop1 1.1025 1.00227
2800 pop2 1.0 0.909091
2900 pop1 1.1025 1.00227
2900 pop2 1.0 0.909091
3000 pop1 1.1025 1.00227
3000 pop2 1.0 0.909091
3100 pop1 1.1025 1.00227
3100 pop2 1.0 0.909091
3200 pop1 1.1025 1.00227
3200 pop2 1.0 0.909091
3300 pop1 1.1025 1.00227
3300 pop2 1.0 0.909091
3400 pop1 1.1025 1.00227
3400 pop2 1.0 0.909091
3500 pop1 1.1025 1.00227
3500 pop2 1.0 0.909091
3600 pop1 1.1025 1.00227
3600 pop2 1.0 0.909091
3700 pop1 1.1025 1.00227
3700 pop2 1.0 0.909091
3800 pop1 1.1025 1.00227
3800 pop2 1.0 0.909091
3900 pop1 1.1025 1.00227
3900 pop2 1.0 0.909091
4000 pop1 1.1025 1.00227
4000 pop2 1.0 0.909091
4100 pop1 1.1025 1.00227
4100 pop2 1.0 0.909091
4200 pop1 1.1025 1.00227
4200 pop2 1.0 0.909091
4300 pop1 1.1025 1.00227
4300 pop2 1.0 0.909091
4400 pop1 1.1025 1.00227
4400 pop2 1.0 0.909091
4500 pop1 1.1025 1.00227
4500 pop2 1.0 0.909091
4600 pop1 1.1025 1.00227
4600 pop2 1.0 0.909091
4700 pop1 1.1025 1.00227
4700 pop2 1.0 0.909091
4800 pop1 1.1025 1.00227
4800 pop2 1.0 0.909091
4900 pop1 1.1025 1.00227
4900 pop2 1.0 0.909091
5000 pop1 1.1025 1.00227
5000 pop2 1.0 0.909091
