1 pop1 1.0 0.909091
1 pop2 1.0 0.909091
100 pop1 1.03661 0.942376
100 pop2 1.03074 0.937033
200 pop1 1.03522 0.941111
200 pop2 1.03623 0.942026
300 pop1 1.03393 0.939938
300 pop2 1.03927 0.944794
400 pop1 1.02783 0.934392
400 pop2 1.03605 0.941861
500 pop1 1.03766 0.943328
500 pop2 1.02708 0.933707
600 pop1 1.02786 0.934423
600 pop2 1.03616 0.941966
700 pop1 1.03959 0.945078
700 pop2 1.03586 0.941691
800 pop1 1.02877 0.935249
800 pop2 1.03923 0.944758
900 pop1 1.02778 0.934346
900 pop2 1.03434 0.940305
1000 pop1 1.03426 0.940237
1000 pop2 1.04011 0.945555
1100 pop1 1.06937 0.972152
1100 pop2 1.03989 0.945358
1200 pop1 1.06258 0.965985
1200 pop2 1.06136 0.964871
1300 pop1 1.05877 0.962518
1300 pop2 1.06337 0.9667
1400 pop1 1.06218 0.965614
1400 pop2 1.05999 0.963628
1500 pop1 1.06544 0.968585
1500 pop2 1.05911 0.962828
1600 pop1 1.06095 0.964504
1600 pop2 1.06058 0.964164
1700 pop1 1.06281 0.966189
1700 pop2 1.05857 0.96234
1800 pop1 1.06471 0.967919
1800 pop2 1.05716 0.961055
1900 pop1 1.05897 0.962696
1900 pop2 1.06445 0.967685
2000 pop1 1.05879 0.962532
2000 pop2 1.06399 0.96726
2100 pop1 1.05702 0.960931
2100 pop2 1.06346 0.966783
2200 pop1 1.05561 0.959645
2200 pop2 1.06262 0.966015
2300 pop1 1.0599 0.963546
2300 pop2 1.0658 0.968912
2400 pop1 1.06504 0.968218
2400 pop2 1.0605 0.964091
2500 pop1 1.06081 0.964369
2500 pop2 1.06368 0.966979
2600 pop1 1.06416 0.967418
2600 pop2 1.05748 0.961348
2700 pop1 1.06326 0.966597
2700 pop2 1.05748 0.961348
2800 pop1 1.06367 0.966972
2800 pop2 1.06352 0.966838
2900 pop1 1.06695 0.969951
2900 pop2 1.05587 0.959885
3000 pop1 1.0663 0.969361
3000 pop2 1.05991 0.963553
3100 pop1 1.06211 0.965558
3100 pop2 1.06151 0.965007
3200 pop1 1.06104 0.964581
3200 pop2 1.06396 0.967239
3300 pop1 1.05695 0.960861
3300 pop2 1.06471 0.967916
3400 pop1 1.05524 0.959306
3400 pop2 1.06605 0.969133
3500 pop1 1.05756 0.961419
3500 pop2 1.06214 0.965579
3600 pop1 1.05931 0.963009
3600 pop2 1.06251 0.965914
3700 pop1 1.06007 0.963698
3700 pop2 1.06204 0.965488
3800 pop1 1.06214 0.965578
3800 pop2 1.06164 0.965124
3900 pop1 1.05967 0.963334
3900 pop2 1.06156 0.965054
4000 pop1 1.06544 0.968579
4000 pop2 1.05585 0.959863
4100 pop1 1.06048 0.964075
4100 pop2 1.06263 0.966028
4200 pop1 1.0589 0.962637
4200 pop2 1.06378 0.967072
4300 pop1 1.06387 0.967153
4300 pop2 1.05689 0.960812
4400 pop1 1.06352 0.96684
4400 pop2 1.05726 0.961149
4500 pop1 1.05794 0.961762
4500 pop2 1.06364 0.96695
4600 pop1 1.05816 0.961964
4600 pop2 1.06523 0.968388
4700 pop1 1.06222 0.965651
4700 pop2 1.05881 0.96255
4800 pop1 1.05927 0.962972
4800 pop2 1.06401 0.96728
4900 pop1 1.06072 0.964292
4900 pop2 1.06478 0.967978
5000 pop1 1.06301 0.966377
5000 pop2 1.06583 0.968933
