1 pop1 1.0 0.833333
1 pop2 1.0 0.833333
100 pop1 1.11961 0.933008
100 pop2 1.12695 0.939122
200 pop1 1.12302 0.935846
200 pop2 1.12807 0.940059
300 pop1 1.12456 0.937136
300 pop2 1.12273 0.935612
400 pop1 1.10814 0.923454
400 pop2 1.1276 0.939667
500 pop1 1.11779 0.931489
500 pop2 1.12141 0.934505
600 pop1 1.11511 0.929261
600 pop2 1.1244 0.936997
700 pop1 1.12604 0.93837
700 pop2 1.11517 0.929311
800 pop1 1.12301 0.93584
800 pop2 1.12369 0.93641
900 pop1 1.12359 0.936325
900 pop2 1.11987 0.933227
1000 pop1 1.1101 0.925083
1000 pop2 1.12899 0.940822
1100 pop1 1.1516 0.95967
1100 pop2 1.13651 0.947094
1200 pop1 1.14119 0.950995
1200 pop2 1.14264 0.952202
1300 pop1 1.14316 0.952634
1300 pop2 1.14315 0.952627
1400 pop1 1.14392 0.953263
1400 pop2 1.14466 0.953882
1500 pop1 1.14118 0.95098
1500 pop2 1.14628 0.955233
1600 pop1 1.14315 0.952628
1600 pop2 1.14415 0.95346
1700 pop1 1.14244 0.952031
1700 pop2 1.1481 0.956748
1800 pop1 1.14434 0.953617
1800 pop2 1.14692 0.955767
1900 pop1 1.14524 0.954366
1900 pop2 1.13831 0.948589
2000 pop1 1.14633 0.955273
2000 pop2 1.13777 0.94814
2100 pop1 1.14365 0.953045
2100 pop2 1.13848 0.948737
2200 pop1 1.13515 0.94596
2200 pop2 1.14498 0.954153
2300 pop1 1.13962 0.949682
2300 pop2 1.1404 0.95033
2400 pop1 1.14183 0.951526
2400 pop2 1.14379 0.953157
2500 pop1 1.13865 0.948877
2500 pop2 1.14272 0.952269
2600 pop1 1.13744 0.947869
2600 pop2 1.14423 0.953529
2700 pop1 1.14281 0.95234
2700 pop2 1.13721 0.947677
2800 pop1 1.14148 0.951237
2800 pop2 1.13744 0.947865
2900 pop1 1.14159 0.951328
2900 pop2 1.12773 0.939772
3000 pop1 1.14393 0.953276
3000 pop2 1.1442 0.953498
3100 pop1 1.13566 0.94638
3100 pop2 1.14628 0.955233
3200 pop1 1.13972 0.949768
3200 pop2 1.13859 0.948825
3300 pop1 1.1444 0.953671
3300 pop2 1.14865 0.957205
3400 pop1 1.13906 0.949219
3400 pop2 1.13621 0.946838
3500 pop1 1.145 0.954163
3500 pop2 1.13626 0.946885
3600 pop1 1.14737 0.956144
3600 pop2 1.14338 0.95282
3700 pop1 1.14253 0.952112
3700 pop2 1.13666 0.947216
3800 pop1 1.14979 0.95816
3800 pop2 1.14125 0.951038
3900 pop1 1.14654 0.955446
3900 pop2 1.13886 0.949054
4000 pop1 1.14034 0.950285
4000 pop2 1.14444 0.953704
4100 pop1 1.14765 0.956376
4100 pop2 1.14037 0.950312
4200 pop1 1.14348 0.952903
4200 pop2 1.13528 0.946067
4300 pop1 1.14658 0.955484
4300 pop2 1.13711 0.947596
4400 pop1 1.14165 0.951379
4400 pop2 1.14421 0.953512
4500 pop1 1.14999 0.958321
4500 pop2 1.14247 0.95206
4600 pop1 1.14663 0.955528
4600 pop2 1.13461 0.945511
4700 pop1 1.14035 0.950291
4700 pop2 1.14081 0.950674
4800 pop1 1.14575 0.954792
4800 pop2 1.14088 0.950735
4900 pop1 1.14034 0.950281
4900 pop2 1.14223 0.951857
5000 pop1 1.13932 0.949429
5000 pop2 1.13871 0.948928
