1 pop1 1.0 0.909091
1 pop2 1.0 0.909091
100 pop1 1.03432 0.940287
100 pop2 1.03493 0.940845
200 pop1 1.03366 0.939688
200 pop2 1.03626 0.942055
300 pop1 1.03047 0.936794
300 pop2 1.03635 0.942138
400 pop1 1.03206 0.938239
400 pop2 1.04168 0.946978
500 pop1 1.03045 0.936769
500 pop2 1.04129 0.946625
600 pop1 1.03389 0.939902
600 pop2 1.03937 0.944885
700 pop1 1.03275 0.938864
700 pop2 1.03298 0.939075
800 pop1 1.0264 0.933093
800 pop2 1.03802 0.943657
900 pop1 1.03165 0.937863
900 pop2 1.03424 0.940217
1000 pop1 1.03984 0.945307
1000 pop2 1.02892 0.935381
1100 pop1 1.06509 0.968266
1100 pop2 1.05199 0.956354
1200 pop1 1.05554 0.959584
1200 pop2 1.06273 0.966114
1300 pop1 1.05276 0.957056
1300 pop2 1.06722 0.970203
1400 pop1 1.05664 0.960583
1400 pop2 1.06584 0.968949
1500 pop1 1.05991 0.963556
1500 pop2 1.06265 0.966048
1600 pop1 1.06233 0.965757
1600 pop2 1.06612 0.969197
1700 pop1 1.06307 0.96643
1700 pop2 1.06002 0.963653
1800 pop1 1.06579 0.968896
1800 pop2 1.05375 0.957954
1900 pop1 1.06363 0.966935
1900 pop2 1.05935 0.963046
2000 pop1 1.05651 0.960461
2000 pop2 1.06635 0.969411
2100 pop1 1.06289 0.966268
2100 pop2 1.06281 0.966187
2200 pop1 1.05776 0.961598
2200 pop2 1.06493 0.968114
2300 pop1 1.05829 0.962084
2300 pop2 1.06466 0.967869
2400 pop1 1.05823 0.962027
2400 pop2 1.0636 0.966906
2500 pop1 1.0633 0.96664
2500 pop2 1.05873 0.962481
2600 pop1 1.05983 0.963486
2600 pop2 1.06094 0.964494
2700 pop1 1.06142 0.964924
2700 pop2 1.062 0.965457
2800 pop1 1.05863 0.962394
2800 pop2 1.06387 0.967154
2900 pop1 1.06049 0.964082
2900 pop2 1.0602 0.963816
3000 pop1 1.06135 0.964863
3000 pop2 1.06041 0.964005
3100 pop1 1.06544 0.968578
3100 pop2 1.05823 0.962028
3200 pop1 1.0613 0.964821
3200 pop2 1.05906 0.96278
3300 pop1 1.06384 0.967126
3300 pop2 1.06072 0.964288
3400 pop1 1.06163 0.965115
3400 pop2 1.06433 0.967572
3500 pop1 1.06172 0.965203
3500 pop2 1.06055 0.964136
3600 pop1 1.05869 0.96245
3600 pop2 1.06261 0.966009
3700 pop1 1.06028 0.963892
3700 pop2 1.06381 0.967101
3800 pop1 1.0658 0.968912
3800 pop2 1.05527 0.959338
3900 pop1 1.07172 0.974295
3900 pop2 1.05338 0.957618
4000 pop1 1.06771 0.970641
4000 pop2 1.05415 0.958317
4100 pop1 1.0687 0.971545
4100 pop2 1.05352 0.957741
4200 pop1 1.05687 0.960788
4200 pop2 1.06358 0.966891
4300 pop1 1.06064 0.964214
4300 pop2 1.05937 0.963067
4400 pop1 1.06245 0.965867
4400 pop2 1.05829 0.962078
4500 pop1 1.06209 0.965539
4500 pop2 1.06258 0.965983
4600 pop1 1.05836 0.962142
4600 pop2 1.06502 0.968203
4700 pop1 1.05821 0.962012
4700 pop2 1.0644 0.967633
4800 pop1 1.06275 0.966132
4800 pop2 1.05812 0.961927
4900 pop1 1.06455 0.967772
4900 pop2 1.05551 0.959559
5000 pop1 1.0689 0.971729
5000 pop2 1.05504 0.959126
