1 pop1 1.0 0.980392
1 pop2 1.0 0.980392
100 pop1 1.00359 0.983914
100 pop2 1.00097 0.981347
200 pop1 1.0045 0.984806
200 pop2 0.998009 0.97844
300 pop1 1.00605 0.986328
300 pop2 0.99724 0.977687
400 pop1 1.00877 0.988986
400 pop2 0.993789 0.974303
500 pop1 1.0071 0.987355
500 pop2 0.995937 0.976409
600 pop1 1.00698 0.987237
600 pop2 0.997007 0.977458
700 pop1 1.00475 0.985051
700 pop2 0.997135 0.977583
800 pop1 1.00513 0.98542
800 pop2 0.996745 0.977201
900 pop1 1.00753 0.987776
900 pop2 0.995084 0.975573
1000 pop1 1.00741 0.987655
1000 pop2 0.996326 0.976791
1100 pop1 1.01211 0.992262
1100 pop2 0.994422 0.974924
1200 pop1 1.01643 0.996497
1200 pop2 0.994109 0.974617
1300 pop1 1.01723 0.997286
1300 pop2 0.99443 0.974931
1400 pop1 1.01706 0.997118
1400 pop2 0.994997 0.975488
1500 pop1 1.01904 0.999061
1500 pop2 0.994859 0.975352
1600 pop1 1.01907 0.999083
1600 pop2 0.994979 0.975469
1700 pop1 1.01885 0.99887
1700 pop2 0.995437 0.975919
1800 pop1 1.01944 0.999455
1800 pop2 0.995276 0.97576
1900 pop1 1.02009 1.00009
1900 pop2 0.996688 0.977145
2000 pop1 1.01996 0.999963
2000 pop2 0.997203 0.97765
2100 pop1 1.02008 1.00008
2100 pop2 0.997778 0.978213
2200 pop1 1.02011 1.0001
2200 pop2 0.997869 0.978303
2300 pop1 1.02011 1.0001
2300 pop2 0.998344 0.978769
2400 pop1 1.0201 1.0001
2400 pop2 0.999306 0.979711
2500 pop1 1.0201 1.0001
2500 pop2 0.999565 0.979966
2600 pop1 1.0201 1.0001
2600 pop2 0.999785 0.980181
2700 pop1 1.0201 1.0001
2700 pop2 1.0 0.980392
2800 pop1 1.0201 1.0001
2800 pop2 1.0 0.980392
2900 pop1 1.0201 1.0001
2900 pop2 1.0 0.980392
3000 pop1 1.0201 1.0001
3000 pop2 1.0 0.980392
3100 pop1 1.0201 1.0001
3100 pop2 1.0 0.980392
3200 pop1 1.0201 1.0001
3200 pop2 1.0 0.980392
3300 pop1 1.0201 1.0001
3300 pop2 1.0 0.980392
3400 pop1 1.0201 1.0001
3400 pop2 1.0 0.980392
3500 pop1 1.0201 1.0001
3500 pop2 1.0 0.980392
3600 pop1 1.0201 1.0001
3600 pop2 1.0 0.980392
3700 pop1 1.0201 1.0001
3700 pop2 1.0 0.980392
3800 pop1 1.0201 1.0001
3800 pop2 1.0 0.980392
3900 pop1 1.0201 1.0001
3900 pop2 1.0 0.980392
4000 pop1 1.0201 1.0001
4000 pop2 1.0 0.980392
4100 pop1 1.0201 1.0001
4100 pop2 1.0 0.980392
4200 pop1 1.0201 1.0001
4200 pop2 1.0 0.980392
4300 pop1 1.0201 1.0001
4300 pop2 1.0 0.980392
4400 pop1 1.0201 1.0001
4400 pop2 1.0 0.980392
4500 pop1 1.0201 1.0001
4500 pop2 1.0 0.980392
4600 pop1 1.0201 1.0001
4600 pop2 1.0 0.980392
4700 pop1 1.0201 1.0001
4700 pop2 1.0 0.980392
4800 pop1 1.0201 1.0001
4800 pop2 1.0 0.980392
4900 pop1 1.0201 1.0001
4900 pop2 1.0 0.980392
5000 pop1 1.0201 1.0001
5000 pop2 1.0 0.980392
