1 pop1 1.0 0.980392
1 pop2 1.0 0.980392
100 pop1 0.999038 0.979449
100 pop2 1.00169 0.982053
200 pop1 0.999559 0.97996
200 pop2 1.00079 0.981166
300 pop1 1.00039 0.980775
300 pop2 1.00032 0.980704
400 pop1 1.00232 0.982668
400 pop2 0.998453 0.978875
500 pop1 1.00113 0.981501
500 pop2 0.999532 0.979933
600 pop1 1.00194 0.982296
600 pop2 0.999742 0.980139
700 pop1 1.0006 0.980982
700 pop2 1.00009 0.980478
800 pop1 0.999686 0.980084
800 pop2 1.00175 0.982112
900 pop1 0.996841 0.977295
900 pop2 1.00318 0.983512
1000 pop1 0.999184 0.979592
1000 pop2 1.00125 0.981618
1100 pop1 1.00459 0.984896
1100 pop2 0.995232 0.975717
1200 pop1 1.00707 0.987321
1200 pop2 0.995827 0.976301
1300 pop1 1.01062 0.990804
1300 pop2 0.996274 0.97674
1400 pop1 1.01355 0.993675
1400 pop2 0.997497 0.977938
1500 pop1 1.01571 0.99579
1500 pop2 0.996657 0.977115
1600 pop1 1.01597 0.996046
1600 pop2 0.998632 0.979051
1700 pop1 1.01712 0.997177
1700 pop2 0.998392 0.978815
1800 pop1 1.01764 0.997684
1800 pop2 0.998275 0.978701
1900 pop1 1.01738 0.997432
1900 pop2 0.998307 0.978732
2000 pop1 1.0172 0.997253
2000 pop2 0.998842 0.979257
2100 pop1 1.0154 0.99549
2100 pop2 1.00125 0.981621
2200 pop1 1.01479 0.994892
2200 pop2 1.00286 0.983196
2300 pop1 1.01426 0.994377
2300 pop2 1.00381 0.984131
2400 pop1 1.01386 0.993985
2400 pop2 1.00476 0.985061
2500 pop1 1.01349 0.993613
2500 pop2 1.00639 0.986653
2600 pop1 1.01266 0.9928
2600 pop2 1.00686 0.98712
2700 pop1 1.01401 0.994127
2700 pop2 1.00616 0.986435
2800 pop1 1.01298 0.993114
2800 pop2 1.00698 0.987231
2900 pop1 1.01475 0.994858
2900 pop2 1.00489 0.985187
3000 pop1 1.01623 0.996304
3000 pop2 1.00473 0.985033
3100 pop1 1.01647 0.996535
3100 pop2 1.00343 0.983753
3200 pop1 1.01778 0.997824
3200 pop2 1.00253 0.982869
3300 pop1 1.01736 0.997407
3300 pop2 1.00275 0.983091
3400 pop1 1.01765 0.997693
3400 pop2 1.0027 0.983042
3500 pop1 1.01644 0.996514
3500 pop2 1.00379 0.984109
3600 pop1 1.01589 0.995971
3600 pop2 1.00444 0.984747
3700 pop1 1.01617 0.996248
3700 pop2 1.00386 0.98418
3800 pop1 1.01528 0.995368
3800 pop2 1.00516 0.985455
3900 pop1 1.01531 0.9954
3900 pop2 1.00494 0.98523
4000 pop1 1.01563 0.995713
4000 pop2 1.00486 0.985152
4100 pop1 1.01515 0.995241
4100 pop2 1.00551 0.985798
4200 pop1 1.01377 0.993896
4200 pop2 1.00634 0.986612
4300 pop1 1.01216 0.992315
4300 pop2 1.00773 0.987972
4400 pop1 1.01331 0.993441
4400 pop2 1.00684 0.987101
4500 pop1 1.01352 0.993643
4500 pop2 1.00736 0.987605
4600 pop1 1.01346 0.993583
4600 pop2 1.00686 0.98712
4700 pop1 1.01421 0.994325
4700 pop2 1.00634 0.986609
4800 pop1 1.01503 0.99513
4800 pop2 1.00528 0.985573
4900 pop1 1.01572 0.995808
4900 pop2 1.00498 0.985274
5000 pop1 1.01545 0.995538
5000 pop2 1.00504 0.985329
