1 pop1 1.0 0.980392
1 pop2 1.0 0.980392
100 pop1 1.00236 0.982705
100 pop2 1.00133 0.981691
200 pop1 1.00243 0.982777
200 pop2 1.00248 0.982821
300 pop1 1.00244 0.982783
300 pop2 1.00085 0.981228
400 pop1 1.00614 0.986415
400 pop2 0.996714 0.97717
500 pop1 1.0046 0.984906
500 pop2 0.99813 0.978559
600 pop1 1.00238 0.982726
600 pop2 1.00034 0.980729
700 pop1 0.99843 0.978853
700 pop2 1.0042 0.984512
800 pop1 0.998608 0.979028
800 pop2 1.00556 0.985841
900 pop1 0.998208 0.978635
900 pop2 1.00488 0.985178
1000 pop1 1.00008 0.980475
1000 pop2 1.0022 0.982545
1100 pop1 1.00653 0.986791
1100 pop2 0.995843 0.976317
1200 pop1 1.01249 0.992641
1200 pop2 0.994165 0.974672
1300 pop1 1.01641 0.996477
1300 pop2 0.992814 0.973348
1400 pop1 1.01649 0.996554
1400 pop2 0.992821 0.973354
1500 pop1 1.01772 0.997762
1500 pop2 0.993365 0.973887
1600 pop1 1.0176 0.997647
1600 pop2 0.99482 0.975313
1700 pop1 1.01935 0.999358
1700 pop2 0.995539 0.976019
1800 pop1 1.01924 0.999257
1800 pop2 0.995132 0.97562
1900 pop1 1.01994 0.999944
1900 pop2 0.995577 0.976055
2000 pop1 1.02011 1.00011
2000 pop2 0.996793 0.977248
2100 pop1 1.02011 1.0001
2100 pop2 0.997566 0.978006
2200 pop1 1.02011 1.00011
2200 pop2 0.997295 0.97774
2300 pop1 1.0201 1.0001
2300 pop2 0.9984 0.978824
2400 pop1 1.0201 1.0001
2400 pop2 0.999673 0.980071
2500 pop1 1.0201 1.0001
2500 pop2 0.999669 0.980067
2600 pop1 1.0201 1.0001
2600 pop2 0.999078 0.979489
2700 pop1 1.0201 1.0001
2700 pop2 0.998811 0.979227
2800 pop1 1.0201 1.0001
2800 pop2 0.999234 0.979641
2900 pop1 1.0201 1.0001
2900 pop2 0.999733 0.98013
3000 pop1 1.0201 1.0001
3000 pop2 0.999944 0.980337
3100 pop1 1.0201 1.0001
3100 pop2 1.0 0.980392
3200 pop1 1.0201 1.0001
3200 pop2 1.0 0.980392
3300 pop1 1.0201 1.0001
3300 pop2 1.0 0.980392
3400 pop1 1.0201 1.0001
3400 pop2 1.0 0.980392
3500 pop1 1.0201 1.0001
3500 pop2 1.0 0.980392
3600 pop1 1.0201 1.0001
3600 pop2 1.0 0.980392
3700 pop1 1.0201 1.0001
3700 pop2 1.0 0.980392
3800 pop1 1.0201 1.0001
3800 pop2 1.0 0.980392
3900 pop1 1.0201 1.0001
3900 pop2 1.0 0.980392
4000 pop1 1.0201 1.0001
4000 pop2 1.0 0.980392
4100 pop1 1.0201 1.0001
4100 pop2 1.0 0.980392
4200 pop1 1.0201 1.0001
4200 pop2 1.0 0.980392
4300 pop1 1.0201 1.0001
4300 pop2 1.0 0.980392
4400 pop1 1.0201 1.0001
4400 pop2 1.0 0.980392
4500 pop1 1.0201 1.0001
4500 pop2 1.0 0.980392
4600 pop1 1.0201 1.0001
4600 pop2 1.0 0.980392
4700 pop1 1.0201 1.0001
4700 pop2 1.0 0.980392
4800 pop1 1.0201 1.0001
4800 pop2 1.0 0.980392
4900 pop1 1.0201 1.0001
4900 pop2 1.0 0.980392
5000 pop1 1.0201 1.0001
5000 pop2 1.0 0.980392
