1 pop1 1.0 0.909091
1 pop2 1.0 0.909091
100 pop1 1.08257 0.984154
100 pop2 1.08244 0.984034
200 pop1 1.08208 0.983705
200 pop2 1.08068 0.982441
300 pop1 1.08418 0.98562
300 pop2 1.08366 0.985142
400 pop1 1.08075 0.982498
400 pop2 1.08503 0.986394
500 pop1 1.08292 0.984477
500 pop2 1.08109 0.982811
600 pop1 1.0879 0.989004
600 pop2 1.08063 0.982389
700 pop1 1.08285 0.98441
700 pop2 1.08557 0.986882
800 pop1 1.08531 0.986642
800 pop2 1.08112 0.982837
900 pop1 1.08381 0.985279
900 pop2 1.08355 0.985048
1000 pop1 1.08192 0.983565
1000 pop2 1.08019 0.981988
1100 pop1 1.08905 0.990045
1100 pop2 1.07053 0.973207
1200 pop1 1.086 0.987274
1200 pop2 1.08383 0.985295
1300 pop1 1.0865 0.98773
1300 pop2 1.08266 0.984236
1400 pop1 1.08648 0.98771
1400 pop2 1.08504 0.986401
1500 pop1 1.08418 0.985616
1500 pop2 1.08249 0.984079
1600 pop1 1.08579 0.987085
1600 pop2 1.08506 0.986421
1700 pop1 1.08813 0.989214
1700 pop2 1.0866 0.987821
1800 pop1 1.08334 0.984854
1800 pop2 1.08687 0.988065
1900 pop1 1.08968 0.990621
1900 pop2 1.08656 0.987781
2000 pop1 1.0871 0.988277
2000 pop2 1.08263 0.984208
2100 pop1 1.08728 0.988432
2100 pop2 1.08276 0.984328
2200 pop1 1.0799 0.981731
2200 pop2 1.08791 0.989007
2300 pop1 1.08806 0.989145
2300 pop2 1.08436 0.985779
2400 pop1 1.08281 0.984373
2400 pop2 1.08811 0.989193
2500 pop1 1.08688 0.988069
2500 pop2 1.0875 0.988637
2600 pop1 1.08434 0.985762
2600 pop2 1.08694 0.988128
2700 pop1 1.081 0.982724
2700 pop2 1.08333 0.984841
2800 pop1 1.08282 0.984384
2800 pop2 1.08399 0.985447
2900 pop1 1.08557 0.986885
2900 pop2 1.08704 0.98822
3000 pop1 1.08936 0.990329
3000 pop2 1.08782 0.988926
3100 pop1 1.08571 0.987008
3100 pop2 1.08477 0.986151
3200 pop1 1.08307 0.984605
3200 pop2 1.08648 0.98771
3300 pop1 1.08578 0.987075
3300 pop2 1.08508 0.986438
3400 pop1 1.08443 0.985847
3400 pop2 1.08013 0.981935
3500 pop1 1.08733 0.988484
3500 pop2 1.08569 0.986992
3600 pop1 1.08657 0.987792
3600 pop2 1.08839 0.989443
3700 pop1 1.08671 0.987918
3700 pop2 1.08115 0.982863
3800 pop1 1.08852 0.989565
3800 pop2 1.08699 0.988177
3900 pop1 1.08502 0.986385
3900 pop2 1.08649 0.987722
4000 pop1 1.08731 0.988468
4000 pop2 1.08485 0.986223
4100 pop1 1.08486 0.986233
4100 pop2 1.08406 0.985508
4200 pop1 1.08173 0.983394
4200 pop2 1.08423 0.985667
4300 pop1 1.08763 0.988753
4300 pop2 1.08647 0.987698
4400 pop1 1.08585 0.987136
4400 pop2 1.08768 0.988799
4500 pop1 1.08619 0.987445
4500 pop2 1.08424 0.985675
4600 pop1 1.09029 0.991169
4600 pop2 1.08577 0.987066
4700 pop1 1.08568 0.986983
4700 pop2 1.08548 0.986799
4800 pop1 1.0853 0.986636
4800 pop2 1.08337 0.984886
4900 pop1 1.087 0.988181
4900 pop2 1.08408 0.985527
5000 pop1 1.08774 0.988855
5000 pop2 1.08259 0.984169
