1 pop1 1.0 0.980392
1 pop2 1.0 0.980392
100 pop1 1.00079 0.981171
100 pop2 1.0027 0.983036
200 pop1 1.00269 0.983027
200 pop2 1.00192 0.982271
300 pop1 0.999956 0.980349
300 pop2 1.00452 0.984825
400 pop1 1.00054 0.980917
400 pop2 1.00347 0.983798
500 pop1 1.00116 0.981527
500 pop2 1.00318 0.983505
600 pop1 1.00006 0.980453
600 pop2 1.00645 0.986721
700 pop1 1.00217 0.982524
700 pop2 1.00189 0.982247
800 pop1 1.00684 0.987095
800 pop2 0.996429 0.976891
900 pop1 1.00874 0.988961
900 pop2 0.992793 0.973327
1000 pop1 1.00885 0.989073
1000 pop2 0.994243 0.974748
1100 pop1 1.01563 0.995717
1100 pop2 0.993689 0.974204
1200 pop1 1.01584 0.995921
1200 pop2 0.99326 0.973784
1300 pop1 1.01624 0.996317
1300 pop2 0.99332 0.973843
1400 pop1 1.0184 0.998434
1400 pop2 0.993152 0.973679
1500 pop1 1.01915 0.999166
1500 pop2 0.993908 0.974419
1600 pop1 1.01924 0.99926
1600 pop2 0.99424 0.974745
1700 pop1 1.0201 1.00009
1700 pop2 0.995242 0.975728
1800 pop1 1.02011 1.00011
1800 pop2 0.995851 0.976324
1900 pop1 1.02011 1.00011
1900 pop2 0.99686 0.977314
2000 pop1 1.02011 1.0001
2000 pop2 0.997833 0.978268
2100 pop1 1.0201 1.0001
2100 pop2 0.998795 0.979211
2200 pop1 1.0201 1.0001
2200 pop2 0.999118 0.979528
2300 pop1 1.0201 1.0001
2300 pop2 0.998875 0.979289
2400 pop1 1.0201 1.0001
2400 pop2 0.999066 0.979477
2500 pop1 1.0201 1.0001
2500 pop2 0.999804 0.9802
2600 pop1 1.0201 1.0001
2600 pop2 0.9998 0.980197
2700 pop1 1.0201 1.0001
2700 pop2 1.0 0.980392
2800 pop1 1.0201 1.0001
2800 pop2 1.0 0.980392
2900 pop1 1.0201 1.0001
2900 pop2 1.0 0.980392
3000 pop1 1.0201 1.0001
3000 pop2 1.0 0.980392
3100 pop1 1.0201 1.0001
3100 pop2 1.0 0.980392
3200 pop1 1.0201 1.0001
3200 pop2 1.0 0.980392
3300 pop1 1.0201 1.0001
3300 pop2 1.0 0.980392
3400 pop1 1.0201 1.0001
3400 pop2 1.0 0.980392
3500 pop1 1.0201 1.0001
3500 pop2 1.0 0.980392
3600 pop1 1.0201 1.0001
3600 pop2 1.0 0.980392
3700 pop1 1.0201 1.0001
3700 pop2 1.0 0.980392
3800 pop1 1.0201 1.0001
3800 pop2 1.0 0.980392
3900 pop1 1.0201 1.0001
3900 pop2 1.0 0.980392
4000 pop1 1.0201 1.0001
4000 pop2 1.0 0.980392
4100 pop1 1.0201 1.0001
4100 pop2 1.0 0.980392
4200 pop1 1.0201 1.0001
4200 pop2 1.0 0.980392
4300 pop1 1.0201 1.0001
4300 pop2 1.0 0.980392
4400 pop1 1.0201 1.0001
4400 pop2 1.0 0.980392
4500 pop1 1.0201 1.0001
4500 pop2 1.0 0.980392
4600 pop1 1.0201 1.0001
4600 pop2 1.0 0.980392
4700 pop1 1.0201 1.0001
4700 pop2 1.0 0.980392
4800 pop1 1.0201 1.0001
4800 pop2 1.0 0.980392
4900 pop1 1.0201 1.0001
4900 pop2 1.0 0.980392
5000 pop1 1.0201 1.0001
5000 pop2 1.0 0.980392
