1 pop1 1.0 0.909091
1 pop2 1.0 0.909091
100 pop1 1.0847 0.986093
100 pop2 1.08295 0.984504
200 pop1 1.0867 0.987906
200 pop2 1.08287 0.984429
300 pop1 1.08226 0.983872
300 pop2 1.08399 0.985445
400 pop1 1.08231 0.983914
400 pop2 1.08435 0.985774
500 pop1 1.08054 0.982307
500 pop2 1.08647 0.987702
600 pop1 1.0835 0.984999
600 pop2 1.08842 0.989476
700 pop1 1.08199 0.983626
700 pop2 1.08412 0.985567
800 pop1 1.08373 0.985213
800 pop2 1.0835 0.985
900 pop1 1.08 0.981815
900 pop2 1.08682 0.988019
1000 pop1 1.08353 0.985028
1000 pop2 1.08351 0.985007
1100 pop1 1.09788 0.99807
1100 pop2 0.999625 0.90875
1200 pop1 1.10016 1.00014
1200 pop2 0.999664 0.908786
1300 pop1 1.1023 1.00209
1300 pop2 1.0 0.909091
1400 pop1 1.1025 1.00227
1400 pop2 1.0 0.909091
1500 pop1 1.10246 1.00223
1500 pop2 1.0 0.909091
1600 pop1 1.10246 1.00223
1600 pop2 1.0 0.909091
1700 pop1 1.1025 1.00227
1700 pop2 1.0 0.909091
1800 pop1 1.1025 1.00227
1800 pop2 1.0 0.909091
1900 pop1 1.1025 1.00227
1900 pop2 1.0 0.909091
2000 pop1 1.1025 1.00227
2000 pop2 1.0 0.909091
2100 pop1 1.1025 1.00227
2100 pop2 1.0 0.909091
2200 pop1 1.1025 1.00227
2200 pop2 1.0 0.909091
2300 pop1 1.1025 1.00227
2300 pop2 1.0 0.909091
2400 pop1 1.1025 1.00227
2400 pop2 1.0 0.909091
2500 pop1 1.1025 1.00227
2500 pop2 1.0 0.909091
2600 pop1 1.1025 1.00227
2600 pop2 1.0 0.909091
2700 pop1 1.1025 1.00227
2700 pop2 1.0 0.909091
2800 pop1 1.1025 1.00227
2800 pop2 1.0 0.909091
2900 pop1 1.1025 1.00227
2900 pop2 1.0 0.909091
3000 pop1 1.1025 1.00227
3000 pop2 1.0 0.909091
3100 pop1 1.1025 1.00227
3100 pop2 1.0 0.909091
3200 pop1 1.1025 1.00227
3200 pop2 1.0 0.909091
3300 pop1 1.1025 1.00227
3300 pop2 1.0 0.909091
3400 pop1 1.1025 1.00227
3400 pop2 1.0 0.909091
3500 pop1 1.1025 1.00227
3500 pop2 1.0 0.909091
3600 pop1 1.1025 1.00227
3600 pop2 1.0 0.909091
3700 pop1 1.1025 1.00227
3700 pop2 1.0 0.909091
3800 pop1 1.1025 1.00227
3800 pop2 1.0 0.909091
3900 pop1 1.1025 1.00227
3900 pop2 1.0 0.909091
4000 pop1 1.1025 1.00227
4000 pop2 1.0 0.909091
4100 pop1 1.1025 1.00227
4100 pop2 1.0 0.909091
4200 pop1 1.1025 1.00227
4200 pop2 1.0 0.909091
4300 pop1 1.1025 1.00227
4300 pop2 1.0 0.909091
4400 pop1 1.1025 1.00227
4400 pop2 1.0 0.909091
4500 pop1 1.1025 1.00227
4500 pop2 1.0 0.909091
4600 pop1 1.1025 1.00227
4600 pop2 1.0 0.909091
4700 pop1 1.1025 1.00227
4700 pop2 1.0 0.909091
4800 pop1 1.1025 1.00227
4800 pop2 1.0 0.909091
4900 pop1 1.1025 1.00227
4900 pop2 1.0 0.909091
5000 pop1 1.1025 1.00227
5000 pop2 1.0 0.909091
