1 pop1 1.0 0.980392
1 pop2 1.0 0.980392
100 pop1 1.0075 0.987741
100 pop2 1.00878 0.989003
200 pop1 1.00981 0.990009
200 pop2 1.00397 0.984289
300 pop1 1.01052 0.990708
300 pop2 1.00721 0.987464
400 pop1 1.00751 0.987758
400 pop2 1.0056 0.985881
500 pop1 1.00966 0.98986
500 pop2 1.00528 0.985569
600 pop1 1.00892 0.989137
600 pop2 1.00573 0.986012
700 pop1 1.00726 0.987514
700 pop2 1.00674 0.987001
800 pop1 1.00913 0.989342
800 pop2 1.00702 0.987274
900 pop1 1.01111 0.991288
900 pop2 1.00458 0.984884
1000 pop1 1.01042 0.990609
1000 pop2 1.0058 0.986074
1100 pop1 1.01406 0.994173
1100 pop2 0.994959 0.97545
1200 pop1 1.01638 0.996454
1200 pop2 0.994713 0.975208
1300 pop1 1.01868 0.998705
1300 pop2 0.993311 0.973835
1400 pop1 1.01727 0.99732
1400 pop2 0.993867 0.97438
1500 pop1 1.01814 0.998174
1500 pop2 0.994815 0.975308
1600 pop1 1.01725 0.997301
1600 pop2 0.995382 0.975865
1700 pop1 1.01846 0.998486
1700 pop2 0.994672 0.975168
1800 pop1 1.01993 0.999932
1800 pop2 0.994444 0.974945
1900 pop1 1.02012 1.00011
1900 pop2 0.993432 0.973953
2000 pop1 1.02012 1.00011
2000 pop2 0.994474 0.974974
2100 pop1 1.02011 1.00011
2100 pop2 0.99493 0.975422
2200 pop1 1.02011 1.00011
2200 pop2 0.994929 0.97542
2300 pop1 1.02011 1.00011
2300 pop2 0.995156 0.975643
2400 pop1 1.02011 1.00011
2400 pop2 0.994917 0.975409
2500 pop1 1.02011 1.00011
2500 pop2 0.995336 0.975819
2600 pop1 1.02011 1.00011
2600 pop2 0.995396 0.975878
2700 pop1 1.02011 1.00011
2700 pop2 0.995116 0.975604
2800 pop1 1.02011 1.00011
2800 pop2 0.995068 0.975557
2900 pop1 1.02011 1.00011
2900 pop2 0.99512 0.975608
3000 pop1 1.02011 1.00011
3000 pop2 0.995308 0.975792
3100 pop1 1.02011 1.00011
3100 pop2 0.995898 0.976371
3200 pop1 1.02011 1.00011
3200 pop2 0.995547 0.976027
3300 pop1 1.02011 1.00011
3300 pop2 0.996146 0.976613
3400 pop1 1.02011 1.00011
3400 pop2 0.996541 0.977001
3500 pop1 1.02011 1.00011
3500 pop2 0.997263 0.977709
3600 pop1 1.02011 1.00011
3600 pop2 0.997027 0.977478
3700 pop1 1.02011 1.0001
3700 pop2 0.997554 0.977994
3800 pop1 1.02011 1.00011
3800 pop2 0.997522 0.977963
3900 pop1 1.02011 1.0001
3900 pop2 0.998121 0.97855
4000 pop1 1.02011 1.0001
4000 pop2 0.998528 0.978949
4100 pop1 1.0201 1.0001
4100 pop2 0.999186 0.979594
4200 pop1 1.0201 1.0001
4200 pop2 0.999086 0.979496
4300 pop1 1.0201 1.0001
4300 pop2 0.999038 0.979449
4400 pop1 1.0201 1.0001
4400 pop2 0.999421 0.979825
4500 pop1 1.0201 1.0001
4500 pop2 0.9999 0.980294
4600 pop1 1.0201 1.0001
4600 pop2 0.999701 0.980099
4700 pop1 1.0201 1.0001
4700 pop2 0.999996 0.980388
4800 pop1 1.0201 1.0001
4800 pop2 1.0 0.980392
4900 pop1 1.0201 1.0001
4900 pop2 1.0 0.980392
5000 pop1 1.0201 1.0001
5000 pop2 1.0 0.980392
