1 pop1 1.0 0.980392
1 pop2 1.0 0.980392
100 pop1 1.0046 0.984906
100 pop2 0.996749 0.977205
200 pop1 1.00445 0.984751
200 pop2 0.996048 0.976518
300 pop1 1.00463 0.984928
300 pop2 0.996329 0.976793
400 pop1 1.00385 0.984162
400 pop2 0.996922 0.977374
500 pop1 1.00385 0.984171
500 pop2 0.996043 0.976513
600 pop1 1.00698 0.987235
600 pop2 0.994042 0.974551
700 pop1 1.00744 0.987688
700 pop2 0.994395 0.974898
800 pop1 1.00766 0.987901
800 pop2 0.992788 0.973321
900 pop1 1.00885 0.989073
900 pop2 0.992194 0.97274
1000 pop1 1.0096 0.989807
1000 pop2 0.991012 0.97158
1100 pop1 1.01072 0.990903
1100 pop2 1.00226 0.98261
1200 pop1 1.01282 0.992961
1200 pop2 1.00061 0.980989
1300 pop1 1.011 0.991181
1300 pop2 1.00451 0.984815
1400 pop1 1.01214 0.992297
1400 pop2 1.00348 0.983807
1500 pop1 1.01109 0.991266
1500 pop2 1.00657 0.986835
1600 pop1 1.01047 0.990654
1600 pop2 1.00855 0.988779
1700 pop1 1.01022 0.990415
1700 pop2 1.0087 0.988923
1800 pop1 1.00931 0.989515
1800 pop2 1.00987 0.990065
1900 pop1 1.00928 0.989487
1900 pop2 1.00959 0.989798
2000 pop1 1.00804 0.988276
2000 pop2 1.01138 0.991552
2100 pop1 1.00794 0.988172
2100 pop2 1.01224 0.992388
2200 pop1 1.00562 0.985906
2200 pop2 1.01472 0.994824
2300 pop1 1.00518 0.985474
2300 pop2 1.0146 0.994709
2400 pop1 1.00436 0.984664
2400 pop2 1.0161 0.996172
2500 pop1 1.00365 0.983974
2500 pop2 1.01662 0.996688
2600 pop1 1.00316 0.983485
2600 pop2 1.0168 0.996863
2700 pop1 1.00233 0.982676
2700 pop2 1.01751 0.997559
2800 pop1 1.0032 0.983527
2800 pop2 1.01706 0.997118
2900 pop1 1.00298 0.983311
2900 pop2 1.01697 0.997032
3000 pop1 1.00293 0.983269
3000 pop2 1.0167 0.996765
3100 pop1 1.00401 0.984321
3100 pop2 1.01625 0.99632
3200 pop1 1.00305 0.983383
3200 pop2 1.01673 0.996797
3300 pop1 1.00426 0.984566
3300 pop2 1.01567 0.995752
3400 pop1 1.00592 0.986197
3400 pop2 1.01493 0.995032
3500 pop1 1.00454 0.984839
3500 pop2 1.0156 0.995686
3600 pop1 1.00574 0.986018
3600 pop2 1.01482 0.994917
3700 pop1 1.00768 0.987924
3700 pop2 1.01291 0.99305
3800 pop1 1.00702 0.987276
3800 pop2 1.01336 0.993488
3900 pop1 1.00688 0.987141
3900 pop2 1.0134 0.993528
4000 pop1 1.00641 0.986678
4000 pop2 1.01352 0.993646
4100 pop1 1.00659 0.986857
4100 pop2 1.01303 0.993168
4200 pop1 1.00771 0.987953
4200 pop2 1.01246 0.992604
4300 pop1 1.00552 0.985802
4300 pop2 1.01463 0.994738
4400 pop1 1.00472 0.98502
4400 pop2 1.01584 0.995917
4500 pop1 1.00663 0.986894
4500 pop2 1.01309 0.993225
4600 pop1 1.00529 0.98558
4600 pop2 1.01544 0.99553
4700 pop1 1.00425 0.984556
4700 pop2 1.0157 0.995782
4800 pop1 1.00417 0.984481
4800 pop2 1.01608 0.996153
4900 pop1 1.00483 0.985126
4900 pop2 1.01531 0.995399
5000 pop1 1.00635 0.986613
5000 pop2 1.01411 0.994228
