1 pop1 1.0 0.980392
1 pop2 1.0 0.980392
100 pop1 1.00316 0.983488
100 pop2 0.998773 0.979189
200 pop1 1.0016 0.981961
200 pop2 0.998911 0.979325
300 pop1 1.0041 0.984415
300 pop2 0.996294 0.976759
400 pop1 1.00212 0.982473
400 pop2 0.998991 0.979403
500 pop1 0.999032 0.979443
500 pop2 1.00161 0.981968
600 pop1 0.998985 0.979397
600 pop2 1.00225 0.982597
700 pop1 0.998391 0.978814
700 pop2 1.00258 0.98292
800 pop1 0.996391 0.976854
800 pop2 1.00394 0.984257
900 pop1 0.994676 0.975173
900 pop2 1.00552 0.985807
1000 pop1 0.994704 0.9752
1000 pop2 1.00614 0.986411
1100 pop1 0.999568 0.979969
1100 pop2 0.996876 0.97733
1200 pop1 1.00386 0.984181
1200 pop2 0.997727 0.978164
1300 pop1 1.00851 0.988735
1300 pop2 1.00081 0.981188
1400 pop1 1.00952 0.989729
1400 pop2 1.00206 0.982409
1500 pop1 1.01158 0.991745
1500 pop2 1.00244 0.982787
1600 pop1 1.01324 0.99337
1600 pop2 1.00321 0.983539
1700 pop1 1.01174 0.991901
1700 pop2 1.00666 0.986918
1800 pop1 1.01124 0.991408
1800 pop2 1.008 0.988233
1900 pop1 1.01252 0.992666
1900 pop2 1.00706 0.987313
2000 pop1 1.01298 0.993115
2000 pop2 1.00687 0.987131
2100 pop1 1.01206 0.992219
2100 pop2 1.00777 0.988012
2200 pop1 1.01093 0.991106
2200 pop2 1.00875 0.988974
2300 pop1 1.01086 0.991037
2300 pop2 1.00884 0.989055
2400 pop1 1.01114 0.991311
2400 pop2 1.00826 0.988492
2500 pop1 1.01021 0.990407
2500 pop2 1.01047 0.99066
2600 pop1 1.00809 0.988323
2600 pop2 1.01221 0.992366
2700 pop1 1.00696 0.987211
2700 pop2 1.0132 0.993334
2800 pop1 1.0075 0.987746
2800 pop2 1.01322 0.993358
2900 pop1 1.00789 0.98813
2900 pop2 1.0124 0.992553
3000 pop1 1.00917 0.989382
3000 pop2 1.01168 0.991847
3100 pop1 1.0088 0.989017
3100 pop2 1.01136 0.991531
3200 pop1 1.00959 0.989789
3200 pop2 1.0103 0.990494
3300 pop1 1.00984 0.990035
3300 pop2 1.0103 0.990491
3400 pop1 1.00994 0.990134
3400 pop2 1.01069 0.990873
3500 pop1 1.00998 0.990173
3500 pop2 1.0104 0.990585
3600 pop1 1.00938 0.989583
3600 pop2 1.01096 0.991133
3700 pop1 1.00898 0.989196
3700 pop2 1.01193 0.992088
3800 pop1 1.01066 0.990842
3800 pop2 1.0103 0.990486
3900 pop1 1.0105 0.990684
3900 pop2 1.01004 0.990238
4000 pop1 1.00992 0.990117
4000 pop2 1.0106 0.990785
4100 pop1 1.0103 0.990489
4100 pop2 1.01011 0.990301
4200 pop1 1.01091 0.99109
4200 pop2 1.00934 0.989551
4300 pop1 1.01118 0.991348
4300 pop2 1.00934 0.989547
4400 pop1 1.01134 0.991511
4400 pop2 1.00947 0.989673
4500 pop1 1.01307 0.993207
4500 pop2 1.00752 0.987766
4600 pop1 1.01186 0.992018
4600 pop2 1.00824 0.988472
4700 pop1 1.01169 0.991855
4700 pop2 1.00803 0.988262
4800 pop1 1.012 0.992157
4800 pop2 1.00851 0.98874
4900 pop1 1.01118 0.991352
4900 pop2 1.00926 0.989468
5000 pop1 1.01229 0.992442
5000 pop2 1.00802 0.988259
