1 pop1 1.0 0.833333
1 pop2 1.0 0.833333
100 pop1 1.19039 0.991995
100 pop2 1.1889 0.990748
200 pop1 1.19271 0.993923
200 pop2 1.19082 0.992349
300 pop1 1.18794 0.989951
300 pop2 1.18988 0.99157
400 pop1 1.19167 0.993056
400 pop2 1.19148 0.992902
500 pop1 1.19541 0.996173
500 pop2 1.18709 0.98924
600 pop1 1.19181 0.993171
600 pop2 1.19255 0.993794
700 pop1 1.19272 0.99393
700 pop2 1.18929 0.991077
800 pop1 1.19404 0.995032
800 pop2 1.18971 0.991427
900 pop1 1.19321 0.994339
900 pop2 1.19008 0.99173
1000 pop1 1.19036 0.991966
1000 pop2 1.19091 0.992427
1100 pop1 1.20056 1.00047
1100 pop2 0.991464 0.82622
1200 pop1 1.19501 0.995838
1200 pop2 0.993095 0.827579
1300 pop1 1.20172 1.00143
1300 pop2 0.991074 0.825895
1400 pop1 1.20053 1.00044
1400 pop2 0.990865 0.825721
1500 pop1 1.20262 1.00218
1500 pop2 0.994008 0.82834
1600 pop1 1.20431 1.00359
1600 pop2 0.994212 0.82851
1700 pop1 1.20452 1.00376
1700 pop2 0.996563 0.830469
1800 pop1 1.20842 1.00702
1800 pop2 0.995058 0.829215
1900 pop1 1.20883 1.00736
1900 pop2 0.997894 0.831578
2000 pop1 1.20863 1.00719
2000 pop2 0.998869 0.832391
2100 pop1 1.21008 1.0084
2100 pop2 0.997699 0.831416
2200 pop1 1.21009 1.00841
2200 pop2 0.999532 0.832943
2300 pop1 1.21011 1.00843
2300 pop2 0.999844 0.833203
2400 pop1 1.21015 1.00846
2400 pop2 0.999883 0.833236
2500 pop1 1.21012 1.00844
2500 pop2 0.999493 0.832911
2600 pop1 1.21 1.00833
2600 pop2 1.0 0.833333
2700 pop1 1.21 1.00833
2700 pop2 1.0 0.833333
2800 pop1 1.21 1.00833
2800 pop2 1.0 0.833333
2900 pop1 1.21 1.00833
2900 pop2 1.0 0.833333
3000 pop1 1.21 1.00833
3000 pop2 1.0 0.833333
3100 pop1 1.21 1.00833
3100 pop2 1.0 0.833333
3200 pop1 1.21 1.00833
3200 pop2 1.0 0.833333
3300 pop1 1.21 1.00833
3300 pop2 1.0 0.833333
3400 pop1 1.21 1.00833
3400 pop2 1.0 0.833333
3500 pop1 1.21 1.00833
3500 pop2 1.0 0.833333
3600 pop1 1.21 1.00833
3600 pop2 1.0 0.833333
3700 pop1 1.21 1.00833
3700 pop2 1.0 0.833333
3800 pop1 1.21 1.00833
3800 pop2 1.0 0.833333
3900 pop1 1.21 1.00833
3900 pop2 1.0 0.833333
4000 pop1 1.21 1.00833
4000 pop2 1.0 0.833333
4100 pop1 1.21 1.00833
4100 pop2 1.0 0.833333
4200 pop1 1.21 1.00833
4200 pop2 1.0 0.833333
4300 pop1 1.21 1.00833
4300 pop2 1.0 0.833333
4400 pop1 1.21 1.00833
4400 pop2 1.0 0.833333
4500 pop1 1.21 1.00833
4500 pop2 1.0 0.833333
4600 pop1 1.21 1.00833
4600 pop2 1.0 0.833333
4700 pop1 1.21 1.00833
4700 pop2 1.0 0.833333
4800 pop1 1.21 1.00833
4800 pop2 1.0 0.833333
4900 pop1 1.21 1.00833
4900 pop2 1.0 0.833333
5000 pop1 1.21 1.00833
5000 pop2 1.0 0.833333
