1 pop1 1.0 0.980392
1 pop2 1.0 0.980392
100 pop1 1.00972 0.989921
100 pop2 1.00717 0.987419
200 pop1 1.0101 0.990291
200 pop2 1.00635 0.986618
300 pop1 1.00671 0.98697
300 pop2 1.00895 0.989162
400 pop1 1.00791 0.988152
400 pop2 1.00789 0.988126
500 pop1 1.00822 0.98845
500 pop2 1.00978 0.989977
600 pop1 1.0058 0.986081
600 pop2 1.01084 0.991016
700 pop1 1.00616 0.986427
700 pop2 1.01134 0.991515
800 pop1 1.00698 0.987234
800 pop2 1.01065 0.990834
900 pop1 1.00978 0.989976
900 pop2 1.00872 0.988942
1000 pop1 1.00609 0.986361
1000 pop2 1.00782 0.988061
1100 pop1 1.01 0.990193
1100 pop2 0.997048 0.977498
1200 pop1 1.01234 0.992489
1200 pop2 0.99618 0.976647
1300 pop1 1.0171 0.997159
1300 pop2 0.995443 0.975924
1400 pop1 1.01648 0.99655
1400 pop2 0.994937 0.975428
1500 pop1 1.01774 0.997782
1500 pop2 0.994828 0.975321
1600 pop1 1.01957 0.999578
1600 pop2 0.994694 0.975191
1700 pop1 1.01947 0.999483
1700 pop2 0.993804 0.974317
1800 pop1 1.01962 0.999632
1800 pop2 0.996049 0.976519
1900 pop1 1.01939 0.9994
1900 pop2 0.996891 0.977344
2000 pop1 1.01994 0.999946
2000 pop2 0.99643 0.976892
2100 pop1 1.01996 0.999965
2100 pop2 0.996705 0.977162
2200 pop1 1.01997 0.999971
2200 pop2 0.997032 0.977483
2300 pop1 1.0198 0.999804
2300 pop2 0.998093 0.978523
2400 pop1 1.0194 0.999416
2400 pop2 0.998863 0.979277
2500 pop1 1.01959 0.999599
2500 pop2 0.998512 0.978934
2600 pop1 1.01987 0.999871
2600 pop2 0.999653 0.980052
2700 pop1 1.0201 1.0001
2700 pop2 0.999717 0.980114
2800 pop1 1.01955 0.999554
2800 pop2 0.999733 0.98013
2900 pop1 1.01967 0.999673
2900 pop2 0.999537 0.979938
3000 pop1 1.01979 0.999793
3000 pop2 0.999453 0.979856
3100 pop1 1.01986 0.999864
3100 pop2 0.999413 0.979817
3200 pop1 1.0201 1.0001
3200 pop2 0.999773 0.980169
3300 pop1 1.0201 1.0001
3300 pop2 0.999892 0.980287
3400 pop1 1.0201 1.0001
3400 pop2 0.999828 0.980224
3500 pop1 1.0201 1.0001
3500 pop2 0.999286 0.979692
3600 pop1 1.0201 1.0001
3600 pop2 0.999721 0.980118
3700 pop1 1.0201 1.0001
3700 pop2 0.999844 0.98024
3800 pop1 1.0201 1.0001
3800 pop2 0.999701 0.980099
3900 pop1 1.0201 1.0001
3900 pop2 0.999685 0.980083
4000 pop1 1.0201 1.0001
4000 pop2 0.99927 0.979676
4100 pop1 1.0201 1.0001
4100 pop2 0.999198 0.979606
4200 pop1 1.0201 1.0001
4200 pop2 0.999753 0.98015
4300 pop1 1.0201 1.0001
4300 pop2 0.999449 0.979852
4400 pop1 1.0201 1.0001
4400 pop2 0.999653 0.980052
4500 pop1 1.0201 1.0001
4500 pop2 0.999781 0.980177
4600 pop1 1.0201 1.0001
4600 pop2 1.0 0.980392
4700 pop1 1.0201 1.0001
4700 pop2 1.0 0.980392
4800 pop1 1.0201 1.0001
4800 pop2 1.0 0.980392
4900 pop1 1.0201 1.0001
4900 pop2 1.0 0.980392
5000 pop1 1.0201 1.0001
5000 pop2 1.0 0.980392
