1 pop1 1.0 0.909091
1 pop2 1.0 0.909091
100 pop1 1.08233 0.983938
100 pop2 1.08139 0.983085
200 pop1 1.07991 0.981733
200 pop2 1.08057 0.982337
300 pop1 1.08059 0.982352
300 pop2 1.08258 0.984159
400 pop1 1.08138 0.983069
400 pop2 1.08386 0.985331
500 pop1 1.08303 0.98457
500 pop2 1.083 0.984544
600 pop1 1.08469 0.986078
600 pop2 1.08703 0.988207
700 pop1 1.08354 0.985032
700 pop2 1.08599 0.987259
800 pop1 1.08432 0.985749
800 pop2 1.08158 0.983254
900 pop1 1.08407 0.985519
900 pop2 1.08364 0.985124
1000 pop1 1.08452 0.985925
1000 pop2 1.08346 0.984965
1100 pop1 1.08909 0.99008
1100 pop2 1.07315 0.975587
1200 pop1 1.08484 0.986214
1200 pop2 1.08176 0.983422
1300 pop1 1.08308 0.984615
1300 pop2 1.08183 0.983482
1400 pop1 1.07797 0.979974
1400 pop2 1.08579 0.987085
1500 pop1 1.08072 0.982477
1500 pop2 1.08617 0.987427
1600 pop1 1.089 0.990002
1600 pop2 1.08071 0.982463
1700 pop1 1.08464 0.986038
1700 pop2 1.08614 0.987398
1800 pop1 1.08831 0.98937
1800 pop2 1.08776 0.988873
1900 pop1 1.08854 0.989578
1900 pop2 1.08205 0.983682
2000 pop1 1.08555 0.986865
2000 pop2 1.08277 0.984339
2100 pop1 1.08638 0.98762
2100 pop2 1.08263 0.984213
2200 pop1 1.08964 0.990582
2200 pop2 1.0855 0.986819
2300 pop1 1.085 0.986363
2300 pop2 1.0835 0.985004
2400 pop1 1.08633 0.987577
2400 pop2 1.08399 0.985449
2500 pop1 1.08218 0.983804
2500 pop2 1.08713 0.988304
2600 pop1 1.08223 0.983843
2600 pop2 1.08726 0.988421
2700 pop1 1.08757 0.988697
2700 pop2 1.08621 0.987459
2800 pop1 1.08691 0.988098
2800 pop2 1.08713 0.988304
2900 pop1 1.08869 0.989716
2900 pop2 1.08664 0.987853
3000 pop1 1.08683 0.98803
3000 pop2 1.0868 0.988003
3100 pop1 1.08826 0.989329
3100 pop2 1.08474 0.986124
3200 pop1 1.08485 0.98623
3200 pop2 1.08763 0.988756
3300 pop1 1.08671 0.987919
3300 pop2 1.08333 0.984849
3400 pop1 1.08546 0.986779
3400 pop2 1.08615 0.987407
3500 pop1 1.08151 0.983191
3500 pop2 1.08883 0.989843
3600 pop1 1.08559 0.9869
3600 pop2 1.08614 0.987401
3700 pop1 1.08515 0.986496
3700 pop2 1.08509 0.986446
3800 pop1 1.08407 0.985515
3800 pop2 1.08743 0.988572
3900 pop1 1.08587 0.987156
3900 pop2 1.08664 0.987853
4000 pop1 1.08638 0.987617
4000 pop2 1.08387 0.985339
4100 pop1 1.0793 0.981184
4100 pop2 1.08798 0.989074
4200 pop1 1.08813 0.98921
4200 pop2 1.0854 0.986732
4300 pop1 1.08898 0.989982
4300 pop2 1.08385 0.985317
4400 pop1 1.0846 0.985998
4400 pop2 1.0791 0.980997
4500 pop1 1.08339 0.984899
4500 pop2 1.08722 0.988383
4600 pop1 1.08538 0.986707
4600 pop2 1.08705 0.98823
4700 pop1 1.08288 0.984437
4700 pop2 1.0884 0.989454
4800 pop1 1.08738 0.98853
4800 pop2 1.08397 0.985427
4900 pop1 1.08699 0.98817
4900 pop2 1.08189 0.983536
5000 pop1 1.08905 0.990042
5000 pop2 1.08621 0.987461
