1 pop1 1.0 0.909091
1 pop2 1.0 0.909091
100 pop1 1.03367 0.939701
100 pop2 1.03136 0.937602
200 pop1 1.03456 0.940505
200 pop2 1.03154 0.937761
300 pop1 1.03314 0.939218
300 pop2 1.03425 0.940229
400 pop1 1.03048 0.936801
400 pop2 1.03554 0.941396
500 pop1 1.03896 0.944509
500 pop2 1.03584 0.941672
600 pop1 1.03012 0.936473
600 pop2 1.03057 0.936883
700 pop1 1.03556 0.941415
700 pop2 1.04194 0.947218
800 pop1 1.03639 0.942168
800 pop2 1.03678 0.942523
900 pop1 1.02805 0.934592
900 pop2 1.03453 0.940484
1000 pop1 1.02941 0.935831
1000 pop2 1.03925 0.944771
1100 pop1 1.05693 0.960847
1100 pop2 1.05411 0.958284
1200 pop1 1.0512 0.955638
1200 pop2 1.06686 0.969877
1300 pop1 1.04318 0.948341
1300 pop2 1.06985 0.97259
1400 pop1 1.05071 0.955189
1400 pop2 1.0666 0.969633
1500 pop1 1.05073 0.955212
1500 pop2 1.06457 0.967791
1600 pop1 1.05098 0.955432
1600 pop2 1.06403 0.967301
1700 pop1 1.05278 0.95707
1700 pop2 1.05876 0.962511
1800 pop1 1.05136 0.955785
1800 pop2 1.06787 0.970792
1900 pop1 1.05302 0.957287
1900 pop2 1.06523 0.968391
2000 pop1 1.04811 0.952826
2000 pop2 1.07071 0.973371
2100 pop1 1.05764 0.961494
2100 pop2 1.06587 0.968974
2200 pop1 1.05661 0.960559
2200 pop2 1.06365 0.966957
2300 pop1 1.05622 0.960202
2300 pop2 1.06865 0.971497
2400 pop1 1.05572 0.959743
2400 pop2 1.06549 0.968624
2500 pop1 1.0628 0.966183
2500 pop2 1.06105 0.964591
2600 pop1 1.06283 0.966212
2600 pop2 1.06075 0.964316
2700 pop1 1.0639 0.967186
2700 pop2 1.05849 0.962267
2800 pop1 1.06107 0.964611
2800 pop2 1.06319 0.966532
2900 pop1 1.06351 0.966825
2900 pop2 1.05704 0.960945
3000 pop1 1.05856 0.962327
3000 pop2 1.06557 0.968697
3100 pop1 1.05844 0.962217
3100 pop2 1.06236 0.965781
3200 pop1 1.05884 0.962581
3200 pop2 1.0626 0.966003
3300 pop1 1.05757 0.961431
3300 pop2 1.06459 0.967809
3400 pop1 1.05879 0.962535
3400 pop2 1.06335 0.966682
3500 pop1 1.06633 0.969389
3500 pop2 1.06026 0.963874
3600 pop1 1.06027 0.963884
3600 pop2 1.06219 0.965628
3700 pop1 1.05335 0.957592
3700 pop2 1.06844 0.971312
3800 pop1 1.05898 0.962713
3800 pop2 1.06722 0.970201
3900 pop1 1.06413 0.967387
3900 pop2 1.05997 0.963608
4000 pop1 1.06166 0.965145
4000 pop2 1.05808 0.961895
4100 pop1 1.06002 0.963657
4100 pop2 1.06367 0.966972
4200 pop1 1.06638 0.96944
4200 pop2 1.05554 0.959578
4300 pop1 1.06556 0.968692
4300 pop2 1.05691 0.960828
4400 pop1 1.06475 0.967958
4400 pop2 1.05916 0.962875
4500 pop1 1.05482 0.958923
4500 pop2 1.06606 0.969144
4600 pop1 1.06141 0.964914
4600 pop2 1.06274 0.966131
4700 pop1 1.06731 0.970283
4700 pop2 1.05718 0.961069
4800 pop1 1.06553 0.968668
4800 pop2 1.05786 0.961693
4900 pop1 1.05874 0.962486
4900 pop2 1.06527 0.968429
5000 pop1 1.05884 0.962578
5000 pop2 1.06262 0.966019
