1 pop1 1.0 0.909091
1 pop2 1.0 0.909091
100 pop1 1.0808 0.982542
100 pop2 1.07993 0.981758
200 pop1 1.08402 0.985473
200 pop2 1.08386 0.985329
300 pop1 1.08411 0.985555
300 pop2 1.08235 0.983956
400 pop1 1.08458 0.98598
400 pop2 1.08541 0.986735
500 pop1 1.08192 0.983568
500 pop2 1.08836 0.98942
600 pop1 1.08633 0.987574
600 pop2 1.08235 0.983952
700 pop1 1.08464 0.986036
700 pop2 1.08517 0.98652
800 pop1 1.08266 0.984237
800 pop2 1.08524 0.98658
900 pop1 1.08399 0.985448
900 pop2 1.08345 0.984951
1000 pop1 1.08392 0.985381
1000 pop2 1.08603 0.987297
1100 pop1 1.09185 0.992593
1100 pop2 0.990865 0.900787
1200 pop1 1.09515 0.995591
1200 pop2 0.989066 0.899151
1300 pop1 1.0941 0.994634
1300 pop2 0.990338 0.900308
1400 pop1 1.09404 0.994583
1400 pop2 0.992224 0.902022
1500 pop1 1.09664 0.996949
1500 pop2 0.994883 0.904439
1600 pop1 1.09641 0.996737
1600 pop2 0.995223 0.904748
1700 pop1 1.09983 0.999843
1700 pop2 0.994768 0.904334
1800 pop1 1.10196 1.00178
1800 pop2 0.997211 0.906555
1900 pop1 1.10164 1.00149
1900 pop2 0.998442 0.907674
2000 pop1 1.10196 1.00178
2000 pop2 0.998486 0.907715
2100 pop1 1.10257 1.00234
2100 pop2 0.998581 0.907801
2200 pop1 1.10253 1.0023
2200 pop2 0.998934 0.908122
2300 pop1 1.10252 1.00229
2300 pop2 0.999552 0.908683
2400 pop1 1.10251 1.00228
2400 pop2 1.0 0.909091
2500 pop1 1.1025 1.00227
2500 pop2 0.99998 0.909073
2600 pop1 1.1025 1.00227
2600 pop2 1.0 0.909091
2700 pop1 1.1025 1.00227
2700 pop2 1.0 0.909091
2800 pop1 1.1025 1.00227
2800 pop2 1.0 0.909091
2900 pop1 1.1025 1.00227
2900 pop2 1.0 0.909091
3000 pop1 1.1025 1.00227
3000 pop2 1.0 0.909091
3100 pop1 1.1025 1.00227
3100 pop2 1.0 0.909091
3200 pop1 1.1025 1.00227
3200 pop2 1.0 0.909091
3300 pop1 1.1025 1.00227
3300 pop2 1.0 0.909091
3400 pop1 1.1025 1.00227
3400 pop2 1.0 0.909091
3500 pop1 1.1025 1.00227
3500 pop2 1.0 0.909091
3600 pop1 1.1025 1.00227
3600 pop2 1.0 0.909091
3700 pop1 1.1025 1.00227
3700 pop2 1.0 0.909091
3800 pop1 1.1025 1.00227
3800 pop2 1.0 0.909091
3900 pop1 1.1025 1.00227
3900 pop2 1.0 0.909091
4000 pop1 1.1025 1.00227
4000 pop2 1.0 0.909091
4100 pop1 1.1025 1.00227
4100 pop2 1.0 0.909091
4200 pop1 1.1025 1.00227
4200 pop2 1.0 0.909091
4300 pop1 1.1025 1.00227
4300 pop2 1.0 0.909091
4400 pop1 1.1025 1.00227
4400 pop2 1.0 0.909091
4500 pop1 1.1025 1.00227
4500 pop2 1.0 0.909091
4600 pop1 1.1025 1.00227
4600 pop2 1.0 0.909091
4700 pop1 1.1025 1.00227
4700 pop2 1.0 0.909091
4800 pop1 1.1025 1.00227
4800 pop2 1.0 0.909091
4900 pop1 1.1025 1.00227
4900 pop2 1.0 0.909091
5000 pop1 1.1025 1.00227
5000 pop2 1.0 0.909091
