1 pop1 1.0 0.833333
1 pop2 1.0 0.833333
100 pop1 1.07166 0.89305
100 pop2 1.07229 0.893578
200 pop1 1.07763 0.898027
200 pop2 1.06679 0.888995
300 pop1 1.0739 0.894918
300 pop2 1.07223 0.893525
400 pop1 1.06079 0.883992
400 pop2 1.07698 0.897485
500 pop1 1.07013 0.891779
500 pop2 1.07088 0.892403
600 pop1 1.07026 0.891885
600 pop2 1.07027 0.89189
700 pop1 1.07381 0.894844
700 pop2 1.07401 0.895008
800 pop1 1.07373 0.894777
800 pop2 1.0669 0.889086
900 pop1 1.08257 0.902139
900 pop2 1.06445 0.887039
1000 pop1 1.07168 0.893071
1000 pop2 1.07908 0.899231
1100 pop1 1.09137 0.909476
1100 pop2 1.13486 0.945717
1200 pop1 1.09721 0.914344
1200 pop2 1.13385 0.944876
1300 pop1 1.09746 0.914552
1300 pop2 1.13314 0.944283
1400 pop1 1.09673 0.913941
1400 pop2 1.14699 0.955823
1500 pop1 1.11541 0.929509
1500 pop2 1.12891 0.940757
1600 pop1 1.12586 0.938217
1600 pop2 1.11782 0.931515
1700 pop1 1.12184 0.934867
1700 pop2 1.12138 0.934482
1800 pop1 1.1196 0.933002
1800 pop2 1.12407 0.936725
1900 pop1 1.11838 0.931986
1900 pop2 1.12486 0.937384
2000 pop1 1.12229 0.935245
2000 pop2 1.11879 0.932327
2100 pop1 1.11599 0.929992
2100 pop2 1.12784 0.939866
2200 pop1 1.12407 0.936729
2200 pop2 1.12023 0.933522
2300 pop1 1.11999 0.933322
2300 pop2 1.12392 0.936599
2400 pop1 1.12232 0.935267
2400 pop2 1.12246 0.935383
2500 pop1 1.13412 0.945098
2500 pop2 1.10947 0.924562
2600 pop1 1.12103 0.934193
2600 pop2 1.12115 0.934293
2700 pop1 1.11444 0.928703
2700 pop2 1.123 0.935834
2800 pop1 1.1258 0.938164
2800 pop2 1.11433 0.928605
2900 pop1 1.12 0.933334
2900 pop2 1.11581 0.929844
3000 pop1 1.12328 0.936064
3000 pop2 1.12177 0.934809
3100 pop1 1.12152 0.934598
3100 pop2 1.11849 0.932077
3200 pop1 1.13274 0.943948
3200 pop2 1.11114 0.925949
3300 pop1 1.12642 0.938687
3300 pop2 1.11603 0.930029
3400 pop1 1.13115 0.942627
3400 pop2 1.11328 0.927731
3500 pop1 1.11834 0.931953
3500 pop2 1.1317 0.94308
3600 pop1 1.12812 0.940103
3600 pop2 1.11939 0.932829
3700 pop1 1.12863 0.940526
3700 pop2 1.11635 0.930296
3800 pop1 1.12044 0.933698
3800 pop2 1.11763 0.931356
3900 pop1 1.12112 0.934269
3900 pop2 1.11887 0.932395
4000 pop1 1.12322 0.936016
4000 pop2 1.12471 0.937258
4100 pop1 1.12625 0.938543
4100 pop2 1.11454 0.928787
4200 pop1 1.12902 0.940853
4200 pop2 1.11582 0.929852
4300 pop1 1.13314 0.944284
4300 pop2 1.11072 0.9256
4400 pop1 1.1272 0.939332
4400 pop2 1.11539 0.929488
4500 pop1 1.11534 0.929452
4500 pop2 1.12534 0.937786
4600 pop1 1.13196 0.943302
4600 pop2 1.11587 0.929894
4700 pop1 1.12266 0.935547
4700 pop2 1.12291 0.93576
4800 pop1 1.11386 0.928216
4800 pop2 1.12428 0.936902
4900 pop1 1.12973 0.941439
4900 pop2 1.11927 0.932725
5000 pop1 1.1176 0.931334
5000 pop2 1.12507 0.937561
