1 pop1 1.0 0.980392
1 pop2 1.0 0.980392
100 pop1 1.0012 0.981564
100 pop2 1.00052 0.980902
200 pop1 0.999734 0.980132
200 pop2 1.00283 0.983163
300 pop1 0.999615 0.980014
300 pop2 1.00316 0.983488
400 pop1 0.999097 0.979507
400 pop2 1.00253 0.982873
500 pop1 1.00102 0.981395
500 pop2 1.00111 0.981481
600 pop1 1.00011 0.980502
600 pop2 1.00178 0.982134
700 pop1 0.999418 0.979821
700 pop2 1.00261 0.982953
800 pop1 1.00201 0.982359
800 pop2 0.999233 0.97964
900 pop1 1.00279 0.983131
900 pop2 0.997985 0.978417
1000 pop1 1.0009 0.981272
1000 pop2 1.00099 0.981361
1100 pop1 1.0037 0.984019
1100 pop2 1.00712 0.987371
1200 pop1 1.00639 0.986653
1200 pop2 1.00871 0.988933
1300 pop1 1.00808 0.988312
1300 pop2 1.01047 0.990655
1400 pop1 1.00669 0.986952
1400 pop2 1.01219 0.992343
1500 pop1 1.00743 0.987672
1500 pop2 1.0107 0.990878
1600 pop1 1.00727 0.987521
1600 pop2 1.01145 0.991615
1700 pop1 1.00657 0.986832
1700 pop2 1.01328 0.993412
1800 pop1 1.00454 0.984841
1800 pop2 1.01522 0.99531
1900 pop1 1.0047 0.985001
1900 pop2 1.01564 0.995728
2000 pop1 1.00357 0.983894
2000 pop2 1.01576 0.995847
2100 pop1 1.0034 0.983726
2100 pop2 1.01579 0.99587
2200 pop1 1.00432 0.984628
2200 pop2 1.01577 0.995853
2300 pop1 1.00438 0.984689
2300 pop2 1.01572 0.995805
2400 pop1 1.00296 0.983294
2400 pop2 1.01678 0.996844
2500 pop1 1.00405 0.984361
2500 pop2 1.01593 0.996007
2600 pop1 1.00437 0.984678
2600 pop2 1.01457 0.994679
2700 pop1 1.00426 0.984567
2700 pop2 1.0153 0.995396
2800 pop1 1.00364 0.983958
2800 pop2 1.01589 0.995975
2900 pop1 1.00473 0.985025
2900 pop2 1.01548 0.995569
3000 pop1 1.0039 0.984215
3000 pop2 1.01567 0.995754
3100 pop1 1.00456 0.98486
3100 pop2 1.01497 0.995072
3200 pop1 1.004 0.984318
3200 pop2 1.01618 0.996259
3300 pop1 1.00191 0.98226
3300 pop2 1.01789 0.99793
3400 pop1 1.00216 0.982505
3400 pop2 1.01758 0.997629
3500 pop1 1.00276 0.983101
3500 pop2 1.01655 0.996618
3600 pop1 1.00335 0.983677
3600 pop2 1.01684 0.996898
3700 pop1 1.00358 0.983906
3700 pop2 1.01662 0.996682
3800 pop1 1.00228 0.982629
3800 pop2 1.01779 0.997834
3900 pop1 1.00353 0.983855
3900 pop2 1.01642 0.996492
4000 pop1 1.00456 0.984859
4000 pop2 1.01555 0.995636
4100 pop1 1.00332 0.98365
4100 pop2 1.01675 0.996818
4200 pop1 1.00382 0.984136
4200 pop2 1.01578 0.995866
4300 pop1 1.00311 0.983437
4300 pop2 1.01667 0.996735
4400 pop1 1.00298 0.983318
4400 pop2 1.01716 0.997217
4500 pop1 1.00258 0.982918
4500 pop2 1.0176 0.997642
4600 pop1 1.00289 0.983221
4600 pop2 1.01706 0.997115
4700 pop1 1.0017 0.982059
4700 pop2 1.01822 0.998258
4800 pop1 1.00214 0.982486
4800 pop2 1.01839 0.998419
4900 pop1 1.00263 0.982973
4900 pop2 1.01756 0.997604
5000 pop1 1.00154 0.981898
5000 pop2 1.01834 0.99837
