1 pop1 1.0 0.909091
1 pop2 1.0 0.909091
100 pop1 1.0801 0.981907
100 pop2 1.08672 0.98793
200 pop1 1.08519 0.986536
200 pop2 1.08114 0.982854
300 pop1 1.08179 0.983445
300 pop2 1.08436 0.985785
400 pop1 1.08608 0.987344
400 pop2 1.07309 0.975537
500 pop1 1.08033 0.982115
500 pop2 1.08746 0.988598
600 pop1 1.08045 0.982224
600 pop2 1.08497 0.986341
700 pop1 1.08498 0.986349
700 pop2 1.08274 0.984308
800 pop1 1.07764 0.979673
800 pop2 1.08211 0.983737
900 pop1 1.08414 0.985582
900 pop2 1.08077 0.982516
1000 pop1 1.08595 0.987224
1000 pop2 1.08566 0.986965
1100 pop1 1.09014 0.991039
1100 pop2 1.0614 0.964911
1200 pop1 1.08652 0.987745
1200 pop2 1.08626 0.987513
1300 pop1 1.08562 0.986924
1300 pop2 1.08713 0.988297
1400 pop1 1.08147 0.983156
1400 pop2 1.08729 0.988447
1500 pop1 1.08345 0.984952
1500 pop2 1.08618 0.987437
1600 pop1 1.08711 0.988279
1600 pop2 1.08238 0.983978
1700 pop1 1.08606 0.987329
1700 pop2 1.08264 0.984215
1800 pop1 1.08561 0.986916
1800 pop2 1.08749 0.988625
1900 pop1 1.09063 0.991483
1900 pop2 1.08565 0.986959
2000 pop1 1.08753 0.988667
2000 pop2 1.08202 0.983652
2100 pop1 1.08416 0.985596
2100 pop2 1.08385 0.985315
2200 pop1 1.08098 0.982708
2200 pop2 1.08788 0.98898
2300 pop1 1.08737 0.988519
2300 pop2 1.08807 0.989153
2400 pop1 1.08629 0.987539
2400 pop2 1.08544 0.986764
2500 pop1 1.08512 0.986475
2500 pop2 1.0809 0.982632
2600 pop1 1.08819 0.989266
2600 pop2 1.08025 0.982046
2700 pop1 1.08816 0.989233
2700 pop2 1.08494 0.986311
2800 pop1 1.08625 0.987499
2800 pop2 1.08274 0.984305
2900 pop1 1.08555 0.986863
2900 pop2 1.08587 0.987156
3000 pop1 1.08663 0.98785
3000 pop2 1.08655 0.98777
3100 pop1 1.08577 0.98706
3100 pop2 1.08712 0.988288
3200 pop1 1.08166 0.983326
3200 pop2 1.08482 0.986201
3300 pop1 1.08693 0.988122
3300 pop2 1.08451 0.985917
3400 pop1 1.08166 0.983324
3400 pop2 1.08634 0.987578
3500 pop1 1.08657 0.987791
3500 pop2 1.08522 0.986559
3600 pop1 1.08558 0.986891
3600 pop2 1.08493 0.986297
3700 pop1 1.08297 0.984517
3700 pop2 1.08406 0.985507
3800 pop1 1.0868 0.988003
3800 pop2 1.08821 0.989281
3900 pop1 1.08786 0.988964
3900 pop2 1.08294 0.98449
4000 pop1 1.08391 0.985375
4000 pop2 1.08611 0.987369
4100 pop1 1.08349 0.984993
4100 pop2 1.08515 0.986496
4200 pop1 1.08542 0.98675
4200 pop2 1.08373 0.985207
4300 pop1 1.08072 0.982471
4300 pop2 1.08492 0.986294
4400 pop1 1.08329 0.984807
4400 pop2 1.08569 0.986992
4500 pop1 1.0871 0.988269
4500 pop2 1.08342 0.984924
4600 pop1 1.08583 0.98712
4600 pop2 1.08581 0.987103
4700 pop1 1.08543 0.986755
4700 pop2 1.08422 0.985655
4800 pop1 1.08777 0.988883
4800 pop2 1.08461 0.986009
4900 pop1 1.08341 0.98492
4900 pop2 1.08302 0.984568
5000 pop1 1.08181 0.98346
5000 pop2 1.08721 0.988377
