1 pop1 1.0 0.833333
1 pop2 1.0 0.833333
100 pop1 1.05754 0.881281
100 pop2 1.06455 0.887128
200 pop1 1.06788 0.889898
200 pop2 1.06572 0.888097
300 pop1 1.06336 0.886133
300 pop2 1.07529 0.896071
400 pop1 1.06813 0.89011
400 pop2 1.08005 0.900039
500 pop1 1.07452 0.895435
500 pop2 1.06679 0.888991
600 pop1 1.06721 0.889341
600 pop2 1.06763 0.889689
700 pop1 1.07474 0.895613
700 pop2 1.0685 0.89042
800 pop1 1.06165 0.884709
800 pop2 1.06825 0.890212
900 pop1 1.06652 0.888765
900 pop2 1.07807 0.89839
1000 pop1 1.06376 0.886463
1000 pop2 1.07195 0.893291
1100 pop1 1.0969 0.914087
1100 pop2 1.13198 0.943316
1200 pop1 1.1021 0.918413
1200 pop2 1.12756 0.939631
1300 pop1 1.10273 0.918945
1300 pop2 1.13765 0.948042
1400 pop1 1.10939 0.924495
1400 pop2 1.13092 0.942435
1500 pop1 1.11102 0.925849
1500 pop2 1.12448 0.937067
1600 pop1 1.10849 0.923742
1600 pop2 1.13313 0.944273
1700 pop1 1.11649 0.930407
1700 pop2 1.12666 0.938885
1800 pop1 1.12593 0.938272
1800 pop2 1.11529 0.929407
1900 pop1 1.11811 0.93176
1900 pop2 1.12474 0.937282
2000 pop1 1.11846 0.932052
2000 pop2 1.12373 0.936442
2100 pop1 1.12341 0.936179
2100 pop2 1.11282 0.927347
2200 pop1 1.13739 0.947822
2200 pop2 1.11066 0.92555
2300 pop1 1.12831 0.940259
2300 pop2 1.11573 0.929771
2400 pop1 1.12204 0.935033
2400 pop2 1.12111 0.934255
2500 pop1 1.12601 0.938342
2500 pop2 1.1235 0.936246
2600 pop1 1.11901 0.932512
2600 pop2 1.12191 0.934925
2700 pop1 1.1201 0.933417
2700 pop2 1.1241 0.936749
2800 pop1 1.12362 0.936348
2800 pop2 1.13172 0.943101
2900 pop1 1.11626 0.930215
2900 pop2 1.12335 0.936128
3000 pop1 1.13038 0.941987
3000 pop2 1.11072 0.925597
3100 pop1 1.12997 0.941639
3100 pop2 1.11756 0.931296
3200 pop1 1.11771 0.931421
3200 pop2 1.12466 0.937218
3300 pop1 1.12853 0.94044
3300 pop2 1.1161 0.930087
3400 pop1 1.11963 0.933028
3400 pop2 1.12253 0.935438
3500 pop1 1.12594 0.938284
3500 pop2 1.11872 0.932267
3600 pop1 1.12364 0.936369
3600 pop2 1.12069 0.933912
3700 pop1 1.12218 0.935147
3700 pop2 1.11762 0.931354
3800 pop1 1.11576 0.929803
3800 pop2 1.1251 0.937584
3900 pop1 1.12262 0.935521
3900 pop2 1.12251 0.935428
4000 pop1 1.12546 0.937882
4000 pop2 1.11641 0.930344
4100 pop1 1.13047 0.942056
4100 pop2 1.12044 0.933701
4200 pop1 1.12566 0.938047
4200 pop2 1.12132 0.934433
4300 pop1 1.11954 0.932954
4300 pop2 1.12701 0.939177
4400 pop1 1.12428 0.936903
4400 pop2 1.11838 0.93198
4500 pop1 1.11888 0.932399
4500 pop2 1.1229 0.935751
4600 pop1 1.12685 0.939039
4600 pop2 1.12121 0.934344
4700 pop1 1.12373 0.936443
4700 pop2 1.1193 0.932753
4800 pop1 1.11715 0.930958
4800 pop2 1.11772 0.931433
4900 pop1 1.11882 0.932352
4900 pop2 1.1272 0.939332
5000 pop1 1.12586 0.938214
5000 pop2 1.11788 0.931568
