1 pop1 1.0 0.980392
1 pop2 1.0 0.980392
100 pop1 1.0052 0.985494
100 pop2 1.00479 0.985091
200 pop1 1.00783 0.988068
200 pop2 1.00556 0.985845
300 pop1 1.00677 0.987026
300 pop2 1.00438 0.984691
400 pop1 1.00638 0.986645
400 pop2 1.00424 0.984551
500 pop1 1.00833 0.988554
500 pop2 1.00304 0.983375
600 pop1 1.0078 0.988041
600 pop2 1.00638 0.986648
700 pop1 1.00538 0.985668
700 pop2 1.00525 0.985541
800 pop1 1.00552 0.985807
800 pop2 1.0055 0.985782
900 pop1 1.0058 0.986083
900 pop2 1.00747 0.987718
1000 pop1 1.00671 0.986968
1000 pop2 1.00314 0.983469
1100 pop1 1.01052 0.99071
1100 pop2 1.00394 0.984259
1200 pop1 1.01179 0.991952
1200 pop2 1.00855 0.988773
1300 pop1 1.01148 0.991647
1300 pop2 1.00955 0.989757
1400 pop1 1.01072 0.9909
1400 pop2 1.01192 0.992077
1500 pop1 1.0121 0.992254
1500 pop2 1.01312 0.993259
1600 pop1 1.01084 0.991019
1600 pop2 1.01199 0.99215
1700 pop1 1.01128 0.991455
1700 pop2 1.01154 0.991705
1800 pop1 1.01215 0.992306
1800 pop2 1.01081 0.990989
1900 pop1 1.01248 0.992629
1900 pop2 1.00953 0.989737
2000 pop1 1.01264 0.992783
2000 pop2 1.01088 0.991062
2100 pop1 1.01278 0.992918
2100 pop2 1.00971 0.989908
2200 pop1 1.01338 0.99351
2200 pop2 1.01232 0.992471
2300 pop1 1.0136 0.993726
2300 pop2 1.01105 0.991225
2400 pop1 1.01331 0.993444
2400 pop2 1.01235 0.9925
2500 pop1 1.01249 0.992635
2500 pop2 1.01324 0.993369
2600 pop1 1.01316 0.993298
2600 pop2 1.01258 0.992723
2700 pop1 1.01174 0.991906
2700 pop2 1.01288 0.993023
2800 pop1 1.01253 0.992674
2800 pop2 1.01323 0.99336
2900 pop1 1.01323 0.993362
2900 pop2 1.01265 0.99279
3000 pop1 1.01177 0.991931
3000 pop2 1.01161 0.991776
3100 pop1 1.01335 0.993477
3100 pop2 1.01172 0.991885
3200 pop1 1.01251 0.992656
3200 pop2 1.01191 0.992066
3300 pop1 1.01323 0.993362
3300 pop2 1.01208 0.992235
3400 pop1 1.0133 0.993429
3400 pop2 1.01105 0.991226
3500 pop1 1.01205 0.992208
3500 pop2 1.01212 0.992275
3600 pop1 1.01131 0.991483
3600 pop2 1.01297 0.993111
3700 pop1 1.01027 0.990461
3700 pop2 1.01496 0.995056
3800 pop1 1.00965 0.989851
3800 pop2 1.01472 0.994827
3900 pop1 1.00977 0.98997
3900 pop2 1.01479 0.99489
4000 pop1 1.01266 0.992807
4000 pop2 1.01256 0.992709
4100 pop1 1.01021 0.990406
4100 pop2 1.01206 0.99222
4200 pop1 1.01064 0.990822
4200 pop2 1.01478 0.994878
4300 pop1 1.01175 0.991911
4300 pop2 1.01366 0.993781
4400 pop1 1.01214 0.992292
4400 pop2 1.01237 0.992523
4500 pop1 1.01139 0.991563
4500 pop2 1.01358 0.993703
4600 pop1 1.01263 0.992779
4600 pop2 1.01298 0.993119
4700 pop1 1.01331 0.993441
4700 pop2 1.01151 0.991675
4800 pop1 1.01297 0.993108
4800 pop2 1.0112 0.991373
4900 pop1 1.0116 0.99176
4900 pop2 1.01193 0.992086
5000 pop1 1.01163 0.991797
5000 pop2 1.01262 0.992768
