1 pop1 1.0 0.980392
1 pop2 1.0 0.980392
100 pop1 1.0007 0.981077
100 pop2 1.0008 0.981178
200 pop1 1.00081 0.981183
200 pop2 1.00074 0.981114
300 pop1 1.00258 0.982925
300 pop2 0.999979 0.980372
400 pop1 1.00155 0.981913
400 pop2 1.00057 0.980956
500 pop1 1.00259 0.982932
500 pop2 1.00057 0.98095
600 pop1 1.0033 0.983624
600 pop2 0.998724 0.979141
700 pop1 1.00325 0.983575
700 pop2 0.998851 0.979265
800 pop1 1.00241 0.982751
800 pop2 0.999776 0.980173
900 pop1 1.00161 0.981972
900 pop2 0.999786 0.980183
1000 pop1 0.998992 0.979404
1000 pop2 1.00237 0.982719
1100 pop1 1.00053 0.98091
1100 pop2 1.00552 0.985804
1200 pop1 1.00266 0.983004
1200 pop2 1.01052 0.99071
1300 pop1 1.00719 0.987443
1300 pop2 1.0082 0.98843
1400 pop1 1.00631 0.986575
1400 pop2 1.01056 0.990741
1500 pop1 1.00589 0.986163
1500 pop2 1.01282 0.992956
1600 pop1 1.00563 0.98591
1600 pop2 1.01332 0.993455
1700 pop1 1.00497 0.985267
1700 pop2 1.01449 0.994599
1800 pop1 1.00471 0.98501
1800 pop2 1.01581 0.995897
1900 pop1 1.00329 0.983618
1900 pop2 1.01639 0.996465
2000 pop1 1.0044 0.984707
2000 pop2 1.01568 0.995767
2100 pop1 1.00355 0.983869
2100 pop2 1.01678 0.996839
2200 pop1 1.0022 0.982547
2200 pop2 1.0173 0.997349
2300 pop1 1.00265 0.982995
2300 pop2 1.01769 0.997731
2400 pop1 1.0022 0.98255
2400 pop2 1.01767 0.997718
2500 pop1 1.00248 0.982823
2500 pop2 1.01706 0.997113
2600 pop1 1.00367 0.983988
2600 pop2 1.01632 0.996388
2700 pop1 1.00314 0.983467
2700 pop2 1.01676 0.996827
2800 pop1 1.00265 0.98299
2800 pop2 1.01688 0.996938
2900 pop1 1.00349 0.983817
2900 pop2 1.01629 0.996358
3000 pop1 1.00257 0.982916
3000 pop2 1.0178 0.997845
3100 pop1 1.00203 0.982378
3100 pop2 1.01811 0.998144
3200 pop1 1.0023 0.982651
3200 pop2 1.01724 0.997289
3300 pop1 1.00366 0.983981
3300 pop2 1.01618 0.99625
3400 pop1 1.00227 0.982619
3400 pop2 1.01794 0.997978
3500 pop1 1.00251 0.982853
3500 pop2 1.01755 0.997601
3600 pop1 1.00275 0.983085
3600 pop2 1.01638 0.99645
3700 pop1 1.00259 0.982931
3700 pop2 1.01694 0.996996
3800 pop1 1.00309 0.983425
3800 pop2 1.017 0.997059
3900 pop1 1.0019 0.982259
3900 pop2 1.01785 0.997894
4000 pop1 1.00238 0.982729
4000 pop2 1.01684 0.996907
4100 pop1 1.00197 0.982325
4100 pop2 1.01736 0.997416
4200 pop1 1.00253 0.982875
4200 pop2 1.01781 0.997852
4300 pop1 1.00188 0.982238
4300 pop2 1.01848 0.99851
4400 pop1 1.00223 0.982577
4400 pop2 1.01768 0.997728
4500 pop1 1.00304 0.983372
4500 pop2 1.01684 0.996902
4600 pop1 1.00344 0.983762
4600 pop2 1.01666 0.996726
4700 pop1 1.00361 0.983934
4700 pop2 1.01684 0.9969
4800 pop1 1.00325 0.983575
4800 pop2 1.01713 0.997188
4900 pop1 1.00467 0.984973
4900 pop2 1.01565 0.995737
5000 pop1 1.00568 0.985959
5000 pop2 1.01426 0.99437
