1 pop1 1.0 0.980392
1 pop2 1.0 0.980392
100 pop1 1.00084 0.98122
100 pop2 1.00088 0.981255
200 pop1 1.00304 0.983375
200 pop2 0.997137 0.977586
300 pop1 1.00332 0.983646
300 pop2 0.997348 0.977792
400 pop1 1.00267 0.983012
400 pop2 0.997141 0.977589
500 pop1 1.00054 0.980926
500 pop2 1.00001 0.980401
600 pop1 0.999789 0.980185
600 pop2 1.00055 0.980931
700 pop1 0.998774 0.97919
700 pop2 1.00215 0.982496
800 pop1 0.999935 0.980329
800 pop2 1.00094 0.981316
900 pop1 1.00063 0.981009
900 pop2 1.00013 0.980519
1000 pop1 0.999433 0.979837
1000 pop2 1.00018 0.980573
1100 pop1 1.00026 0.980649
1100 pop2 0.997717 0.978154
1200 pop1 1.00432 0.984632
1200 pop2 0.999034 0.979445
1300 pop1 1.00847 0.988693
1300 pop2 1.00189 0.982246
1400 pop1 1.00788 0.988114
1400 pop2 1.00607 0.986347
1500 pop1 1.00834 0.988571
1500 pop2 1.00932 0.989532
1600 pop1 1.01003 0.990226
1600 pop2 1.00988 0.990079
1700 pop1 1.00978 0.989979
1700 pop2 1.0098 0.989999
1800 pop1 1.00934 0.989546
1800 pop2 1.01066 0.990847
1900 pop1 1.00928 0.989486
1900 pop2 1.01091 0.991091
2000 pop1 1.00738 0.987629
2000 pop2 1.01204 0.992195
2100 pop1 1.00874 0.988962
2100 pop2 1.01205 0.992202
2200 pop1 1.00791 0.988142
2200 pop2 1.01295 0.993086
2300 pop1 1.00716 0.987415
2300 pop2 1.01344 0.993571
2400 pop1 1.00796 0.988193
2400 pop2 1.01312 0.993259
2500 pop1 1.00786 0.988095
2500 pop2 1.0129 0.993034
2600 pop1 1.00733 0.987574
2600 pop2 1.01364 0.993765
2700 pop1 1.006 0.986272
2700 pop2 1.01429 0.994401
2800 pop1 1.00594 0.986218
2800 pop2 1.01409 0.994209
2900 pop1 1.00618 0.98645
2900 pop2 1.01445 0.994562
3000 pop1 1.00703 0.987281
3000 pop2 1.01339 0.993524
3100 pop1 1.00732 0.987573
3100 pop2 1.01339 0.993521
3200 pop1 1.00772 0.987958
3200 pop2 1.01278 0.992925
3300 pop1 1.00639 0.986656
3300 pop2 1.01394 0.994058
3400 pop1 1.00843 0.988655
3400 pop2 1.01242 0.992567
3500 pop1 1.00931 0.989516
3500 pop2 1.01078 0.990956
3600 pop1 1.00958 0.989783
3600 pop2 1.01085 0.991028
3700 pop1 1.00808 0.988315
3700 pop2 1.01174 0.991904
3800 pop1 1.00864 0.988865
3800 pop2 1.01175 0.991912
3900 pop1 1.00747 0.987714
3900 pop2 1.01265 0.992793
4000 pop1 1.00766 0.987899
4000 pop2 1.0126 0.992749
4100 pop1 1.00909 0.9893
4100 pop2 1.01175 0.991916
4200 pop1 1.00945 0.989656
4200 pop2 1.01079 0.990966
4300 pop1 1.01053 0.990716
4300 pop2 1.01013 0.990325
4400 pop1 1.01104 0.991215
4400 pop2 1.00929 0.989498
4500 pop1 1.01129 0.991456
4500 pop2 1.00911 0.989324
4600 pop1 1.01141 0.99158
4600 pop2 1.00848 0.988705
4700 pop1 1.0118 0.991959
4700 pop2 1.00915 0.989363
4800 pop1 1.0111 0.991274
4800 pop2 1.00884 0.98906
4900 pop1 1.01164 0.991801
4900 pop2 1.00829 0.98852
5000 pop1 1.01248 0.992629
5000 pop2 1.0079 0.988138
