1 pop1 1.0 0.909091
1 pop2 1.0 0.909091
100 pop1 1.08228 0.983888
100 pop2 1.08205 0.983683
200 pop1 1.08433 0.985753
200 pop2 1.08078 0.982529
300 pop1 1.08285 0.984412
300 pop2 1.08639 0.987626
400 pop1 1.08314 0.984674
400 pop2 1.0831 0.984639
500 pop1 1.0815 0.983184
500 pop2 1.08343 0.984934
600 pop1 1.07943 0.981304
600 pop2 1.08389 0.985351
700 pop1 1.08483 0.986205
700 pop2 1.08507 0.986427
800 pop1 1.08237 0.983974
800 pop2 1.08635 0.987589
900 pop1 1.08388 0.985345
900 pop2 1.07886 0.980782
1000 pop1 1.08436 0.985783
1000 pop2 1.08194 0.983578
1100 pop1 1.08405 0.985503
1100 pop2 1.07572 0.977925
1200 pop1 1.08439 0.985805
1200 pop2 1.08083 0.982569
1300 pop1 1.08582 0.987105
1300 pop2 1.08557 0.986884
1400 pop1 1.08767 0.988795
1400 pop2 1.08477 0.986158
1500 pop1 1.08638 0.987622
1500 pop2 1.08597 0.987244
1600 pop1 1.08219 0.983807
1600 pop2 1.08354 0.985037
1700 pop1 1.08581 0.987098
1700 pop2 1.08327 0.984788
1800 pop1 1.08302 0.984563
1800 pop2 1.08874 0.989762
1900 pop1 1.08659 0.987812
1900 pop2 1.08379 0.985261
2000 pop1 1.07968 0.981526
2000 pop2 1.08607 0.987339
2100 pop1 1.08099 0.982721
2100 pop2 1.08756 0.988691
2200 pop1 1.08169 0.98335
2200 pop2 1.08629 0.987533
2300 pop1 1.08473 0.986119
2300 pop2 1.08439 0.985805
2400 pop1 1.08525 0.986588
2400 pop2 1.08477 0.98615
2500 pop1 1.08928 0.990253
2500 pop2 1.08319 0.984719
2600 pop1 1.08565 0.986954
2600 pop2 1.0856 0.986908
2700 pop1 1.08426 0.985695
2700 pop2 1.08352 0.985021
2800 pop1 1.08245 0.984041
2800 pop2 1.08682 0.988018
2900 pop1 1.08826 0.989331
2900 pop2 1.08709 0.988265
3000 pop1 1.08285 0.984407
3000 pop2 1.08631 0.987558
3100 pop1 1.08591 0.987194
3100 pop2 1.08682 0.988021
3200 pop1 1.08033 0.98212
3200 pop2 1.08534 0.986674
3300 pop1 1.08603 0.987301
3300 pop2 1.08825 0.989314
3400 pop1 1.08334 0.984855
3400 pop2 1.08497 0.986335
3500 pop1 1.08338 0.984891
3500 pop2 1.08326 0.984781
3600 pop1 1.08577 0.987062
3600 pop2 1.0866 0.987815
3700 pop1 1.08554 0.986857
3700 pop2 1.08738 0.988525
3800 pop1 1.08739 0.988534
3800 pop2 1.0874 0.988545
3900 pop1 1.08519 0.986541
3900 pop2 1.08638 0.987622
4000 pop1 1.08657 0.987795
4000 pop2 1.08814 0.989222
4100 pop1 1.08641 0.987648
4100 pop2 1.08523 0.986576
4200 pop1 1.08482 0.986202
4200 pop2 1.08485 0.986223
4300 pop1 1.08562 0.986929
4300 pop2 1.08893 0.989935
4400 pop1 1.0877 0.988817
4400 pop2 1.08507 0.986425
4500 pop1 1.0871 0.988277
4500 pop2 1.08647 0.987696
4600 pop1 1.08535 0.98668
4600 pop2 1.08539 0.98672
4700 pop1 1.08662 0.987839
4700 pop2 1.0849 0.986275
4800 pop1 1.08466 0.986055
4800 pop2 1.08382 0.985293
4900 pop1 1.08489 0.986263
4900 pop2 1.08828 0.989342
5000 pop1 1.08486 0.98624
5000 pop2 1.08268 0.984257
