1 pop1 1.0 0.833333
1 pop2 1.0 0.833333
100 pop1 1.07612 0.896765
100 pop2 1.06048 0.883737
200 pop1 1.06437 0.886976
200 pop2 1.06571 0.888091
300 pop1 1.0689 0.890746
300 pop2 1.06663 0.88886
400 pop1 1.07928 0.899401
400 pop2 1.06304 0.885871
500 pop1 1.07293 0.89411
500 pop2 1.06517 0.887642
600 pop1 1.06035 0.883623
600 pop2 1.07851 0.898762
700 pop1 1.06862 0.890516
700 pop2 1.07772 0.898097
800 pop1 1.07284 0.894031
800 pop2 1.06643 0.888693
900 pop1 1.06843 0.890359
900 pop2 1.07495 0.895792
1000 pop1 1.06561 0.88801
1000 pop2 1.08151 0.901258
1100 pop1 1.12037 0.933638
1100 pop2 1.11328 0.927735
1200 pop1 1.10797 0.923309
1200 pop2 1.13255 0.94379
1300 pop1 1.11847 0.932056
1300 pop2 1.12545 0.937878
1400 pop1 1.11649 0.930405
1400 pop2 1.12696 0.93913
1500 pop1 1.1296 0.941336
1500 pop2 1.11373 0.928106
1600 pop1 1.1219 0.934914
1600 pop2 1.12313 0.935938
1700 pop1 1.12686 0.939048
1700 pop2 1.11753 0.931277
1800 pop1 1.11528 0.929404
1800 pop2 1.12722 0.939353
1900 pop1 1.12472 0.937263
1900 pop2 1.1173 0.93108
2000 pop1 1.13084 0.942366
2000 pop2 1.11922 0.932684
2100 pop1 1.13422 0.945184
2100 pop2 1.10952 0.924599
2200 pop1 1.12493 0.937438
2200 pop2 1.11946 0.932884
2300 pop1 1.13476 0.945633
2300 pop2 1.10631 0.921926
2400 pop1 1.12653 0.938778
2400 pop2 1.11203 0.926689
2500 pop1 1.11969 0.933078
2500 pop2 1.12507 0.937554
2600 pop1 1.1199 0.933254
2600 pop2 1.1225 0.935415
2700 pop1 1.12184 0.934868
2700 pop2 1.12361 0.936345
2800 pop1 1.1257 0.938087
2800 pop2 1.12073 0.93394
2900 pop1 1.12823 0.94019
2900 pop2 1.11851 0.932095
3000 pop1 1.12351 0.936261
3000 pop2 1.1169 0.930753
3100 pop1 1.12483 0.937361
3100 pop2 1.11874 0.932279
3200 pop1 1.12814 0.94012
3200 pop2 1.11449 0.928738
3300 pop1 1.12265 0.935539
3300 pop2 1.12268 0.935567
3400 pop1 1.1196 0.933
3400 pop2 1.12441 0.937005
3500 pop1 1.12091 0.934093
3500 pop2 1.12299 0.935824
3600 pop1 1.13498 0.945817
3600 pop2 1.11307 0.927555
3700 pop1 1.12999 0.941658
3700 pop2 1.11613 0.93011
3800 pop1 1.12588 0.938232
3800 pop2 1.12677 0.938975
3900 pop1 1.12727 0.93939
3900 pop2 1.11997 0.933305
4000 pop1 1.13108 0.942563
4000 pop2 1.11484 0.929033
4100 pop1 1.13089 0.942407
4100 pop2 1.11423 0.928527
4200 pop1 1.12382 0.936521
4200 pop2 1.12736 0.939463
4300 pop1 1.13264 0.94387
4300 pop2 1.11089 0.925743
4400 pop1 1.12493 0.937438
4400 pop2 1.11833 0.931944
4500 pop1 1.13539 0.94616
4500 pop2 1.11427 0.928555
4600 pop1 1.12768 0.939731
4600 pop2 1.11881 0.932346
4700 pop1 1.12282 0.935681
4700 pop2 1.12217 0.935139
4800 pop1 1.13046 0.942052
4800 pop2 1.10972 0.924765
4900 pop1 1.12942 0.941183
4900 pop2 1.11757 0.93131
5000 pop1 1.12714 0.939284
5000 pop2 1.12164 0.934703
