1 pop1 1.0 0.980392
1 pop2 1.0 0.980392
100 pop1 0.999331 0.979737
100 pop2 1.0025 0.982845
200 pop1 0.998876 0.97929
200 pop2 1.00233 0.982676
300 pop1 0.998738 0.979154
300 pop2 1.00139 0.98176
400 pop1 0.99978 0.980176
400 pop2 1.00096 0.981332
500 pop1 0.999052 0.979462
500 pop2 1.00174 0.982103
600 pop1 0.99686 0.977313
600 pop2 1.00336 0.983685
700 pop1 0.99713 0.977579
700 pop2 1.00351 0.98383
800 pop1 0.997393 0.977836
800 pop2 1.00382 0.984134
900 pop1 0.995613 0.976091
900 pop2 1.00449 0.984798
1000 pop1 0.996443 0.976905
1000 pop2 1.00469 0.984987
1100 pop1 1.0031 0.983434
1100 pop2 0.999 0.979412
1200 pop1 1.00763 0.987869
1200 pop2 0.999975 0.980368
1300 pop1 1.01058 0.990767
1300 pop2 1.00106 0.981432
1400 pop1 1.01271 0.992856
1400 pop2 1.00202 0.982376
1500 pop1 1.01253 0.992677
1500 pop2 1.00196 0.982317
1600 pop1 1.01168 0.991839
1600 pop2 1.00385 0.984168
1700 pop1 1.01229 0.992444
1700 pop2 1.00402 0.98433
1800 pop1 1.01217 0.992325
1800 pop2 1.00467 0.984966
1900 pop1 1.01151 0.991675
1900 pop2 1.00665 0.986915
2000 pop1 1.01056 0.990747
2000 pop2 1.00815 0.988383
2100 pop1 1.00844 0.988668
2100 pop2 1.01128 0.991449
2200 pop1 1.00769 0.987935
2200 pop2 1.01177 0.991935
2300 pop1 1.00748 0.987729
2300 pop2 1.01168 0.99184
2400 pop1 1.0064 0.986665
2400 pop2 1.01405 0.994165
2500 pop1 1.00449 0.984795
2500 pop2 1.01542 0.995508
2600 pop1 1.0039 0.984215
2600 pop2 1.01584 0.995924
2700 pop1 1.00305 0.983381
2700 pop2 1.01668 0.996744
2800 pop1 1.00477 0.985067
2800 pop2 1.01509 0.995186
2900 pop1 1.00347 0.983792
2900 pop2 1.0163 0.996375
3000 pop1 1.00325 0.983577
3000 pop2 1.01645 0.996524
3100 pop1 1.00467 0.984973
3100 pop2 1.01531 0.995401
3200 pop1 1.00406 0.984369
3200 pop2 1.01568 0.995765
3300 pop1 1.00292 0.98326
3300 pop2 1.01666 0.996725
3400 pop1 1.0029 0.983236
3400 pop2 1.01712 0.997175
3500 pop1 1.00271 0.98305
3500 pop2 1.01689 0.996953
3600 pop1 1.00267 0.98301
3600 pop2 1.01728 0.997333
3700 pop1 1.00347 0.983793
3700 pop2 1.01641 0.996484
3800 pop1 1.00325 0.983579
3800 pop2 1.01646 0.996527
3900 pop1 1.00379 0.984109
3900 pop2 1.0159 0.995984
4000 pop1 1.00431 0.984621
4000 pop2 1.01475 0.994852
4100 pop1 1.00625 0.986517
4100 pop2 1.01348 0.993605
4200 pop1 1.00557 0.985857
4200 pop2 1.01399 0.994106
4300 pop1 1.00392 0.984233
4300 pop2 1.01546 0.995549
4400 pop1 1.00405 0.984358
4400 pop2 1.01582 0.995901
4500 pop1 1.00405 0.98436
4500 pop2 1.01628 0.996351
4600 pop1 1.00381 0.984127
4600 pop2 1.01606 0.996136
4700 pop1 1.00198 0.982334
4700 pop2 1.01793 0.99797
4800 pop1 1.00312 0.983448
4800 pop2 1.01685 0.996912
4900 pop1 1.00378 0.984095
4900 pop2 1.01653 0.996596
5000 pop1 1.00321 0.983544
5000 pop2 1.01672 0.996785
