1 pop1 1.0 0.980392
1 pop2 1.0 0.980392
100 pop1 1.00395 0.984269
100 pop2 0.99878 0.979196
200 pop1 1.00302 0.983356
200 pop2 0.998498 0.97892
300 pop1 1.00252 0.982858
300 pop2 1.00024 0.98063
400 pop1 1.00085 0.981225
400 pop2 1.00058 0.980958
500 pop1 1.00106 0.981433
500 pop2 1.002 0.982353
600 pop1 1.00043 0.980812
600 pop2 1.0015 0.981861
700 pop1 1.00074 0.981119
700 pop2 1.00201 0.982359
800 pop1 0.999623 0.980023
800 pop2 1.00244 0.982784
900 pop1 0.999043 0.979453
900 pop2 1.00246 0.9828
1000 pop1 0.998143 0.978571
1000 pop2 1.00366 0.983984
1100 pop1 1.00105 0.981417
1100 pop2 1.00081 0.981188
1200 pop1 1.00257 0.982907
1200 pop2 1.00543 0.985711
1300 pop1 1.00248 0.982823
1300 pop2 1.01105 0.99123
1400 pop1 1.00465 0.984953
1400 pop2 1.0129 0.993043
1500 pop1 1.006 0.986277
1500 pop2 1.01453 0.994638
1600 pop1 1.00481 0.985113
1600 pop2 1.01519 0.995284
1700 pop1 1.00399 0.984301
1700 pop2 1.01583 0.995911
1800 pop1 1.00372 0.984041
1800 pop2 1.01616 0.996231
1900 pop1 1.00148 0.981847
1900 pop2 1.01838 0.998414
2000 pop1 1.00217 0.982519
2000 pop2 1.01812 0.998153
2100 pop1 1.00245 0.982795
2100 pop2 1.0171 0.997154
2200 pop1 1.00142 0.981783
2200 pop2 1.0188 0.998828
2300 pop1 1.00125 0.98162
2300 pop2 1.01878 0.998804
2400 pop1 1.00139 0.981759
2400 pop2 1.01866 0.998689
2500 pop1 1.00044 0.980825
2500 pop2 1.01961 0.999613
2600 pop1 1.00084 0.981216
2600 pop2 1.01915 0.999168
2700 pop1 1.00073 0.981109
2700 pop2 1.01928 0.999297
2800 pop1 1.00117 0.981536
2800 pop2 1.01906 0.999075
2900 pop1 1.0013 0.981667
2900 pop2 1.01847 0.998504
3000 pop1 1.0019 0.982252
3000 pop2 1.01809 0.998125
3100 pop1 1.00272 0.983054
3100 pop2 1.01726 0.997318
3200 pop1 1.00279 0.983125
3200 pop2 1.01715 0.997202
3300 pop1 1.00191 0.982267
3300 pop2 1.0181 0.998142
3400 pop1 1.00249 0.982838
3400 pop2 1.0172 0.997259
3500 pop1 1.00219 0.98254
3500 pop2 1.01786 0.997907
3600 pop1 1.00233 0.982676
3600 pop2 1.01746 0.997514
3700 pop1 1.0042 0.984514
3700 pop2 1.0154 0.995493
3800 pop1 1.00444 0.984744
3800 pop2 1.01557 0.995653
3900 pop1 1.00437 0.984681
3900 pop2 1.01509 0.995186
4000 pop1 1.00333 0.983656
4000 pop2 1.01695 0.997012
4100 pop1 1.00261 0.982954
4100 pop2 1.01794 0.997976
4200 pop1 1.00177 0.982132
4200 pop2 1.01805 0.998089
4300 pop1 1.00152 0.981883
4300 pop2 1.01832 0.998351
4400 pop1 1.00114 0.981508
4400 pop2 1.01874 0.998763
4500 pop1 1.0006 0.980982
4500 pop2 1.01915 0.999166
4600 pop1 1.00002 0.980416
4600 pop2 1.01988 0.999886
4700 pop1 0.999911 0.980305
4700 pop2 1.02011 1.00011
4800 pop1 0.99991 0.980304
4800 pop2 1.02011 1.00011
4900 pop1 0.999908 0.980302
4900 pop2 1.02011 1.00011
5000 pop1 0.999908 0.980302
5000 pop2 1.02011 1.00011
