1 pop1 1.0 0.980392
1 pop2 1.0 0.980392
100 pop1 0.9985 0.978921
100 pop2 1.00302 0.983349
200 pop1 0.998256 0.978682
200 pop2 1.00406 0.984368
300 pop1 0.998221 0.978648
300 pop2 1.0038 0.984116
400 pop1 0.998747 0.979164
400 pop2 1.00305 0.983381
500 pop1 0.998453 0.978876
500 pop2 1.00305 0.983381
600 pop1 0.997325 0.97777
600 pop2 1.00453 0.984834
700 pop1 0.997278 0.977723
700 pop2 1.0042 0.984508
800 pop1 0.998238 0.978665
800 pop2 1.00322 0.983552
900 pop1 0.99918 0.979589
900 pop2 1.00182 0.982178
1000 pop1 1.00176 0.982116
1000 pop2 1.00026 0.980647
1100 pop1 1.00684 0.987102
1100 pop2 0.996188 0.976655
1200 pop1 1.01456 0.994669
1200 pop2 0.996234 0.9767
1300 pop1 1.01712 0.997178
1300 pop2 0.996393 0.976856
1400 pop1 1.01845 0.99848
1400 pop2 0.996375 0.976838
1500 pop1 1.01883 0.998848
1500 pop2 0.997588 0.978027
1600 pop1 1.01939 0.999407
1600 pop2 0.998472 0.978894
1700 pop1 1.01959 0.999603
1700 pop2 0.998995 0.979406
1800 pop1 1.01959 0.999594
1800 pop2 0.998975 0.979387
1900 pop1 1.0198 0.999808
1900 pop2 0.999174 0.979583
2000 pop1 1.02004 1.00004
2000 pop2 0.999521 0.979923
2100 pop1 1.0201 1.0001
2100 pop2 0.999182 0.97959
2200 pop1 1.0201 1.0001
2200 pop2 0.999816 0.980212
2300 pop1 1.0201 1.0001
2300 pop2 0.99986 0.980255
2400 pop1 1.0201 1.0001
2400 pop2 0.999856 0.980251
2500 pop1 1.0201 1.0001
2500 pop2 1.0 0.980392
2600 pop1 1.0201 1.0001
2600 pop2 1.0 0.980392
2700 pop1 1.0201 1.0001
2700 pop2 1.0 0.980392
2800 pop1 1.0201 1.0001
2800 pop2 1.0 0.980392
2900 pop1 1.0201 1.0001
2900 pop2 1.0 0.980392
3000 pop1 1.0201 1.0001
3000 pop2 1.0 0.980392
3100 pop1 1.0201 1.0001
3100 pop2 1.0 0.980392
3200 pop1 1.0201 1.0001
3200 pop2 1.0 0.980392
3300 pop1 1.0201 1.0001
3300 pop2 1.0 0.980392
3400 pop1 1.0201 1.0001
3400 pop2 1.0 0.980392
3500 pop1 1.0201 1.0001
3500 pop2 1.0 0.980392
3600 pop1 1.0201 1.0001
3600 pop2 1.0 0.980392
3700 pop1 1.0201 1.0001
3700 pop2 1.0 0.980392
3800 pop1 1.0201 1.0001
3800 pop2 1.0 0.980392
3900 pop1 1.0201 1.0001
3900 pop2 1.0 0.980392
4000 pop1 1.0201 1.0001
4000 pop2 1.0 0.980392
4100 pop1 1.0201 1.0001
4100 pop2 1.0 0.980392
4200 pop1 1.0201 1.0001
4200 pop2 1.0 0.980392
4300 pop1 1.0201 1.0001
4300 pop2 1.0 0.980392
4400 pop1 1.0201 1.0001
4400 pop2 1.0 0.980392
4500 pop1 1.0201 1.0001
4500 pop2 1.0 0.980392
4600 pop1 1.0201 1.0001
4600 pop2 1.0 0.980392
4700 pop1 1.0201 1.0001
4700 pop2 1.0 0.980392
4800 pop1 1.0201 1.0001
4800 pop2 1.0 0.980392
4900 pop1 1.0201 1.0001
4900 pop2 1.0 0.980392
5000 pop1 1.0201 1.0001
5000 pop2 1.0 0.980392
