1 pop1 1.0 0.833333
1 pop2 1.0 0.833333
100 pop1 1.06972 0.891432
100 pop2 1.07257 0.893812
200 pop1 1.06521 0.887671
200 pop2 1.05947 0.882891
300 pop1 1.07002 0.891687
300 pop2 1.06806 0.890052
400 pop1 1.07089 0.892407
400 pop2 1.06941 0.891175
500 pop1 1.07411 0.895096
500 pop2 1.06463 0.887189
600 pop1 1.07228 0.893568
600 pop2 1.07064 0.892197
700 pop1 1.06754 0.889616
700 pop2 1.06964 0.891369
800 pop1 1.06838 0.89032
800 pop2 1.06975 0.89146
900 pop1 1.06879 0.890656
900 pop2 1.0668 0.889004
1000 pop1 1.07121 0.892678
1000 pop2 1.07444 0.895368
1100 pop1 1.1085 0.923747
1100 pop2 1.12581 0.938176
1200 pop1 1.10169 0.918074
1200 pop2 1.13812 0.948431
1300 pop1 1.11035 0.925295
1300 pop2 1.12822 0.940187
1400 pop1 1.12481 0.937339
1400 pop2 1.12263 0.935527
1500 pop1 1.12561 0.938004
1500 pop2 1.11343 0.927862
1600 pop1 1.12061 0.933842
1600 pop2 1.13131 0.942759
1700 pop1 1.11743 0.931194
1700 pop2 1.12597 0.938309
1800 pop1 1.12577 0.938143
1800 pop2 1.12147 0.934557
1900 pop1 1.12437 0.936978
1900 pop2 1.11498 0.929153
2000 pop1 1.12206 0.93505
2000 pop2 1.11791 0.931596
2100 pop1 1.12926 0.941048
2100 pop2 1.11357 0.927975
2200 pop1 1.12859 0.940492
2200 pop2 1.11777 0.931478
2300 pop1 1.11823 0.931862
2300 pop2 1.12555 0.937958
2400 pop1 1.11898 0.932485
2400 pop2 1.12398 0.936649
2500 pop1 1.13386 0.944881
2500 pop2 1.11403 0.928356
2600 pop1 1.12616 0.938468
2600 pop2 1.11804 0.931698
2700 pop1 1.13319 0.944326
2700 pop2 1.11884 0.932368
2800 pop1 1.12101 0.934175
2800 pop2 1.1199 0.93325
2900 pop1 1.12206 0.93505
2900 pop2 1.12433 0.936938
3000 pop1 1.12457 0.937143
3000 pop2 1.11556 0.929634
3100 pop1 1.11831 0.931924
3100 pop2 1.12476 0.937301
3200 pop1 1.11468 0.928901
3200 pop2 1.12997 0.941645
3300 pop1 1.11777 0.931473
3300 pop2 1.12405 0.936712
3400 pop1 1.12655 0.938792
3400 pop2 1.11753 0.931274
3500 pop1 1.11855 0.932126
3500 pop2 1.12191 0.934927
3600 pop1 1.13784 0.948199
3600 pop2 1.10612 0.921767
3700 pop1 1.12605 0.938379
3700 pop2 1.11277 0.92731
3800 pop1 1.11869 0.932238
3800 pop2 1.12516 0.937632
3900 pop1 1.12579 0.93816
3900 pop2 1.11463 0.928855
4000 pop1 1.11604 0.93003
4000 pop2 1.12256 0.93547
4100 pop1 1.13045 0.942045
4100 pop2 1.11127 0.926061
4200 pop1 1.12496 0.937468
4200 pop2 1.11776 0.931464
4300 pop1 1.12152 0.934603
4300 pop2 1.11722 0.931021
4400 pop1 1.12895 0.940792
4400 pop2 1.1246 0.937168
4500 pop1 1.12897 0.940811
4500 pop2 1.11661 0.930507
4600 pop1 1.13287 0.944056
4600 pop2 1.1133 0.927748
4700 pop1 1.1295 0.941249
4700 pop2 1.11694 0.930781
4800 pop1 1.12248 0.935401
4800 pop2 1.12324 0.936033
4900 pop1 1.12954 0.941283
4900 pop2 1.11241 0.927006
5000 pop1 1.13662 0.947183
5000 pop2 1.10371 0.919762
