1 pop1 1.0 0.980392
1 pop2 1.0 0.980392
100 pop1 0.999653 0.980052
100 pop2 1.00179 0.982149
200 pop1 0.996996 0.977447
200 pop2 1.00347 0.983793
300 pop1 0.995615 0.976093
300 pop2 1.00554 0.985821
400 pop1 0.993587 0.974105
400 pop2 1.00686 0.987118
500 pop1 0.991556 0.972114
500 pop2 1.00891 0.989125
600 pop1 0.993611 0.974129
600 pop2 1.0076 0.987842
700 pop1 0.993233 0.973758
700 pop2 1.00656 0.98682
800 pop1 0.992337 0.97288
800 pop2 1.00825 0.988476
900 pop1 0.991978 0.972527
900 pop2 1.00891 0.989125
1000 pop1 0.993225 0.97375
1000 pop2 1.007 0.987251
1100 pop1 0.995933 0.976405
1100 pop2 1.00665 0.986912
1200 pop1 1.00024 0.98063
1200 pop2 1.01194 0.992102
1300 pop1 1.0036 0.983923
1300 pop2 1.01324 0.993376
1400 pop1 1.00541 0.985699
1400 pop2 1.01307 0.993204
1500 pop1 1.00579 0.986068
1500 pop2 1.01371 0.993831
1600 pop1 1.00571 0.985991
1600 pop2 1.01373 0.99385
1700 pop1 1.00548 0.985768
1700 pop2 1.01461 0.994712
1800 pop1 1.00496 0.985256
1800 pop2 1.01484 0.99494
1900 pop1 1.00422 0.984533
1900 pop2 1.01591 0.99599
2000 pop1 1.0021 0.98245
2000 pop2 1.01791 0.997955
2100 pop1 1.0023 0.982644
2100 pop2 1.01784 0.997883
2200 pop1 1.00108 0.981455
2200 pop2 1.01902 0.999037
2300 pop1 1.00108 0.981447
2300 pop2 1.0189 0.998925
2400 pop1 1.0003 0.98069
2400 pop2 1.01965 0.999656
2500 pop1 1.00141 0.981779
2500 pop2 1.01885 0.998877
2600 pop1 1.00088 0.981258
2600 pop2 1.01902 0.999042
2700 pop1 1.00099 0.98136
2700 pop2 1.01916 0.999178
2800 pop1 1.00119 0.981562
2800 pop2 1.0189 0.99892
2900 pop1 1.0015 0.981861
2900 pop2 1.01842 0.998454
3000 pop1 1.00124 0.981609
3000 pop2 1.0189 0.998924
3100 pop1 1.00154 0.981904
3100 pop2 1.01855 0.998579
3200 pop1 1.00119 0.981557
3200 pop2 1.01896 0.998979
3300 pop1 1.00051 0.98089
3300 pop2 1.01943 0.999437
3400 pop1 1.00046 0.980846
3400 pop2 1.01949 0.999504
3500 pop1 1.00072 0.981099
3500 pop2 1.01916 0.99918
3600 pop1 1.0006 0.98098
3600 pop2 1.01954 0.999551
3700 pop1 1.00041 0.980795
3700 pop2 1.0197 0.999702
3800 pop1 1.00004 0.980434
3800 pop2 1.01998 0.999982
3900 pop1 0.999933 0.980327
3900 pop2 1.02011 1.0001
4000 pop1 0.999908 0.980302
4000 pop2 1.02011 1.00011
4100 pop1 0.999908 0.980302
4100 pop2 1.02011 1.00011
4200 pop1 0.999908 0.980302
4200 pop2 1.02011 1.0001
4300 pop1 0.999907 0.980301
4300 pop2 1.02011 1.0001
4400 pop1 0.999904 0.980298
4400 pop2 1.0201 1.0001
4500 pop1 0.999903 0.980297
4500 pop2 1.0201 1.0001
4600 pop1 0.999903 0.980297
4600 pop2 1.0201 1.0001
4700 pop1 0.999904 0.980298
4700 pop2 1.0201 1.0001
4800 pop1 0.999905 0.980299
4800 pop2 1.02011 1.0001
4900 pop1 0.999906 0.9803
4900 pop2 1.02011 1.0001
5000 pop1 0.999908 0.980302
5000 pop2 1.02011 1.00011
