1 pop1 1.0 0.980392
1 pop2 1.0 0.980392
100 pop1 1.0028 0.983141
100 pop2 0.998149 0.978577
200 pop1 1.00486 0.985158
200 pop2 0.997032 0.977482
300 pop1 1.00532 0.985607
300 pop2 0.996738 0.977194
400 pop1 1.00528 0.985569
400 pop2 0.997641 0.978079
500 pop1 1.00436 0.984664
500 pop2 0.998168 0.978596
600 pop1 1.00544 0.985728
600 pop2 0.997199 0.977647
700 pop1 1.00186 0.982212
700 pop2 1.00138 0.981741
800 pop1 1.00204 0.982395
800 pop2 0.999353 0.979758
900 pop1 1.00259 0.982929
900 pop2 0.99885 0.979264
1000 pop1 1.00333 0.98366
1000 pop2 0.998423 0.978846
1100 pop1 1.00564 0.985923
1100 pop2 0.998128 0.978557
1200 pop1 1.00987 0.990066
1200 pop2 0.999463 0.979865
1300 pop1 1.01071 0.990891
1300 pop2 1.00219 0.982534
1400 pop1 1.01175 0.991914
1400 pop2 1.00428 0.98459
1500 pop1 1.01131 0.991483
1500 pop2 1.00436 0.984664
1600 pop1 1.00998 0.990176
1600 pop2 1.00662 0.986886
1700 pop1 1.00937 0.989577
1700 pop2 1.00769 0.987933
1800 pop1 1.00991 0.990106
1800 pop2 1.00829 0.988521
1900 pop1 1.00966 0.989863
1900 pop2 1.00847 0.988697
2000 pop1 1.01036 0.990551
2000 pop2 1.00717 0.987423
2100 pop1 1.01165 0.991813
2100 pop2 1.007 0.987255
2200 pop1 1.01123 0.991401
2200 pop2 1.00777 0.988011
2300 pop1 1.01085 0.991032
2300 pop2 1.00825 0.988485
2400 pop1 1.0133 0.993436
2400 pop2 1.00613 0.9864
2500 pop1 1.01319 0.993324
2500 pop2 1.00421 0.984521
2600 pop1 1.01375 0.993876
2600 pop2 1.00428 0.984585
2700 pop1 1.01361 0.993736
2700 pop2 1.00438 0.984682
2800 pop1 1.01283 0.992974
2800 pop2 1.00625 0.986521
2900 pop1 1.01238 0.992529
2900 pop2 1.00698 0.987235
3000 pop1 1.01153 0.9917
3000 pop2 1.00817 0.9884
3100 pop1 1.01121 0.991386
3100 pop2 1.00803 0.988267
3200 pop1 1.00949 0.989693
3200 pop2 1.01081 0.990988
3300 pop1 1.00765 0.987893
3300 pop2 1.01256 0.992706
3400 pop1 1.00668 0.986941
3400 pop2 1.01325 0.993387
3500 pop1 1.00501 0.985302
3500 pop2 1.01527 0.995363
3600 pop1 1.00483 0.985125
3600 pop2 1.01552 0.995609
3700 pop1 1.00476 0.98506
3700 pop2 1.01576 0.995839
3800 pop1 1.00514 0.985431
3800 pop2 1.01592 0.996
3900 pop1 1.00516 0.98545
3900 pop2 1.01532 0.995408
4000 pop1 1.00404 0.984349
4000 pop2 1.01614 0.996217
4100 pop1 1.00508 0.985376
4100 pop2 1.01545 0.995537
4200 pop1 1.00345 0.983774
4200 pop2 1.0167 0.996766
4300 pop1 1.00442 0.984722
4300 pop2 1.01626 0.996329
4400 pop1 1.00405 0.984367
4400 pop2 1.01643 0.9965
4500 pop1 1.0051 0.985395
4500 pop2 1.01578 0.99586
4600 pop1 1.00425 0.98456
4600 pop2 1.01563 0.995719
4700 pop1 1.00459 0.984892
4700 pop2 1.01617 0.996244
4800 pop1 1.0055 0.985786
4800 pop2 1.01475 0.994851
4900 pop1 1.00564 0.98592
4900 pop2 1.01467 0.994779
5000 pop1 1.00684 0.987096
5000 pop2 1.01464 0.994744
