1 pop1 1.0 0.909091
1 pop2 1.0 0.909091
100 pop1 1.08112 0.982837
100 pop2 1.0804 0.982179
200 pop1 1.08205 0.983677
200 pop2 1.08247 0.984067
300 pop1 1.08158 0.983254
300 pop2 1.08099 0.982714
400 pop1 1.07992 0.981746
400 pop2 1.0841 0.985549
500 pop1 1.08572 0.987019
500 pop2 1.08124 0.982949
600 pop1 1.08476 0.986145
600 pop2 1.08396 0.985422
700 pop1 1.08603 0.9873
700 pop2 1.08174 0.983404
800 pop1 1.08393 0.985389
800 pop2 1.08227 0.983885
900 pop1 1.08417 0.985612
900 pop2 1.07827 0.980246
1000 pop1 1.08335 0.984863
1000 pop2 1.08442 0.985832
1100 pop1 1.08994 0.990857
1100 pop2 1.0617 0.965181
1200 pop1 1.08802 0.989113
1200 pop2 1.08309 0.984623
1300 pop1 1.08315 0.984684
1300 pop2 1.08583 0.987122
1400 pop1 1.08811 0.989189
1400 pop2 1.08527 0.986613
1500 pop1 1.08207 0.983699
1500 pop2 1.08578 0.987071
1600 pop1 1.08655 0.987773
1600 pop2 1.08461 0.986009
1700 pop1 1.08869 0.989715
1700 pop2 1.08578 0.987068
1800 pop1 1.08239 0.983994
1800 pop2 1.08579 0.987081
1900 pop1 1.08713 0.988296
1900 pop2 1.08815 0.989231
2000 pop1 1.08551 0.986826
2000 pop2 1.08293 0.98448
2100 pop1 1.08599 0.987261
2100 pop2 1.0861 0.987359
2200 pop1 1.0854 0.986731
2200 pop2 1.08599 0.987265
2300 pop1 1.08621 0.98746
2300 pop2 1.08613 0.987395
2400 pop1 1.08277 0.98434
2400 pop2 1.0862 0.987457
2500 pop1 1.08558 0.986888
2500 pop2 1.08732 0.988477
2600 pop1 1.08499 0.986352
2600 pop2 1.08308 0.984617
2700 pop1 1.08127 0.98297
2700 pop2 1.0898 0.99073
2800 pop1 1.08678 0.987984
2800 pop2 1.08782 0.988924
2900 pop1 1.08319 0.984716
2900 pop2 1.08555 0.986864
3000 pop1 1.087 0.988179
3000 pop2 1.08502 0.986385
3100 pop1 1.08397 0.985432
3100 pop2 1.08514 0.986492
3200 pop1 1.08345 0.984951
3200 pop2 1.08098 0.982709
3300 pop1 1.07993 0.981751
3300 pop2 1.0854 0.986726
3400 pop1 1.08866 0.989695
3400 pop2 1.08847 0.989519
3500 pop1 1.08549 0.986811
3500 pop2 1.08656 0.98778
3600 pop1 1.0883 0.98936
3600 pop2 1.08563 0.986933
3700 pop1 1.0882 0.989277
3700 pop2 1.08586 0.987149
3800 pop1 1.0855 0.986814
3800 pop2 1.0865 0.987727
3900 pop1 1.08365 0.985134
3900 pop2 1.08841 0.989459
4000 pop1 1.08489 0.986267
4000 pop2 1.08923 0.99021
4100 pop1 1.08769 0.988808
4100 pop2 1.08689 0.98808
4200 pop1 1.08389 0.985359
4200 pop2 1.08522 0.98656
4300 pop1 1.08401 0.985467
4300 pop2 1.08574 0.987034
4400 pop1 1.08812 0.989198
4400 pop2 1.08449 0.9859
4500 pop1 1.08829 0.989354
4500 pop2 1.08401 0.985466
4600 pop1 1.08565 0.986958
4600 pop2 1.08511 0.986464
4700 pop1 1.08331 0.984824
4700 pop2 1.08811 0.989194
4800 pop1 1.08487 0.986244
4800 pop2 1.0874 0.988547
4900 pop1 1.08365 0.985136
4900 pop2 1.0853 0.986634
5000 pop1 1.08331 0.984826
5000 pop2 1.08058 0.982346
