1 pop1 1.0 0.833333
1 pop2 1.0 0.833333
100 pop1 1.19001 0.991675
100 pop2 1.192 0.993334
200 pop1 1.18936 0.991135
200 pop2 1.19105 0.992544
300 pop1 1.18947 0.991224
300 pop2 1.19044 0.992033
400 pop1 1.19127 0.992727
400 pop2 1.18903 0.990859
500 pop1 1.19475 0.995624
500 pop2 1.19021 0.991838
600 pop1 1.19203 0.993361
600 pop2 1.18915 0.990957
700 pop1 1.1923 0.993579
700 pop2 1.18745 0.989541
800 pop1 1.18916 0.990967
800 pop2 1.18639 0.988659
900 pop1 1.18819 0.990158
900 pop2 1.18973 0.991438
1000 pop1 1.19303 0.994188
1000 pop2 1.19391 0.994922
1100 pop1 1.18798 0.989984
1100 pop2 1.18904 0.990866
1200 pop1 1.19076 0.992301
1200 pop2 1.19001 0.991672
1300 pop1 1.19355 0.994626
1300 pop2 1.18858 0.990485
1400 pop1 1.18998 0.991653
1400 pop2 1.19091 0.992423
1500 pop1 1.18923 0.991022
1500 pop2 1.19269 0.993904
1600 pop1 1.18933 0.99111
1600 pop2 1.19325 0.994374
1700 pop1 1.18955 0.991288
1700 pop2 1.18503 0.987526
1800 pop1 1.19221 0.993512
1800 pop2 1.19169 0.993072
1900 pop1 1.19186 0.993218
1900 pop2 1.18933 0.991106
2000 pop1 1.1878 0.989829
2000 pop2 1.18747 0.989557
2100 pop1 1.18571 0.988094
2100 pop2 1.1903 0.991918
2200 pop1 1.19277 0.993977
2200 pop2 1.18994 0.991613
2300 pop1 1.18861 0.99051
2300 pop2 1.18407 0.986728
2400 pop1 1.18729 0.989411
2400 pop2 1.19186 0.99322
2500 pop1 1.19236 0.993637
2500 pop2 1.18998 0.99165
2600 pop1 1.18516 0.987629
2600 pop2 1.19033 0.991943
2700 pop1 1.19157 0.992974
2700 pop2 1.19238 0.99365
2800 pop1 1.18884 0.990704
2800 pop2 1.19304 0.994199
2900 pop1 1.19524 0.996036
2900 pop2 1.19544 0.996198
3000 pop1 1.1944 0.995336
3000 pop2 1.19141 0.992838
3100 pop1 1.19433 0.995274
3100 pop2 1.1855 0.98792
3200 pop1 1.19251 0.993757
3200 pop2 1.18866 0.990547
3300 pop1 1.19265 0.993876
3300 pop2 1.19349 0.994571
3400 pop1 1.19085 0.992371
3400 pop2 1.18659 0.988822
3500 pop1 1.19304 0.994196
3500 pop2 1.19109 0.992578
3600 pop1 1.1914 0.992832
3600 pop2 1.19166 0.993048
3700 pop1 1.18871 0.990589
3700 pop2 1.18868 0.990566
3800 pop1 1.19043 0.992024
3800 pop2 1.19091 0.992424
3900 pop1 1.19309 0.994244
3900 pop2 1.19302 0.994184
4000 pop1 1.18984 0.991532
4000 pop2 1.19223 0.993525
4100 pop1 1.19326 0.994382
4100 pop2 1.18806 0.99005
4200 pop1 1.18863 0.990528
4200 pop2 1.19173 0.993111
4300 pop1 1.19311 0.994262
4300 pop2 1.18832 0.990264
4400 pop1 1.18979 0.991493
4400 pop2 1.18648 0.988733
4500 pop1 1.19232 0.993596
4500 pop2 1.19094 0.992449
4600 pop1 1.19276 0.993968
4600 pop2 1.19054 0.99212
4700 pop1 1.18944 0.9912
4700 pop2 1.19325 0.994375
4800 pop1 1.19134 0.992782
4800 pop2 1.18873 0.990607
4900 pop1 1.18993 0.991605
4900 pop2 1.18929 0.991073
5000 pop1 1.18841 0.990341
5000 pop2 1.18316 0.985969
