1 pop1 1.0 0.909091
1 pop2 1.0 0.909091
100 pop1 1.03626 0.942053
100 pop2 1.03407 0.940068
200 pop1 1.03974 0.945219
200 pop2 1.03769 0.943357
300 pop1 1.04305 0.948223
300 pop2 1.03311 0.939194
400 pop1 1.03961 0.945096
400 pop2 1.04061 0.94601
500 pop1 1.03886 0.944414
500 pop2 1.03356 0.939597
600 pop1 1.03322 0.939294
600 pop2 1.03274 0.938859
700 pop1 1.04028 0.945705
700 pop2 1.02999 0.936355
800 pop1 1.03619 0.941989
800 pop2 1.03257 0.938703
900 pop1 1.03779 0.943449
900 pop2 1.03463 0.940572
1000 pop1 1.03665 0.942413
1000 pop2 1.03401 0.940012
1100 pop1 1.06617 0.969246
1100 pop2 1.04896 0.953598
1200 pop1 1.05486 0.958963
1200 pop2 1.05896 0.962687
1300 pop1 1.05607 0.960067
1300 pop2 1.06463 0.967844
1400 pop1 1.05253 0.956844
1400 pop2 1.06752 0.970477
1500 pop1 1.04931 0.953921
1500 pop2 1.06881 0.971645
1600 pop1 1.04389 0.948994
1600 pop2 1.0726 0.97509
1700 pop1 1.05629 0.960261
1700 pop2 1.06324 0.966584
1800 pop1 1.05578 0.959797
1800 pop2 1.06234 0.965763
1900 pop1 1.05698 0.960891
1900 pop2 1.05975 0.963411
2000 pop1 1.05753 0.961386
2000 pop2 1.061 0.964545
2100 pop1 1.05313 0.957393
2100 pop2 1.06799 0.970903
2200 pop1 1.05484 0.958943
2200 pop2 1.06553 0.968663
2300 pop1 1.05598 0.959985
2300 pop2 1.06942 0.9722
2400 pop1 1.05965 0.963321
2400 pop2 1.05965 0.96332
2500 pop1 1.06065 0.964231
2500 pop2 1.05997 0.963611
2600 pop1 1.06225 0.965685
2600 pop2 1.05916 0.962876
2700 pop1 1.06283 0.966209
2700 pop2 1.05957 0.963242
2800 pop1 1.06053 0.964121
2800 pop2 1.05817 0.961969
2900 pop1 1.06178 0.965256
2900 pop2 1.0611 0.96464
3000 pop1 1.06228 0.96571
3000 pop2 1.06081 0.964373
3100 pop1 1.06412 0.967378
3100 pop2 1.05723 0.961118
3200 pop1 1.06726 0.970237
3200 pop2 1.05806 0.961872
3300 pop1 1.0616 0.965088
3300 pop2 1.06094 0.96449
3400 pop1 1.06517 0.968339
3400 pop2 1.06079 0.964355
3500 pop1 1.0615 0.965
3500 pop2 1.0618 0.965274
3600 pop1 1.06243 0.965844
3600 pop2 1.06004 0.963672
3700 pop1 1.06623 0.969296
3700 pop2 1.05678 0.960711
3800 pop1 1.06553 0.968665
3800 pop2 1.05738 0.96125
3900 pop1 1.05976 0.963416
3900 pop2 1.0644 0.967639
4000 pop1 1.06255 0.965955
4000 pop2 1.05923 0.962938
4100 pop1 1.06593 0.969025
4100 pop2 1.05772 0.961563
4200 pop1 1.06603 0.969119
4200 pop2 1.05892 0.962658
4300 pop1 1.06055 0.96414
4300 pop2 1.06382 0.967105
4400 pop1 1.06118 0.964708
4400 pop2 1.062 0.965454
4500 pop1 1.06759 0.97054
4500 pop2 1.05827 0.96206
4600 pop1 1.06476 0.967962
4600 pop2 1.06089 0.964448
4700 pop1 1.06105 0.964592
4700 pop2 1.06096 0.964512
4800 pop1 1.06235 0.965772
4800 pop2 1.05859 0.962357
4900 pop1 1.06297 0.966336
4900 pop2 1.06199 0.965445
5000 pop1 1.05838 0.962162
5000 pop2 1.06363 0.966938
