1 pop1 1.0 0.833333
1 pop2 1.0 0.833333
100 pop1 1.19278 0.993987
100 pop2 1.19273 0.993943
200 pop1 1.19267 0.993889
200 pop2 1.1909 0.992415
300 pop1 1.19392 0.994933
300 pop2 1.19341 0.994504
400 pop1 1.19123 0.992693
400 pop2 1.1941 0.99508
500 pop1 1.18471 0.987259
500 pop2 1.19253 0.993771
600 pop1 1.19161 0.993009
600 pop2 1.19155 0.992961
700 pop1 1.19201 0.993339
700 pop2 1.18744 0.989531
800 pop1 1.19303 0.994191
800 pop2 1.19156 0.99297
900 pop1 1.19017 0.991804
900 pop2 1.19027 0.991893
1000 pop1 1.19226 0.993553
1000 pop2 1.19141 0.99284
1100 pop1 1.19679 0.997324
1100 pop2 0.988113 0.823428
1200 pop1 1.20122 1.00102
1200 pop2 0.991941 0.826618
1300 pop1 1.20072 1.0006
1300 pop2 0.99523 0.829358
1400 pop1 1.20392 1.00327
1400 pop2 0.996743 0.830619
1500 pop1 1.20981 1.00817
1500 pop2 0.997668 0.83139
1600 pop1 1.20989 1.00824
1600 pop2 0.999454 0.832878
1700 pop1 1.20949 1.00791
1700 pop2 0.999961 0.833301
1800 pop1 1.21 1.00833
1800 pop2 1.0 0.833333
1900 pop1 1.21 1.00833
1900 pop2 1.0 0.833333
2000 pop1 1.21 1.00833
2000 pop2 1.0 0.833333
2100 pop1 1.21 1.00833
2100 pop2 1.0 0.833333
2200 pop1 1.21 1.00833
2200 pop2 1.0 0.833333
2300 pop1 1.21 1.00833
2300 pop2 1.0 0.833333
2400 pop1 1.21 1.00833
2400 pop2 1.0 0.833333
2500 pop1 1.21 1.00833
2500 pop2 1.0 0.833333
2600 pop1 1.21 1.00833
2600 pop2 1.0 0.833333
2700 pop1 1.21 1.00833
2700 pop2 1.0 0.833333
2800 pop1 1.21 1.00833
2800 pop2 1.0 0.833333
2900 pop1 1.21 1.00833
2900 pop2 1.0 0.833333
3000 pop1 1.21 1.00833
3000 pop2 1.0 0.833333
3100 pop1 1.21 1.00833
3100 pop2 1.0 0.833333
3200 pop1 1.21 1.00833
3200 pop2 1.0 0.833333
3300 pop1 1.21 1.00833
3300 pop2 1.0 0.833333
3400 pop1 1.21 1.00833
3400 pop2 1.0 0.833333
3500 pop1 1.21 1.00833
3500 pop2 1.0 0.833333
3600 pop1 1.21 1.00833
3600 pop2 1.0 0.833333
3700 pop1 1.21 1.00833
3700 pop2 1.0 0.833333
3800 pop1 1.21 1.00833
3800 pop2 1.0 0.833333
3900 pop1 1.21 1.00833
3900 pop2 1.0 0.833333
4000 pop1 1.21 1.00833
4000 pop2 1.0 0.833333
4100 pop1 1.21 1.00833
4100 pop2 1.0 0.833333
4200 pop1 1.21 1.00833
4200 pop2 1.0 0.833333
4300 pop1 1.21 1.00833
4300 pop2 1.0 0.833333
4400 pop1 1.21 1.00833
4400 pop2 1.0 0.833333
4500 pop1 1.21 1.00833
4500 pop2 1.0 0.833333
4600 pop1 1.21 1.00833
4600 pop2 1.0 0.833333
4700 pop1 1.21 1.00833
4700 pop2 1.0 0.833333
4800 pop1 1.21 1.00833
4800 pop2 1.0 0.833333
4900 pop1 1.21 1.00833
4900 pop2 1.0 0.833333
5000 pop1 1.21 1.00833
5000 pop2 1.0 0.833333
