1 pop1 1.0 0.980392
1 pop2 1.0 0.980392
100 pop1 1.00234 0.98269
100 pop2 0.999849 0.980244
200 pop1 1.00295 0.983281
200 pop2 0.999482 0.979884
300 pop1 1.00285 0.983189
300 pop2 1.00209 0.982437
400 pop1 0.99963 0.980029
400 pop2 1.00412 0.984434
500 pop1 1.0015 0.981863
500 pop2 1.00177 0.98213
600 pop1 1.00334 0.983668
600 pop2 1.0006 0.980981
700 pop1 1.00608 0.986358
700 pop2 0.995586 0.976064
800 pop1 1.00546 0.98574
800 pop2 0.997408 0.977851
900 pop1 1.00274 0.98308
900 pop2 1.00078 0.981155
1000 pop1 1.00232 0.982665
1000 pop2 1.00165 0.982006
1100 pop1 1.0104 0.99059
1100 pop2 0.995703 0.97618
1200 pop1 1.01503 0.995123
1200 pop2 0.99471 0.975206
1300 pop1 1.01774 0.997783
1300 pop2 0.994412 0.974914
1400 pop1 1.0183 0.998332
1400 pop2 0.995804 0.976278
1500 pop1 1.01926 0.999279
1500 pop2 0.996059 0.976528
1600 pop1 1.01989 0.999892
1600 pop2 0.998041 0.978472
1700 pop1 1.0201 1.0001
1700 pop2 0.99927 0.979676
1800 pop1 1.0201 1.0001
1800 pop2 0.999605 0.980005
1900 pop1 1.0201 1.0001
1900 pop2 0.999976 0.980369
2000 pop1 1.0201 1.0001
2000 pop2 0.999984 0.980376
2100 pop1 1.0201 1.0001
2100 pop2 1.0 0.980392
2200 pop1 1.0201 1.0001
2200 pop2 1.0 0.980392
2300 pop1 1.0201 1.0001
2300 pop2 1.0 0.980392
2400 pop1 1.0201 1.0001
2400 pop2 1.0 0.980392
2500 pop1 1.0201 1.0001
2500 pop2 1.0 0.980392
2600 pop1 1.0201 1.0001
2600 pop2 1.0 0.980392
2700 pop1 1.0201 1.0001
2700 pop2 1.0 0.980392
2800 pop1 1.0201 1.0001
2800 pop2 1.0 0.980392
2900 pop1 1.0201 1.0001
2900 pop2 1.0 0.980392
3000 pop1 1.0201 1.0001
3000 pop2 1.0 0.980392
3100 pop1 1.0201 1.0001
3100 pop2 1.0 0.980392
3200 pop1 1.0201 1.0001
3200 pop2 1.0 0.980392
3300 pop1 1.0201 1.0001
3300 pop2 1.0 0.980392
3400 pop1 1.0201 1.0001
3400 pop2 1.0 0.980392
3500 pop1 1.0201 1.0001
3500 pop2 1.0 0.980392
3600 pop1 1.0201 1.0001
3600 pop2 1.0 0.980392
3700 pop1 1.0201 1.0001
3700 pop2 1.0 0.980392
3800 pop1 1.0201 1.0001
3800 pop2 1.0 0.980392
3900 pop1 1.0201 1.0001
3900 pop2 1.0 0.980392
4000 pop1 1.0201 1.0001
4000 pop2 1.0 0.980392
4100 pop1 1.0201 1.0001
4100 pop2 1.0 0.980392
4200 pop1 1.0201 1.0001
4200 pop2 1.0 0.980392
4300 pop1 1.0201 1.0001
4300 pop2 1.0 0.980392
4400 pop1 1.0201 1.0001
4400 pop2 1.0 0.980392
4500 pop1 1.0201 1.0001
4500 pop2 1.0 0.980392
4600 pop1 1.0201 1.0001
4600 pop2 1.0 0.980392
4700 pop1 1.0201 1.0001
4700 pop2 1.0 0.980392
4800 pop1 1.0201 1.0001
4800 pop2 1.0 0.980392
4900 pop1 1.0201 1.0001
4900 pop2 1.0 0.980392
5000 pop1 1.0201 1.0001
5000 pop2 1.0 0.980392
