1 pop1 1.0 0.833333
1 pop2 1.0 0.833333
100 pop1 1.18869 0.990572
100 pop2 1.18942 0.991185
200 pop1 1.19034 0.991949
200 pop2 1.18807 0.990056
300 pop1 1.19069 0.992242
300 pop2 1.19132 0.99277
400 pop1 1.19289 0.994078
400 pop2 1.19628 0.996904
500 pop1 1.19076 0.992297
500 pop2 1.19083 0.992355
600 pop1 1.18865 0.990544
600 pop2 1.1931 0.994253
700 pop1 1.18787 0.989896
700 pop2 1.19313 0.994276
800 pop1 1.1918 0.993165
800 pop2 1.1916 0.993001
900 pop1 1.1887 0.990584
900 pop2 1.19306 0.99422
1000 pop1 1.19447 0.995393
1000 pop2 1.19287 0.994057
1100 pop1 1.18905 0.990875
1100 pop2 1.1856 0.988001
1200 pop1 1.19045 0.992038
1200 pop2 1.19509 0.99591
1300 pop1 1.1894 0.991165
1300 pop2 1.19072 0.99227
1400 pop1 1.18531 0.987758
1400 pop2 1.19085 0.992378
1500 pop1 1.19447 0.995391
1500 pop2 1.19275 0.993955
1600 pop1 1.19081 0.992341
1600 pop2 1.18639 0.988655
1700 pop1 1.19013 0.991777
1700 pop2 1.18699 0.989162
1800 pop1 1.1868 0.988999
1800 pop2 1.18971 0.991422
1900 pop1 1.18656 0.988799
1900 pop2 1.18999 0.99166
2000 pop1 1.18913 0.990943
2000 pop2 1.1903 0.991913
2100 pop1 1.18799 0.989993
2100 pop2 1.19288 0.994067
2200 pop1 1.19094 0.992449
2200 pop2 1.19151 0.992928
2300 pop1 1.19047 0.992058
2300 pop2 1.191 0.992496
2400 pop1 1.1887 0.990587
2400 pop2 1.18643 0.988693
2500 pop1 1.19123 0.992695
2500 pop2 1.19096 0.992465
2600 pop1 1.19156 0.99297
2600 pop2 1.18563 0.988028
2700 pop1 1.18706 0.989218
2700 pop2 1.18847 0.990393
2800 pop1 1.19073 0.992272
2800 pop2 1.19221 0.993506
2900 pop1 1.19052 0.992097
2900 pop2 1.18931 0.991094
3000 pop1 1.19046 0.992049
3000 pop2 1.1918 0.993166
3100 pop1 1.19255 0.99379
3100 pop2 1.18777 0.989811
3200 pop1 1.1852 0.987666
3200 pop2 1.18972 0.991432
3300 pop1 1.18629 0.988576
3300 pop2 1.18447 0.98706
3400 pop1 1.18706 0.989217
3400 pop2 1.19111 0.992593
3500 pop1 1.18874 0.990615
3500 pop2 1.18919 0.990988
3600 pop1 1.18996 0.99163
3600 pop2 1.19046 0.992048
3700 pop1 1.18956 0.991303
3700 pop2 1.19037 0.991975
3800 pop1 1.18743 0.989529
3800 pop2 1.19118 0.992646
3900 pop1 1.18793 0.98994
3900 pop2 1.18762 0.989684
4000 pop1 1.19144 0.99287
4000 pop2 1.19129 0.992738
4100 pop1 1.19068 0.992233
4100 pop2 1.18776 0.989801
4200 pop1 1.18831 0.990261
4200 pop2 1.19077 0.992306
4300 pop1 1.18889 0.990741
4300 pop2 1.19119 0.992656
4400 pop1 1.18785 0.989874
4400 pop2 1.18866 0.990553
4500 pop1 1.18773 0.989775
4500 pop2 1.18804 0.990031
4600 pop1 1.1838 0.986502
4600 pop2 1.19114 0.99262
4700 pop1 1.18594 0.988282
4700 pop2 1.18972 0.991432
4800 pop1 1.18881 0.990678
4800 pop2 1.19192 0.99327
4900 pop1 1.18599 0.988323
4900 pop2 1.18876 0.99063
5000 pop1 1.18596 0.988298
5000 pop2 1.1897 0.991415
