1 pop1 1.0 0.980392
1 pop2 1.0 0.980392
100 pop1 0.999422 0.979826
100 pop2 1.00288 0.983211
200 pop1 1.00155 0.981912
200 pop2 1.00139 0.981758
300 pop1 0.99948 0.979882
300 pop2 1.0027 0.983036
400 pop1 1.00045 0.980832
400 pop2 1.0019 0.982256
500 pop1 1.00156 0.981921
500 pop2 0.999967 0.980359
600 pop1 1.00392 0.984233
600 pop2 0.998826 0.979241
700 pop1 1.00599 0.986263
700 pop2 0.995223 0.975709
800 pop1 1.00516 0.985455
800 pop2 0.995895 0.976368
900 pop1 1.00624 0.986506
900 pop2 0.995919 0.976391
1000 pop1 1.00624 0.98651
1000 pop2 0.9952 0.975687
1100 pop1 1.00853 0.988752
1100 pop2 1.00077 0.981151
1200 pop1 1.01117 0.991342
1200 pop2 1.00145 0.98181
1300 pop1 1.01215 0.992302
1300 pop2 1.00308 0.983415
1400 pop1 1.01157 0.991731
1400 pop2 1.00656 0.986828
1500 pop1 1.01093 0.991108
1500 pop2 1.00625 0.986515
1600 pop1 1.00903 0.989245
1600 pop2 1.00982 0.990023
1700 pop1 1.00911 0.989324
1700 pop2 1.0101 0.990298
1800 pop1 1.00916 0.989372
1800 pop2 1.01162 0.991788
1900 pop1 1.00771 0.987953
1900 pop2 1.01169 0.991858
2000 pop1 1.00722 0.987467
2000 pop2 1.0123 0.992449
2100 pop1 1.00653 0.98679
2100 pop2 1.01389 0.994008
2200 pop1 1.00705 0.987304
2200 pop2 1.01251 0.992658
2300 pop1 1.00579 0.98607
2300 pop2 1.01458 0.994685
2400 pop1 1.00751 0.987754
2400 pop2 1.01267 0.992816
2500 pop1 1.00662 0.98688
2500 pop2 1.01364 0.993765
2600 pop1 1.00741 0.987655
2600 pop2 1.01362 0.993742
2700 pop1 1.00838 0.988604
2700 pop2 1.0127 0.992845
2800 pop1 1.00747 0.987718
2800 pop2 1.01234 0.992493
2900 pop1 1.00782 0.988055
2900 pop2 1.01247 0.992616
3000 pop1 1.00996 0.99016
3000 pop2 1.01145 0.991614
3100 pop1 1.01009 0.990283
3100 pop2 1.0111 0.991274
3200 pop1 1.0128 0.992939
3200 pop2 1.00905 0.989262
3300 pop1 1.0119 0.992056
3300 pop2 1.00893 0.989148
3400 pop1 1.01019 0.99038
3400 pop2 1.01109 0.991262
3500 pop1 1.00976 0.989966
3500 pop2 1.01094 0.991116
3600 pop1 1.01075 0.990927
3600 pop2 1.00961 0.989818
3700 pop1 1.01105 0.991224
3700 pop2 1.01043 0.990622
3800 pop1 1.01167 0.991837
3800 pop2 1.00965 0.989853
3900 pop1 1.01163 0.991798
3900 pop2 1.00946 0.989664
4000 pop1 1.01046 0.990649
4000 pop2 1.0109 0.991082
4100 pop1 1.00944 0.989651
4100 pop2 1.01201 0.992163
4200 pop1 1.00916 0.98937
4200 pop2 1.01068 0.990862
4300 pop1 1.01017 0.990368
4300 pop2 1.01102 0.9912
4400 pop1 1.01062 0.990807
4400 pop2 1.01025 0.99044
4500 pop1 1.00963 0.989833
4500 pop2 1.01202 0.992172
4600 pop1 1.00772 0.987956
4600 pop2 1.01281 0.992951
4700 pop1 1.00776 0.987996
4700 pop2 1.01291 0.993046
4800 pop1 1.00748 0.987725
4800 pop2 1.01458 0.994686
4900 pop1 1.00745 0.987695
4900 pop2 1.01308 0.993211
5000 pop1 1.00933 0.989535
5000 pop2 1.01161 0.991771
