1 pop1 1.0 0.909091
1 pop2 1.0 0.909091
100 pop1 1.07893 0.980843
100 pop2 1.08126 0.982962
200 pop1 1.08087 0.982608
200 pop2 1.08336 0.984871
300 pop1 1.08478 0.986167
300 pop2 1.0808 0.982546
400 pop1 1.07947 0.981339
400 pop2 1.08215 0.983771
500 pop1 1.0826 0.984178
500 pop2 1.08174 0.983396
600 pop1 1.08386 0.985329
600 pop2 1.08106 0.982785
700 pop1 1.08396 0.985414
700 pop2 1.0859 0.987183
800 pop1 1.08376 0.985238
800 pop2 1.08001 0.981824
900 pop1 1.08187 0.983522
900 pop2 1.08207 0.983704
1000 pop1 1.08281 0.984376
1000 pop2 1.08075 0.982501
1100 pop1 1.08863 0.989661
1100 pop2 1.06692 0.969928
1200 pop1 1.08451 0.985922
1200 pop2 1.08787 0.988974
1300 pop1 1.08705 0.988225
1300 pop2 1.08548 0.986797
1400 pop1 1.08568 0.986983
1400 pop2 1.08405 0.985499
1500 pop1 1.08298 0.984529
1500 pop2 1.08079 0.982532
1600 pop1 1.08436 0.985778
1600 pop2 1.08556 0.986873
1700 pop1 1.08582 0.987109
1700 pop2 1.08405 0.985501
1800 pop1 1.08408 0.98553
1800 pop2 1.08604 0.987309
1900 pop1 1.08278 0.984346
1900 pop2 1.08672 0.987925
2000 pop1 1.08496 0.98633
2000 pop2 1.08425 0.985679
2100 pop1 1.08814 0.989222
2100 pop2 1.08371 0.985193
2200 pop1 1.08524 0.986583
2200 pop2 1.08698 0.988168
2300 pop1 1.08515 0.986499
2300 pop2 1.0861 0.987362
2400 pop1 1.08735 0.988502
2400 pop2 1.08271 0.984281
2500 pop1 1.08232 0.983929
2500 pop2 1.08652 0.987748
2600 pop1 1.08747 0.988607
2600 pop2 1.08483 0.986205
2700 pop1 1.08513 0.986486
2700 pop2 1.08377 0.985243
2800 pop1 1.08766 0.98878
2800 pop2 1.08685 0.98805
2900 pop1 1.08962 0.990562
2900 pop2 1.08498 0.986345
3000 pop1 1.08711 0.988284
3000 pop2 1.08513 0.986483
3100 pop1 1.08352 0.985016
3100 pop2 1.08579 0.987086
3200 pop1 1.08487 0.986244
3200 pop2 1.08633 0.987577
3300 pop1 1.08586 0.987145
3300 pop2 1.08445 0.98586
3400 pop1 1.08642 0.98765
3400 pop2 1.08495 0.986317
3500 pop1 1.08506 0.986414
3500 pop2 1.08178 0.983434
3600 pop1 1.08253 0.984122
3600 pop2 1.08461 0.986008
3700 pop1 1.08516 0.986511
3700 pop2 1.08187 0.983517
3800 pop1 1.08049 0.982262
3800 pop2 1.0875 0.988641
3900 pop1 1.08692 0.988106
3900 pop2 1.084 0.985457
4000 pop1 1.08573 0.987024
4000 pop2 1.08298 0.984525
4100 pop1 1.08327 0.98479
4100 pop2 1.08621 0.987461
4200 pop1 1.08056 0.98233
4200 pop2 1.08537 0.986703
4300 pop1 1.08205 0.983678
4300 pop2 1.0887 0.989726
4400 pop1 1.08475 0.986139
4400 pop2 1.08302 0.984561
4500 pop1 1.08388 0.98535
4500 pop2 1.08154 0.98322
4600 pop1 1.08502 0.986383
4600 pop2 1.08855 0.989595
4700 pop1 1.08402 0.985476
4700 pop2 1.08965 0.990591
4800 pop1 1.08579 0.987081
4800 pop2 1.08824 0.989305
4900 pop1 1.08521 0.986555
4900 pop2 1.08457 0.985972
5000 pop1 1.08619 0.987443
5000 pop2 1.08914 0.990129
