1 pop1 1.0 0.833333
1 pop2 1.0 0.833333
100 pop1 1.12483 0.937358
100 pop2 1.12545 0.937872
200 pop1 1.12432 0.93693
200 pop2 1.11126 0.926048
300 pop1 1.12125 0.934374
300 pop2 1.11929 0.93274
400 pop1 1.13242 0.943681
400 pop2 1.12011 0.933429
500 pop1 1.12568 0.938065
500 pop2 1.1257 0.938082
600 pop1 1.13176 0.943132
600 pop2 1.12639 0.938655
700 pop1 1.13192 0.943266
700 pop2 1.11243 0.927026
800 pop1 1.12305 0.935876
800 pop2 1.11951 0.932929
900 pop1 1.12102 0.934179
900 pop2 1.12206 0.935047
1000 pop1 1.12496 0.937468
1000 pop2 1.12728 0.939398
1100 pop1 1.14565 0.954712
1100 pop2 1.14094 0.950781
1200 pop1 1.13476 0.945631
1200 pop2 1.15291 0.96076
1300 pop1 1.13905 0.94921
1300 pop2 1.14027 0.950223
1400 pop1 1.14106 0.950881
1400 pop2 1.14607 0.955062
1500 pop1 1.14948 0.957901
1500 pop2 1.14407 0.953388
1600 pop1 1.15022 0.958514
1600 pop2 1.13944 0.949536
1700 pop1 1.14644 0.955371
1700 pop2 1.13963 0.949693
1800 pop1 1.13729 0.947742
1800 pop2 1.14623 0.955189
1900 pop1 1.14179 0.951489
1900 pop2 1.14753 0.956273
2000 pop1 1.15131 0.959423
2000 pop2 1.14072 0.950597
2100 pop1 1.14944 0.95787
2100 pop2 1.13807 0.948394
2200 pop1 1.14883 0.957358
2200 pop2 1.14183 0.951529
2300 pop1 1.14527 0.95439
2300 pop2 1.14292 0.952436
2400 pop1 1.14178 0.951484
2400 pop2 1.13695 0.947462
2500 pop1 1.13737 0.947809
2500 pop2 1.14808 0.956733
2600 pop1 1.14305 0.952541
2600 pop2 1.13956 0.949635
2700 pop1 1.13818 0.948481
2700 pop2 1.14655 0.955459
2800 pop1 1.14517 0.95431
2800 pop2 1.14008 0.950067
2900 pop1 1.14134 0.951116
2900 pop2 1.13733 0.947776
3000 pop1 1.13569 0.946407
3000 pop2 1.14556 0.954631
3100 pop1 1.13686 0.947386
3100 pop2 1.14024 0.950197
3200 pop1 1.14257 0.952142
3200 pop2 1.14603 0.955026
3300 pop1 1.14339 0.952828
3300 pop2 1.1438 0.953169
3400 pop1 1.14093 0.950774
3400 pop2 1.13945 0.949543
3500 pop1 1.14621 0.955172
3500 pop2 1.13862 0.948854
3600 pop1 1.13859 0.948822
3600 pop2 1.14712 0.955932
3700 pop1 1.14286 0.952382
3700 pop2 1.13537 0.946139
3800 pop1 1.14201 0.951678
3800 pop2 1.13635 0.946961
3900 pop1 1.14824 0.956871
3900 pop2 1.13622 0.946853
4000 pop1 1.14094 0.950787
4000 pop2 1.14422 0.953521
4100 pop1 1.1462 0.955166
4100 pop2 1.14043 0.950357
4200 pop1 1.14583 0.954861
4200 pop2 1.13625 0.946879
4300 pop1 1.14628 0.955235
4300 pop2 1.13902 0.94918
4400 pop1 1.14526 0.954387
4400 pop2 1.14505 0.954212
4500 pop1 1.14629 0.955244
4500 pop2 1.1461 0.955081
4600 pop1 1.14318 0.952653
4600 pop2 1.13996 0.949965
4700 pop1 1.13455 0.945457
4700 pop2 1.14763 0.956355
4800 pop1 1.14394 0.953284
4800 pop2 1.14386 0.953218
4900 pop1 1.14257 0.952141
4900 pop2 1.13819 0.948488
5000 pop1 1.13661 0.947172
5000 pop2 1.14449 0.953745
