1 pop1 1.0 0.980392
1 pop2 1.0 0.980392
100 pop1 1.00732 0.987565
100 pop2 1.00788 0.988119
200 pop1 1.0078 0.988043
200 pop2 1.0101 0.990299
300 pop1 1.00622 0.986486
300 pop2 1.00887 0.989092
400 pop1 1.0061 0.986376
400 pop2 1.00963 0.989834
500 pop1 1.00936 0.989564
500 pop2 1.00618 0.986449
600 pop1 1.00685 0.987108
600 pop2 1.00952 0.989724
700 pop1 1.00531 0.985598
700 pop2 1.01064 0.990821
800 pop1 1.00986 0.990058
800 pop2 1.00784 0.988079
900 pop1 1.00757 0.987814
900 pop2 1.01098 0.991159
1000 pop1 1.00722 0.987466
1000 pop2 1.00954 0.989741
1100 pop1 1.01295 0.993093
1100 pop2 0.998148 0.978576
1200 pop1 1.01752 0.997566
1200 pop2 0.999454 0.979856
1300 pop1 1.01955 0.999563
1300 pop2 0.999805 0.980201
1400 pop1 1.01989 0.999887
1400 pop2 0.999138 0.979547
1500 pop1 1.01863 0.998653
1500 pop2 0.999501 0.979903
1600 pop1 1.01962 0.999624
1600 pop2 0.999888 0.980283
1700 pop1 1.02001 1.00001
1700 pop2 0.999956 0.980349
1800 pop1 1.02002 1.00002
1800 pop2 0.999968 0.980361
1900 pop1 1.01972 0.999727
1900 pop2 1.0 0.980392
2000 pop1 1.0201 1.0001
2000 pop2 1.0 0.980392
2100 pop1 1.0201 1.0001
2100 pop2 1.0 0.980392
2200 pop1 1.0201 1.0001
2200 pop2 1.0 0.980392
2300 pop1 1.0201 1.0001
2300 pop2 1.0 0.980392
2400 pop1 1.0201 1.0001
2400 pop2 1.0 0.980392
2500 pop1 1.0201 1.0001
2500 pop2 1.0 0.980392
2600 pop1 1.0201 1.0001
2600 pop2 1.0 0.980392
2700 pop1 1.0201 1.0001
2700 pop2 1.0 0.980392
2800 pop1 1.0201 1.0001
2800 pop2 1.0 0.980392
2900 pop1 1.0201 1.0001
2900 pop2 1.0 0.980392
3000 pop1 1.0201 1.0001
3000 pop2 1.0 0.980392
3100 pop1 1.0201 1.0001
3100 pop2 1.0 0.980392
3200 pop1 1.0201 1.0001
3200 pop2 1.0 0.980392
3300 pop1 1.0201 1.0001
3300 pop2 1.0 0.980392
3400 pop1 1.0201 1.0001
3400 pop2 1.0 0.980392
3500 pop1 1.0201 1.0001
3500 pop2 1.0 0.980392
3600 pop1 1.0201 1.0001
3600 pop2 1.0 0.980392
3700 pop1 1.0201 1.0001
3700 pop2 1.0 0.980392
3800 pop1 1.0201 1.0001
3800 pop2 1.0 0.980392
3900 pop1 1.0201 1.0001
3900 pop2 1.0 0.980392
4000 pop1 1.0201 1.0001
4000 pop2 1.0 0.980392
4100 pop1 1.0201 1.0001
4100 pop2 1.0 0.980392
4200 pop1 1.0201 1.0001
4200 pop2 1.0 0.980392
4300 pop1 1.0201 1.0001
4300 pop2 1.0 0.980392
4400 pop1 1.0201 1.0001
4400 pop2 1.0 0.980392
4500 pop1 1.0201 1.0001
4500 pop2 1.0 0.980392
4600 pop1 1.0201 1.0001
4600 pop2 1.0 0.980392
4700 pop1 1.0201 1.0001
4700 pop2 1.0 0.980392
4800 pop1 1.0201 1.0001
4800 pop2 1.0 0.980392
4900 pop1 1.0201 1.0001
4900 pop2 1.0 0.980392
5000 pop1 1.0201 1.0001
5000 pop2 1.0 0.980392
