1 pop1 1.0 0.909091
1 pop2 1.0 0.909091
100 pop1 1.03006 0.936421
100 pop2 1.03736 0.943051
200 pop1 1.0341 0.940088
200 pop2 1.03668 0.942436
300 pop1 1.03327 0.939334
300 pop2 1.03675 0.942502
400 pop1 1.03529 0.941177
400 pop2 1.03742 0.943107
500 pop1 1.04552 0.950471
500 pop2 1.02681 0.933462
600 pop1 1.03992 0.945384
600 pop2 1.03151 0.937733
700 pop1 1.03207 0.938248
700 pop2 1.03953 0.945028
800 pop1 1.03216 0.938328
800 pop2 1.03411 0.940101
900 pop1 1.04068 0.946071
900 pop2 1.03852 0.944112
1000 pop1 1.03574 0.941585
1000 pop2 1.03734 0.943037
1100 pop1 1.06903 0.971842
1100 pop2 1.04267 0.947879
1200 pop1 1.05789 0.961718
1200 pop2 1.06422 0.967471
1300 pop1 1.05546 0.959505
1300 pop2 1.06125 0.964775
1400 pop1 1.05399 0.958175
1400 pop2 1.06576 0.968877
1500 pop1 1.05975 0.963407
1500 pop2 1.06582 0.968928
1600 pop1 1.06123 0.964759
1600 pop2 1.06263 0.966026
1700 pop1 1.05986 0.963508
1700 pop2 1.05872 0.962475
1800 pop1 1.06612 0.969196
1800 pop2 1.05756 0.96142
1900 pop1 1.0663 0.969365
1900 pop2 1.05645 0.960413
2000 pop1 1.06262 0.966015
2000 pop2 1.05657 0.960517
2100 pop1 1.05706 0.960967
2100 pop2 1.06322 0.966562
2200 pop1 1.05714 0.961038
2200 pop2 1.06728 0.970254
2300 pop1 1.06304 0.966399
2300 pop2 1.05956 0.963236
2400 pop1 1.06442 0.967655
2400 pop2 1.0603 0.963911
2500 pop1 1.06415 0.967405
2500 pop2 1.05622 0.960197
2600 pop1 1.06088 0.964438
2600 pop2 1.06148 0.964981
2700 pop1 1.06412 0.967386
2700 pop2 1.05302 0.957286
2800 pop1 1.06246 0.965872
2800 pop2 1.06226 0.965695
2900 pop1 1.06656 0.969597
2900 pop2 1.05383 0.958025
3000 pop1 1.05653 0.960479
3000 pop2 1.06379 0.967078
3100 pop1 1.06073 0.964303
3100 pop2 1.0616 0.965092
3200 pop1 1.06611 0.969186
3200 pop2 1.05889 0.962629
3300 pop1 1.06576 0.968872
3300 pop2 1.05668 0.960622
3400 pop1 1.06155 0.965049
3400 pop2 1.06408 0.967346
3500 pop1 1.06363 0.966941
3500 pop2 1.0592 0.962906
3600 pop1 1.0675 0.970457
3600 pop2 1.05724 0.961127
3700 pop1 1.06752 0.970472
3700 pop2 1.05622 0.960199
3800 pop1 1.06756 0.970507
3800 pop2 1.05474 0.958858
3900 pop1 1.06148 0.964985
3900 pop2 1.06021 0.96383
4000 pop1 1.06236 0.96578
4000 pop2 1.05724 0.961123
4100 pop1 1.06392 0.967199
4100 pop2 1.05888 0.962621
4200 pop1 1.05711 0.96101
4200 pop2 1.0624 0.965821
4300 pop1 1.06284 0.966215
4300 pop2 1.06156 0.965055
4400 pop1 1.06197 0.965426
4400 pop2 1.06208 0.965529
4500 pop1 1.06739 0.970351
4500 pop2 1.05161 0.956005
4600 pop1 1.05704 0.960942
4600 pop2 1.06684 0.969851
4700 pop1 1.05955 0.963226
4700 pop2 1.06414 0.967399
4800 pop1 1.05735 0.96123
4800 pop2 1.06471 0.967916
4900 pop1 1.06102 0.964565
4900 pop2 1.06504 0.968214
5000 pop1 1.06871 0.971551
5000 pop2 1.05934 0.963037
