1 pop1 1.0 0.909091
1 pop2 1.0 0.909091
100 pop1 1.08686 0.98805
100 pop2 1.08345 0.984951
200 pop1 1.0817 0.983366
200 pop2 1.08631 0.987551
300 pop1 1.08488 0.986254
300 pop2 1.08453 0.985937
400 pop1 1.07892 0.980833
400 pop2 1.08541 0.986737
500 pop1 1.08297 0.984515
500 pop2 1.08656 0.987782
600 pop1 1.08429 0.985719
600 pop2 1.08194 0.983579
700 pop1 1.08136 0.983051
700 pop2 1.08531 0.986644
800 pop1 1.08153 0.983207
800 pop2 1.08695 0.988133
900 pop1 1.08367 0.985152
900 pop2 1.08307 0.98461
1000 pop1 1.08578 0.987077
1000 pop2 1.08002 0.981835
1100 pop1 1.09201 0.992732
1100 pop2 0.994134 0.903758
1200 pop1 1.0936 0.994178
1200 pop2 0.995102 0.904638
1300 pop1 1.09859 0.998723
1300 pop2 0.995892 0.905356
1400 pop1 1.09868 0.998798
1400 pop2 0.997373 0.906703
1500 pop1 1.10062 1.00057
1500 pop2 0.999526 0.90866
1600 pop1 1.1017 1.00155
1600 pop2 0.999901 0.909001
1700 pop1 1.1025 1.00227
1700 pop2 1.0 0.909091
1800 pop1 1.10233 1.00212
1800 pop2 1.0 0.909091
1900 pop1 1.10225 1.00205
1900 pop2 1.0 0.909091
2000 pop1 1.1025 1.00227
2000 pop2 1.0 0.909091
2100 pop1 1.1025 1.00227
2100 pop2 1.0 0.909091
2200 pop1 1.1025 1.00227
2200 pop2 1.0 0.909091
2300 pop1 1.1025 1.00227
2300 pop2 1.0 0.909091
2400 pop1 1.1025 1.00227
2400 pop2 1.0 0.909091
2500 pop1 1.1025 1.00227
2500 pop2 1.0 0.909091
2600 pop1 1.1025 1.00227
2600 pop2 1.0 0.909091
2700 pop1 1.1025 1.00227
2700 pop2 1.0 0.909091
2800 pop1 1.1025 1.00227
2800 pop2 1.0 0.909091
2900 pop1 1.1025 1.00227
2900 pop2 1.0 0.909091
3000 pop1 1.1025 1.00227
3000 pop2 1.0 0.909091
3100 pop1 1.1025 1.00227
3100 pop2 1.0 0.909091
3200 pop1 1.1025 1.00227
3200 pop2 1.0 0.909091
3300 pop1 1.1025 1.00227
3300 pop2 1.0 0.909091
3400 pop1 1.1025 1.00227
3400 pop2 1.0 0.909091
3500 pop1 1.1025 1.00227
3500 pop2 1.0 0.909091
3600 pop1 1.1025 1.00227
3600 pop2 1.0 0.909091
3700 pop1 1.1025 1.00227
3700 pop2 1.0 0.909091
3800 pop1 1.1025 1.00227
3800 pop2 1.0 0.909091
3900 pop1 1.1025 1.00227
3900 pop2 1.0 0.909091
4000 pop1 1.1025 1.00227
4000 pop2 1.0 0.909091
4100 pop1 1.1025 1.00227
4100 pop2 1.0 0.909091
4200 pop1 1.1025 1.00227
4200 pop2 1.0 0.909091
4300 pop1 1.1025 1.00227
4300 pop2 1.0 0.909091
4400 pop1 1.1025 1.00227
4400 pop2 1.0 0.909091
4500 pop1 1.1025 1.00227
4500 pop2 1.0 0.909091
4600 pop1 1.1025 1.00227
4600 pop2 1.0 0.909091
4700 pop1 1.1025 1.00227
4700 pop2 1.0 0.909091
4800 pop1 1.1025 1.00227
4800 pop2 1.0 0.909091
4900 pop1 1.1025 1.00227
4900 pop2 1.0 0.909091
5000 pop1 1.1025 1.00227
5000 pop2 1.0 0.909091
