1 pop1 1.0 0.909091
1 pop2 1.0 0.909091
100 pop1 1.02937 0.93579
100 pop2 1.03438 0.940348
200 pop1 1.03037 0.936696
200 pop2 1.041 0.946363
300 pop1 1.03987 0.945332
300 pop2 1.03627 0.942065
400 pop1 1.03772 0.943381
400 pop2 1.03716 0.942869
500 pop1 1.04032 0.945741
500 pop2 1.02582 0.932563
600 pop1 1.03578 0.941622
600 pop2 1.03717 0.942882
700 pop1 1.03297 0.939063
700 pop2 1.03374 0.939761
800 pop1 1.03895 0.944497
800 pop2 1.02582 0.932565
900 pop1 1.03498 0.940887
900 pop2 1.0299 0.93627
1000 pop1 1.03458 0.940528
1000 pop2 1.03997 0.945426
1100 pop1 1.06564 0.96876
1100 pop2 1.04016 0.945596
1200 pop1 1.06 0.963638
1200 pop2 1.05763 0.961485
1300 pop1 1.0463 0.951185
1300 pop2 1.07011 0.972831
1400 pop1 1.04277 0.947973
1400 pop2 1.07246 0.974962
1500 pop1 1.04818 0.952895
1500 pop2 1.06517 0.968337
1600 pop1 1.04844 0.953127
1600 pop2 1.06706 0.970055
1700 pop1 1.05292 0.957196
1700 pop2 1.06762 0.970564
1800 pop1 1.05147 0.955879
1800 pop2 1.0676 0.970548
1900 pop1 1.05413 0.958304
1900 pop2 1.07049 0.973169
2000 pop1 1.05933 0.963027
2000 pop2 1.06623 0.969299
2100 pop1 1.05798 0.961801
2100 pop2 1.06365 0.966951
2200 pop1 1.06213 0.965569
2200 pop2 1.05735 0.961224
2300 pop1 1.06371 0.967007
2300 pop2 1.05794 0.961763
2400 pop1 1.06234 0.965761
2400 pop2 1.05896 0.962695
2500 pop1 1.05724 0.961126
2500 pop2 1.06249 0.965902
2600 pop1 1.05914 0.962852
2600 pop2 1.05942 0.963107
2700 pop1 1.05768 0.961529
2700 pop2 1.06227 0.965703
2800 pop1 1.05289 0.957176
2800 pop2 1.06415 0.967409
2900 pop1 1.06508 0.968257
2900 pop2 1.06215 0.965589
3000 pop1 1.05517 0.959249
3000 pop2 1.06001 0.963643
3100 pop1 1.05796 0.961785
3100 pop2 1.06628 0.969344
3200 pop1 1.05835 0.962132
3200 pop2 1.06585 0.968951
3300 pop1 1.05348 0.957709
3300 pop2 1.06726 0.970235
3400 pop1 1.06033 0.963939
3400 pop2 1.06259 0.965989
3500 pop1 1.06582 0.968927
3500 pop2 1.05687 0.96079
3600 pop1 1.06453 0.967754
3600 pop2 1.05814 0.961947
3700 pop1 1.06511 0.968283
3700 pop2 1.06064 0.964222
3800 pop1 1.06126 0.964781
3800 pop2 1.06194 0.965402
3900 pop1 1.06092 0.964476
3900 pop2 1.06037 0.963975
4000 pop1 1.06169 0.965176
4000 pop2 1.06079 0.964358
4100 pop1 1.06788 0.970796
4100 pop2 1.0535 0.95773
4200 pop1 1.06594 0.969035
4200 pop2 1.05624 0.960221
4300 pop1 1.0608 0.964364
4300 pop2 1.06048 0.96407
4400 pop1 1.05554 0.959586
4400 pop2 1.06569 0.96881
4500 pop1 1.05899 0.962716
4500 pop2 1.0624 0.965815
4600 pop1 1.06502 0.968198
4600 pop2 1.06225 0.965681
4700 pop1 1.06394 0.967218
4700 pop2 1.06073 0.964299
4800 pop1 1.05658 0.960528
4800 pop2 1.06312 0.966475
4900 pop1 1.06481 0.968012
4900 pop2 1.05761 0.961462
5000 pop1 1.06654 0.969584
5000 pop2 1.05457 0.958703
