1 pop1 1.0 0.980392
1 pop2 1.0 0.980392
100 pop1 0.999355 0.979759
100 pop2 1.00224 0.982593
200 pop1 0.99898 0.979392
200 pop2 1.00283 0.983168
300 pop1 0.996871 0.977324
300 pop2 1.00448 0.984788
400 pop1 0.998198 0.978626
400 pop2 1.00383 0.984148
500 pop1 0.998067 0.978497
500 pop2 1.00391 0.984225
600 pop1 0.996173 0.97664
600 pop2 1.00455 0.984857
700 pop1 0.998828 0.979243
700 pop2 1.00325 0.983576
800 pop1 1.00167 0.98203
800 pop2 1.00065 0.981032
900 pop1 0.998018 0.978449
900 pop2 1.00428 0.984587
1000 pop1 0.994113 0.974621
1000 pop2 1.00723 0.987485
1100 pop1 1.00443 0.984737
1100 pop2 0.996132 0.9766
1200 pop1 1.01493 0.995033
1200 pop2 0.995679 0.976156
1300 pop1 1.01645 0.996518
1300 pop2 0.994963 0.975454
1400 pop1 1.01775 0.997796
1400 pop2 0.995147 0.975634
1500 pop1 1.01873 0.998759
1500 pop2 0.995271 0.975755
1600 pop1 1.01863 0.998656
1600 pop2 0.995775 0.97625
1700 pop1 1.01915 0.999168
1700 pop2 0.995922 0.976394
1800 pop1 1.01846 0.998488
1800 pop2 0.996405 0.976868
1900 pop1 1.0198 0.999801
1900 pop2 0.995751 0.976226
2000 pop1 1.02005 1.00005
2000 pop2 0.995978 0.976449
2100 pop1 1.02011 1.00011
2100 pop2 0.996728 0.977184
2200 pop1 1.02011 1.0001
2200 pop2 0.997694 0.978131
2300 pop1 1.02011 1.0001
2300 pop2 0.998017 0.978448
2400 pop1 1.0201 1.0001
2400 pop2 0.998911 0.979324
2500 pop1 1.0201 1.0001
2500 pop2 0.999593 0.979993
2600 pop1 1.0201 1.0001
2600 pop2 0.999649 0.980048
2700 pop1 1.0201 1.0001
2700 pop2 0.999928 0.980322
2800 pop1 1.0201 1.0001
2800 pop2 1.0 0.980392
2900 pop1 1.0201 1.0001
2900 pop2 1.0 0.980392
3000 pop1 1.0201 1.0001
3000 pop2 1.0 0.980392
3100 pop1 1.0201 1.0001
3100 pop2 1.0 0.980392
3200 pop1 1.0201 1.0001
3200 pop2 1.0 0.980392
3300 pop1 1.0201 1.0001
3300 pop2 1.0 0.980392
3400 pop1 1.0201 1.0001
3400 pop2 1.0 0.980392
3500 pop1 1.0201 1.0001
3500 pop2 1.0 0.980392
3600 pop1 1.0201 1.0001
3600 pop2 1.0 0.980392
3700 pop1 1.0201 1.0001
3700 pop2 1.0 0.980392
3800 pop1 1.0201 1.0001
3800 pop2 1.0 0.980392
3900 pop1 1.0201 1.0001
3900 pop2 1.0 0.980392
4000 pop1 1.0201 1.0001
4000 pop2 1.0 0.980392
4100 pop1 1.0201 1.0001
4100 pop2 1.0 0.980392
4200 pop1 1.0201 1.0001
4200 pop2 1.0 0.980392
4300 pop1 1.0201 1.0001
4300 pop2 1.0 0.980392
4400 pop1 1.0201 1.0001
4400 pop2 1.0 0.980392
4500 pop1 1.0201 1.0001
4500 pop2 1.0 0.980392
4600 pop1 1.0201 1.0001
4600 pop2 1.0 0.980392
4700 pop1 1.0201 1.0001
4700 pop2 1.0 0.980392
4800 pop1 1.0201 1.0001
4800 pop2 1.0 0.980392
4900 pop1 1.0201 1.0001
4900 pop2 1.0 0.980392
5000 pop1 1.0201 1.0001
5000 pop2 1.0 0.980392
