1 pop1 1.0 0.833333
1 pop2 1.0 0.833333
100 pop1 1.12897 0.940812
100 pop2 1.12757 0.93964
200 pop1 1.12514 0.937618
200 pop2 1.12678 0.938987
300 pop1 1.11651 0.930425
300 pop2 1.11995 0.933288
400 pop1 1.12357 0.936306
400 pop2 1.12678 0.938982
500 pop1 1.12648 0.93873
500 pop2 1.12701 0.939177
600 pop1 1.12464 0.937203
600 pop2 1.12867 0.940556
700 pop1 1.12311 0.935926
700 pop2 1.11973 0.933107
800 pop1 1.12513 0.937604
800 pop2 1.11983 0.933191
900 pop1 1.13003 0.941695
900 pop2 1.13024 0.941868
1000 pop1 1.12851 0.940422
1000 pop2 1.12141 0.93451
1100 pop1 1.14103 0.950859
1100 pop2 1.1434 0.952835
1200 pop1 1.1386 0.948835
1200 pop2 1.14534 0.954452
1300 pop1 1.14044 0.950364
1300 pop2 1.14985 0.958208
1400 pop1 1.1365 0.947087
1400 pop2 1.1399 0.949917
1500 pop1 1.14303 0.952524
1500 pop2 1.15028 0.958564
1600 pop1 1.13895 0.949124
1600 pop2 1.14263 0.952191
1700 pop1 1.13583 0.946523
1700 pop2 1.14645 0.955372
1800 pop1 1.12991 0.941589
1800 pop2 1.15149 0.959572
1900 pop1 1.14534 0.954453
1900 pop2 1.14475 0.95396
2000 pop1 1.14137 0.951138
2000 pop2 1.14717 0.955975
2100 pop1 1.14013 0.950108
2100 pop2 1.15739 0.964488
2200 pop1 1.14898 0.957481
2200 pop2 1.14409 0.953411
2300 pop1 1.13928 0.949396
2300 pop2 1.14509 0.954239
2400 pop1 1.13384 0.944871
2400 pop2 1.1439 0.953252
2500 pop1 1.14128 0.951063
2500 pop2 1.14225 0.951874
2600 pop1 1.13529 0.946075
2600 pop2 1.14747 0.956224
2700 pop1 1.13937 0.949477
2700 pop2 1.14326 0.95272
2800 pop1 1.12981 0.94151
2800 pop2 1.14848 0.957068
2900 pop1 1.14137 0.951141
2900 pop2 1.14231 0.951921
3000 pop1 1.13704 0.947531
3000 pop2 1.14743 0.956196
3100 pop1 1.13724 0.947699
3100 pop2 1.15407 0.961723
3200 pop1 1.14491 0.95409
3200 pop2 1.1488 0.95733
3300 pop1 1.13183 0.943191
3300 pop2 1.14816 0.9568
3400 pop1 1.14476 0.95397
3400 pop2 1.14283 0.952355
3500 pop1 1.14512 0.95427
3500 pop2 1.1442 0.953497
3600 pop1 1.13901 0.949174
3600 pop2 1.14117 0.950978
3700 pop1 1.1359 0.946587
3700 pop2 1.15114 0.959286
3800 pop1 1.13834 0.948618
3800 pop2 1.14805 0.95671
3900 pop1 1.14099 0.950822
3900 pop2 1.15001 0.958346
4000 pop1 1.13743 0.94786
4000 pop2 1.1497 0.958087
4100 pop1 1.14513 0.954278
4100 pop2 1.14577 0.954808
4200 pop1 1.14183 0.951527
4200 pop2 1.14728 0.956063
4300 pop1 1.14108 0.950897
4300 pop2 1.14202 0.951681
4400 pop1 1.14126 0.95105
4400 pop2 1.14713 0.955944
4500 pop1 1.13258 0.943815
4500 pop2 1.14967 0.958061
4600 pop1 1.14178 0.951483
4600 pop2 1.14306 0.952551
4700 pop1 1.13518 0.945983
4700 pop2 1.14947 0.957892
4800 pop1 1.13909 0.949239
4800 pop2 1.14474 0.95395
4900 pop1 1.14156 0.951303
4900 pop2 1.14683 0.955689
5000 pop1 1.14208 0.95173
5000 pop2 1.14325 0.952711
