1 pop1 1.0 0.909091
1 pop2 1.0 0.909091
100 pop1 1.01964 0.926948
100 pop2 1.011 0.919087
200 pop1 1.014 0.921822
200 pop2 1.01468 0.922433
300 pop1 1.01293 0.920846
300 pop2 1.01204 0.920032
400 pop1 1.0153 0.923004
400 pop2 1.01258 0.920523
500 pop1 1.02494 0.931761
500 pop2 1.00724 0.915676
600 pop1 1.01536 0.923055
600 pop2 1.01457 0.922334
700 pop1 1.01182 0.919841
700 pop2 1.0146 0.922367
800 pop1 1.01568 0.923346
800 pop2 1.00521 0.913831
900 pop1 1.02564 0.932397
900 pop2 1.00208 0.910984
1000 pop1 1.00996 0.918142
1000 pop2 1.01714 0.924671
1100 pop1 1.05877 0.962519
1100 pop2 1.04813 0.952849
1200 pop1 1.05743 0.9613
1200 pop2 1.05258 0.956889
1300 pop1 1.05628 0.960255
1300 pop2 1.05298 0.957253
1400 pop1 1.05734 0.961221
1400 pop2 1.05213 0.956483
1500 pop1 1.05911 0.962828
1500 pop2 1.05128 0.955707
1600 pop1 1.05531 0.959371
1600 pop2 1.05641 0.960377
1700 pop1 1.05556 0.959599
1700 pop2 1.05602 0.960018
1800 pop1 1.05058 0.955077
1800 pop2 1.06124 0.96476
1900 pop1 1.05466 0.95878
1900 pop2 1.0605 0.964091
2000 pop1 1.0545 0.958639
2000 pop2 1.05376 0.957962
2100 pop1 1.05624 0.960215
2100 pop2 1.05313 0.957392
2200 pop1 1.05812 0.961925
2200 pop2 1.05112 0.955566
2300 pop1 1.0613 0.964817
2300 pop2 1.04892 0.953563
2400 pop1 1.05097 0.955432
2400 pop2 1.05658 0.960525
2500 pop1 1.05641 0.96037
2500 pop2 1.05176 0.956148
2600 pop1 1.0565 0.960454
2600 pop2 1.05501 0.959097
2700 pop1 1.04833 0.953029
2700 pop2 1.06073 0.964302
2800 pop1 1.04432 0.949386
2800 pop2 1.06463 0.967849
2900 pop1 1.0533 0.957548
2900 pop2 1.05681 0.960738
3000 pop1 1.04825 0.952954
3000 pop2 1.06235 0.965772
3100 pop1 1.05537 0.959426
3100 pop2 1.05666 0.960599
3200 pop1 1.06032 0.963928
3200 pop2 1.0506 0.955091
3300 pop1 1.06427 0.967522
3300 pop2 1.04494 0.949942
3400 pop1 1.05504 0.959131
3400 pop2 1.0551 0.959185
3500 pop1 1.05354 0.957768
3500 pop2 1.05523 0.959296
3600 pop1 1.05602 0.960015
3600 pop2 1.05539 0.959447
3700 pop1 1.05578 0.959804
3700 pop2 1.05779 0.961631
3800 pop1 1.05665 0.960588
3800 pop2 1.05916 0.96287
3900 pop1 1.05444 0.958584
3900 pop2 1.0572 0.961087
4000 pop1 1.055 0.959093
4000 pop2 1.05409 0.958259
4100 pop1 1.05091 0.955373
4100 pop2 1.0612 0.964728
4200 pop1 1.05046 0.954961
4200 pop2 1.064 0.967269
4300 pop1 1.05474 0.958854
4300 pop2 1.05371 0.957918
4400 pop1 1.05817 0.961968
4400 pop2 1.05417 0.958332
4500 pop1 1.05681 0.960732
4500 pop2 1.05356 0.957784
4600 pop1 1.05966 0.963329
4600 pop2 1.05199 0.956357
4700 pop1 1.06023 0.963842
4700 pop2 1.04975 0.95432
4800 pop1 1.06609 0.969169
4800 pop2 1.04572 0.950651
4900 pop1 1.06116 0.964691
4900 pop2 1.05119 0.955629
5000 pop1 1.06375 0.967048
5000 pop2 1.04678 0.951615
