1 pop1 1.0 0.909091
1 pop2 1.0 0.909091
100 pop1 1.01619 0.923813
100 pop2 1.01457 0.922337
200 pop1 1.00975 0.917954
200 pop2 1.01978 0.927073
300 pop1 1.01359 0.921441
300 pop2 1.01461 0.922374
400 pop1 1.00924 0.917494
400 pop2 1.01888 0.926253
500 pop1 1.01759 0.925081
500 pop2 1.01167 0.919696
600 pop1 1.0171 0.924633
600 pop2 1.00776 0.916148
700 pop1 1.01547 0.923151
700 pop2 1.00799 0.916357
800 pop1 1.01657 0.924154
800 pop2 1.0142 0.922004
900 pop1 1.01757 0.925062
900 pop2 1.01103 0.919118
1000 pop1 1.01935 0.926684
1000 pop2 1.01245 0.920409
1100 pop1 1.05755 0.961409
1100 pop2 1.04079 0.946175
1200 pop1 1.05302 0.957289
1200 pop2 1.05087 0.955337
1300 pop1 1.05303 0.957301
1300 pop2 1.05693 0.960846
1400 pop1 1.05195 0.95632
1400 pop2 1.05801 0.961827
1500 pop1 1.05384 0.958035
1500 pop2 1.05753 0.96139
1600 pop1 1.0626 0.965997
1600 pop2 1.05242 0.956748
1700 pop1 1.05587 0.959878
1700 pop2 1.05467 0.958793
1800 pop1 1.05003 0.954577
1800 pop2 1.05946 0.963146
1900 pop1 1.05565 0.959679
1900 pop2 1.05404 0.958216
2000 pop1 1.05983 0.963478
2000 pop2 1.05163 0.956026
2100 pop1 1.05659 0.960533
2100 pop2 1.05253 0.956841
2200 pop1 1.05761 0.961464
2200 pop2 1.0535 0.957731
2300 pop1 1.06048 0.964075
2300 pop2 1.05573 0.959752
2400 pop1 1.05092 0.955383
2400 pop2 1.06263 0.966028
2500 pop1 1.05746 0.961331
2500 pop2 1.0524 0.956724
2600 pop1 1.06499 0.968175
2600 pop2 1.04893 0.953576
2700 pop1 1.05717 0.961068
2700 pop2 1.05259 0.956898
2800 pop1 1.05858 0.962346
2800 pop2 1.0543 0.958458
2900 pop1 1.05817 0.961974
2900 pop2 1.05281 0.957099
3000 pop1 1.06081 0.964368
3000 pop2 1.05146 0.955871
3100 pop1 1.05948 0.963162
3100 pop2 1.05354 0.957764
3200 pop1 1.05681 0.960739
3200 pop2 1.05475 0.95886
3300 pop1 1.04982 0.954384
3300 pop2 1.0572 0.961094
3400 pop1 1.04931 0.953919
3400 pop2 1.06201 0.965466
3500 pop1 1.05355 0.957769
3500 pop2 1.05766 0.961511
3600 pop1 1.05449 0.958625
3600 pop2 1.05541 0.959466
3700 pop1 1.05905 0.962776
3700 pop2 1.05211 0.956465
3800 pop1 1.06494 0.96813
3800 pop2 1.04314 0.948313
3900 pop1 1.06532 0.968477
3900 pop2 1.04552 0.950475
4000 pop1 1.05978 0.963438
4000 pop2 1.05225 0.956592
4100 pop1 1.05763 0.961486
4100 pop2 1.05163 0.956025
4200 pop1 1.05907 0.962792
4200 pop2 1.05257 0.956886
4300 pop1 1.05734 0.961215
4300 pop2 1.0543 0.95845
4400 pop1 1.05037 0.95488
4400 pop2 1.06035 0.963956
4500 pop1 1.04956 0.954146
4500 pop2 1.0578 0.961635
4600 pop1 1.06185 0.965322
4600 pop2 1.0489 0.953542
4700 pop1 1.05684 0.960763
4700 pop2 1.05577 0.959793
4800 pop1 1.05773 0.96157
4800 pop2 1.05267 0.956972
4900 pop1 1.05784 0.961669
4900 pop2 1.05572 0.959746
5000 pop1 1.05702 0.960931
5000 pop2 1.05411 0.958283
