1 pop1 1.0 0.980392
1 pop2 1.0 0.980392
100 pop1 1.00944 0.989646
100 pop2 1.00657 0.986834
200 pop1 1.00733 0.987575
200 pop2 1.00536 0.985645
300 pop1 1.00467 0.984972
300 pop2 1.0057 0.985985
400 pop1 1.00475 0.985051
400 pop2 1.00511 0.985401
500 pop1 1.00605 0.986324
500 pop2 1.00477 0.985066
600 pop1 1.00539 0.985673
600 pop2 1.00312 0.983448
700 pop1 1.0075 0.987745
700 pop2 1.00272 0.983055
800 pop1 1.00673 0.986988
800 pop2 1.00304 0.98337
900 pop1 1.00592 0.986193
900 pop2 1.00543 0.985718
1000 pop1 1.0057 0.985978
1000 pop2 1.0051 0.985388
1100 pop1 1.00817 0.988398
1100 pop2 1.00629 0.986555
1200 pop1 1.01117 0.991338
1200 pop2 1.00913 0.989339
1300 pop1 1.01108 0.991255
1300 pop2 1.0108 0.990985
1400 pop1 1.01307 0.993201
1400 pop2 1.01137 0.991536
1500 pop1 1.01268 0.992821
1500 pop2 1.01211 0.992267
1600 pop1 1.01128 0.991452
1600 pop2 1.01296 0.993097
1700 pop1 1.01225 0.9924
1700 pop2 1.01179 0.991948
1800 pop1 1.01186 0.992022
1800 pop2 1.01144 0.991604
1900 pop1 1.01128 0.99145
1900 pop2 1.01288 0.993021
2000 pop1 1.01141 0.991576
2000 pop2 1.01181 0.991973
2100 pop1 1.01248 0.99263
2100 pop2 1.01212 0.992271
2200 pop1 1.01113 0.991308
2200 pop2 1.01271 0.992855
2300 pop1 1.01258 0.992723
2300 pop2 1.01168 0.991844
2400 pop1 1.01364 0.993762
2400 pop2 1.01196 0.992114
2500 pop1 1.01226 0.99241
2500 pop2 1.01246 0.99261
2600 pop1 1.01174 0.991899
2600 pop2 1.01234 0.992492
2700 pop1 1.0133 0.993435
2700 pop2 1.01095 0.991128
2800 pop1 1.01284 0.992979
2800 pop2 1.01023 0.990425
2900 pop1 1.01305 0.993189
2900 pop2 1.01261 0.992754
3000 pop1 1.01076 0.990943
3000 pop2 1.01301 0.993145
3100 pop1 1.01001 0.990206
3100 pop2 1.01406 0.994176
3200 pop1 1.01089 0.991073
3200 pop2 1.01452 0.994623
3300 pop1 1.01084 0.991016
3300 pop2 1.0141 0.994217
3400 pop1 1.00968 0.989884
3400 pop2 1.01427 0.994387
3500 pop1 1.01051 0.990691
3500 pop2 1.01244 0.992592
3600 pop1 1.0115 0.991662
3600 pop2 1.01276 0.992904
3700 pop1 1.01129 0.991464
3700 pop2 1.01292 0.993061
3800 pop1 1.01122 0.991393
3800 pop2 1.01308 0.993218
3900 pop1 1.0132 0.993336
3900 pop2 1.01219 0.992347
4000 pop1 1.01395 0.994068
4000 pop2 1.01051 0.990695
4100 pop1 1.01227 0.992419
4100 pop2 1.01121 0.991385
4200 pop1 1.01326 0.993393
4200 pop2 1.01192 0.992074
4300 pop1 1.01186 0.992022
4300 pop2 1.01152 0.991691
4400 pop1 1.01286 0.993001
4400 pop2 1.01273 0.99287
4500 pop1 1.01309 0.993227
4500 pop2 1.0114 0.991573
4600 pop1 1.01026 0.990453
4600 pop2 1.01257 0.992713
4700 pop1 1.00878 0.989004
4700 pop2 1.0151 0.995198
4800 pop1 1.00669 0.986949
4800 pop2 1.01525 0.995344
4900 pop1 1.0082 0.98843
4900 pop2 1.01618 0.996256
5000 pop1 1.00814 0.98837
5000 pop2 1.01506 0.995158
