1 pop1 1.0 0.909091
1 pop2 1.0 0.909091
100 pop1 1.08604 0.987311
100 pop2 1.08336 0.984873
200 pop1 1.08682 0.988021
200 pop2 1.08598 0.987258
300 pop1 1.08373 0.985205
300 pop2 1.08464 0.986034
400 pop1 1.08384 0.985309
400 pop2 1.08517 0.986519
500 pop1 1.08376 0.985238
500 pop2 1.08691 0.988103
600 pop1 1.08592 0.987196
600 pop2 1.08506 0.986419
700 pop1 1.08325 0.984771
700 pop2 1.08603 0.987299
800 pop1 1.08254 0.984123
800 pop2 1.08465 0.986042
900 pop1 1.08406 0.98551
900 pop2 1.08553 0.986841
1000 pop1 1.08477 0.986158
1000 pop2 1.08437 0.985793
1100 pop1 1.09237 0.993067
1100 pop2 0.997511 0.906829
1200 pop1 1.09964 0.99967
1200 pop2 0.999249 0.908409
1300 pop1 1.10077 1.0007
1300 pop2 0.999862 0.908965
1400 pop1 1.10134 1.00122
1400 pop2 0.999921 0.909019
1500 pop1 1.10184 1.00167
1500 pop2 1.0 0.909091
1600 pop1 1.10105 1.00095
1600 pop2 1.0 0.909091
1700 pop1 1.1025 1.00227
1700 pop2 1.0 0.909091
1800 pop1 1.1025 1.00227
1800 pop2 1.0 0.909091
1900 pop1 1.1025 1.00227
1900 pop2 1.0 0.909091
2000 pop1 1.1025 1.00227
2000 pop2 1.0 0.909091
2100 pop1 1.1025 1.00227
2100 pop2 1.0 0.909091
2200 pop1 1.1025 1.00227
2200 pop2 1.0 0.909091
2300 pop1 1.1025 1.00227
2300 pop2 1.0 0.909091
2400 pop1 1.1025 1.00227
2400 pop2 1.0 0.909091
2500 pop1 1.1025 1.00227
2500 pop2 1.0 0.909091
2600 pop1 1.1025 1.00227
2600 pop2 1.0 0.909091
2700 pop1 1.1025 1.00227
2700 pop2 1.0 0.909091
2800 pop1 1.1025 1.00227
2800 pop2 1.0 0.909091
2900 pop1 1.1025 1.00227
2900 pop2 1.0 0.909091
3000 pop1 1.1025 1.00227
3000 pop2 1.0 0.909091
3100 pop1 1.1025 1.00227
3100 pop2 1.0 0.909091
3200 pop1 1.1025 1.00227
3200 pop2 1.0 0.909091
3300 pop1 1.1025 1.00227
3300 pop2 1.0 0.909091
3400 pop1 1.1025 1.00227
3400 pop2 1.0 0.909091
3500 pop1 1.1025 1.00227
3500 pop2 1.0 0.909091
3600 pop1 1.1025 1.00227
3600 pop2 1.0 0.909091
3700 pop1 1.1025 1.00227
3700 pop2 1.0 0.909091
3800 pop1 1.1025 1.00227
3800 pop2 1.0 0.909091
3900 pop1 1.1025 1.00227
3900 pop2 1.0 0.909091
4000 pop1 1.1025 1.00227
4000 pop2 1.0 0.909091
4100 pop1 1.1025 1.00227
4100 pop2 1.0 0.909091
4200 pop1 1.1025 1.00227
4200 pop2 1.0 0.909091
4300 pop1 1.1025 1.00227
4300 pop2 1.0 0.909091
4400 pop1 1.1025 1.00227
4400 pop2 1.0 0.909091
4500 pop1 1.1025 1.00227
4500 pop2 1.0 0.909091
4600 pop1 1.1025 1.00227
4600 pop2 1.0 0.909091
4700 pop1 1.1025 1.00227
4700 pop2 1.0 0.909091
4800 pop1 1.1025 1.00227
4800 pop2 1.0 0.909091
4900 pop1 1.1025 1.00227
4900 pop2 1.0 0.909091
5000 pop1 1.1025 1.00227
5000 pop2 1.0 0.909091
