1 pop1 1.0 0.909091
1 pop2 1.0 0.909091
100 pop1 1.03349 0.939535
100 pop2 1.03014 0.936493
200 pop1 1.03805 0.94368
200 pop2 1.03746 0.943148
300 pop1 1.0375 0.943184
300 pop2 1.03318 0.939259
400 pop1 1.03886 0.944416
400 pop2 1.03427 0.940243
500 pop1 1.03123 0.937482
500 pop2 1.04081 0.946187
600 pop1 1.02491 0.931739
600 pop2 1.03517 0.941065
700 pop1 1.03686 0.942603
700 pop2 1.03442 0.940386
800 pop1 1.03169 0.937898
800 pop2 1.04764 0.952399
900 pop1 1.03554 0.9414
900 pop2 1.03611 0.941921
1000 pop1 1.03824 0.943858
1000 pop2 1.03256 0.938693
1100 pop1 1.06639 0.969441
1100 pop2 1.0481 0.952817
1200 pop1 1.05707 0.96097
1200 pop2 1.06564 0.968763
1300 pop1 1.05001 0.95455
1300 pop2 1.06886 0.971687
1400 pop1 1.04865 0.953314
1400 pop2 1.06882 0.971658
1500 pop1 1.05882 0.962562
1500 pop2 1.0631 0.966456
1600 pop1 1.05733 0.961209
1600 pop2 1.06249 0.9659
1700 pop1 1.05377 0.957974
1700 pop2 1.06843 0.971301
1800 pop1 1.05314 0.957397
1800 pop2 1.06978 0.972526
1900 pop1 1.05078 0.955251
1900 pop2 1.07095 0.97359
2000 pop1 1.05496 0.959059
2000 pop2 1.07036 0.973056
2100 pop1 1.05334 0.95758
2100 pop2 1.06909 0.971902
2200 pop1 1.05485 0.958955
2200 pop2 1.06592 0.969021
2300 pop1 1.05296 0.957236
2300 pop2 1.06988 0.972617
2400 pop1 1.05411 0.958281
2400 pop2 1.06655 0.969589
2500 pop1 1.05617 0.960156
2500 pop2 1.06502 0.968199
2600 pop1 1.05825 0.96205
2600 pop2 1.06321 0.966552
2700 pop1 1.05654 0.960493
2700 pop2 1.06246 0.965877
2800 pop1 1.05788 0.961713
2800 pop2 1.06533 0.968482
2900 pop1 1.05343 0.957659
2900 pop2 1.06424 0.967486
3000 pop1 1.05592 0.95993
3000 pop2 1.06561 0.968735
3100 pop1 1.05628 0.960259
3100 pop2 1.06243 0.965848
3200 pop1 1.0583 0.96209
3200 pop2 1.06233 0.965753
3300 pop1 1.05772 0.961567
3300 pop2 1.05964 0.963307
3400 pop1 1.05385 0.958045
3400 pop2 1.06784 0.970763
3500 pop1 1.05261 0.956921
3500 pop2 1.06924 0.972034
3600 pop1 1.05126 0.955695
3600 pop2 1.06673 0.969757
3700 pop1 1.05402 0.958202
3700 pop2 1.06498 0.96816
3800 pop1 1.05375 0.957957
3800 pop2 1.06508 0.968251
3900 pop1 1.05224 0.95658
3900 pop2 1.07093 0.973569
4000 pop1 1.05444 0.958584
4000 pop2 1.06494 0.968131
4100 pop1 1.05888 0.962618
4100 pop2 1.06476 0.967967
4200 pop1 1.0498 0.954368
4200 pop2 1.06814 0.971039
4300 pop1 1.05043 0.954941
4300 pop2 1.069 0.97182
4400 pop1 1.05576 0.959781
4400 pop2 1.06521 0.96837
4500 pop1 1.05757 0.961425
4500 pop2 1.06672 0.96975
4600 pop1 1.0566 0.960546
4600 pop2 1.06392 0.967203
4700 pop1 1.06057 0.964156
4700 pop2 1.06178 0.965257
4800 pop1 1.06081 0.964377
4800 pop2 1.06016 0.963782
4900 pop1 1.05921 0.962914
4900 pop2 1.06268 0.966073
5000 pop1 1.06136 0.964875
5000 pop2 1.06575 0.968863
