1 pop1 1.0 0.980392
1 pop2 1.0 0.980392
100 pop1 1.00109 0.981459
100 pop2 1.00124 0.981612
200 pop1 1.00128 0.981646
200 pop2 0.999935 0.980328
300 pop1 1.0025 0.982841
300 pop2 1.00023 0.980621
400 pop1 1.00139 0.981752
400 pop2 1.00071 0.98109
500 pop1 1.0003 0.98069
500 pop2 1.00139 0.981756
600 pop1 1.00011 0.980505
600 pop2 1.00184 0.982199
700 pop1 0.999432 0.979835
700 pop2 1.00274 0.98308
800 pop1 1.00228 0.982625
800 pop2 0.999719 0.980117
900 pop1 1.00114 0.981507
900 pop2 1.00122 0.981584
1000 pop1 0.998115 0.978544
1000 pop2 1.00364 0.983964
1100 pop1 1.00297 0.983306
1100 pop2 1.00201 0.982365
1200 pop1 1.00575 0.986026
1200 pop2 1.00619 0.986462
1300 pop1 1.0074 0.987643
1300 pop2 1.00788 0.988115
1400 pop1 1.0084 0.98863
1400 pop2 1.00849 0.988714
1500 pop1 1.00935 0.989555
1500 pop2 1.00875 0.988971
1600 pop1 1.00893 0.989148
1600 pop2 1.00959 0.989797
1700 pop1 1.01052 0.99071
1700 pop2 1.00838 0.988605
1800 pop1 1.01145 0.99162
1800 pop2 1.00802 0.988255
1900 pop1 1.00941 0.989618
1900 pop2 1.00957 0.989775
2000 pop1 1.00964 0.989845
2000 pop2 1.00958 0.989783
2100 pop1 1.00904 0.989259
2100 pop2 1.01082 0.990997
2200 pop1 1.00888 0.989095
2200 pop2 1.01118 0.991354
2300 pop1 1.00817 0.988405
2300 pop2 1.01279 0.992935
2400 pop1 1.006 0.986277
2400 pop2 1.0147 0.994808
2500 pop1 1.0041 0.98441
2500 pop2 1.01611 0.996188
2600 pop1 1.00308 0.983415
2600 pop2 1.01653 0.9966
2700 pop1 1.0038 0.984121
2700 pop2 1.01719 0.997242
2800 pop1 1.00164 0.982002
2800 pop2 1.01858 0.99861
2900 pop1 1.00187 0.982226
2900 pop2 1.018 0.998044
3000 pop1 1.00322 0.983545
3000 pop2 1.01702 0.99708
3100 pop1 1.00297 0.9833
3100 pop2 1.01742 0.997472
3200 pop1 1.00404 0.984354
3200 pop2 1.01654 0.996605
3300 pop1 1.00524 0.985532
3300 pop2 1.01524 0.995337
3400 pop1 1.00453 0.984837
3400 pop2 1.01575 0.99583
3500 pop1 1.00348 0.983802
3500 pop2 1.01627 0.996346
3600 pop1 1.00344 0.983767
3600 pop2 1.01703 0.997088
3700 pop1 1.00415 0.984462
3700 pop2 1.017 0.997062
3800 pop1 1.00453 0.984829
3800 pop2 1.016 0.996075
3900 pop1 1.00405 0.984358
3900 pop2 1.01635 0.996418
4000 pop1 1.00331 0.983634
4000 pop2 1.01686 0.996925
4100 pop1 1.0046 0.984902
4100 pop2 1.01561 0.995698
4200 pop1 1.00319 0.983519
4200 pop2 1.01689 0.99695
4300 pop1 1.00295 0.983281
4300 pop2 1.01703 0.997085
4400 pop1 1.00161 0.98197
4400 pop2 1.01858 0.998609
4500 pop1 1.00239 0.982732
4500 pop2 1.0176 0.997649
4600 pop1 1.00306 0.983396
4600 pop2 1.01731 0.99736
4700 pop1 1.00222 0.982565
4700 pop2 1.01775 0.997791
4800 pop1 1.0039 0.98422
4800 pop2 1.01662 0.996683
4900 pop1 1.00429 0.984599
4900 pop2 1.01634 0.99641
5000 pop1 1.00491 0.985204
5000 pop2 1.01603 0.996103
