1 pop1 1.0 0.833333
1 pop2 1.0 0.833333
100 pop1 1.19187 0.993223
100 pop2 1.19088 0.992403
200 pop1 1.19102 0.992519
200 pop2 1.19161 0.993009
300 pop1 1.19192 0.993267
300 pop2 1.19214 0.993453
400 pop1 1.19174 0.993121
400 pop2 1.18817 0.99014
500 pop1 1.19154 0.992947
500 pop2 1.19103 0.992527
600 pop1 1.19877 0.998977
600 pop2 1.19303 0.994195
700 pop1 1.18894 0.990783
700 pop2 1.19151 0.992922
800 pop1 1.19608 0.996731
800 pop2 1.19166 0.993047
900 pop1 1.19635 0.996955
900 pop2 1.19305 0.994209
1000 pop1 1.19543 0.996193
1000 pop2 1.19279 0.993995
1100 pop1 1.19974 0.999785
1100 pop2 0.989486 0.824572
1200 pop1 1.20015 1.00012
1200 pop2 0.987534 0.822945
1300 pop1 1.2006 1.0005
1300 pop2 0.992596 0.827163
1400 pop1 1.19949 0.999578
1400 pop2 0.987612 0.82301
1500 pop1 1.20343 1.00285
1500 pop2 0.986287 0.821906
1600 pop1 1.19903 0.999192
1600 pop2 0.99016 0.825134
1700 pop1 1.20625 1.00521
1700 pop2 0.993497 0.827914
1800 pop1 1.20632 1.00526
1800 pop2 0.996923 0.830769
1900 pop1 1.20612 1.0051
1900 pop2 0.997508 0.831256
2000 pop1 1.20824 1.00687
2000 pop2 0.9961 0.830083
2100 pop1 1.20959 1.00799
2100 pop2 0.999298 0.832748
2200 pop1 1.20984 1.0082
2200 pop2 0.999571 0.832976
2300 pop1 1.21014 1.00845
2300 pop2 0.999688 0.833073
2400 pop1 1.21004 1.00837
2400 pop2 1.0 0.833333
2500 pop1 1.21007 1.00839
2500 pop2 0.999961 0.833301
2600 pop1 1.21 1.00833
2600 pop2 1.0 0.833333
2700 pop1 1.21 1.00833
2700 pop2 1.0 0.833333
2800 pop1 1.21 1.00833
2800 pop2 1.0 0.833333
2900 pop1 1.21 1.00833
2900 pop2 1.0 0.833333
3000 pop1 1.21 1.00833
3000 pop2 1.0 0.833333
3100 pop1 1.21 1.00833
3100 pop2 1.0 0.833333
3200 pop1 1.21 1.00833
3200 pop2 1.0 0.833333
3300 pop1 1.21 1.00833
3300 pop2 1.0 0.833333
3400 pop1 1.21 1.00833
3400 pop2 1.0 0.833333
3500 pop1 1.21 1.00833
3500 pop2 1.0 0.833333
3600 pop1 1.21 1.00833
3600 pop2 1.0 0.833333
3700 pop1 1.21 1.00833
3700 pop2 1.0 0.833333
3800 pop1 1.21 1.00833
3800 pop2 1.0 0.833333
3900 pop1 1.21 1.00833
3900 pop2 1.0 0.833333
4000 pop1 1.21 1.00833
4000 pop2 1.0 0.833333
4100 pop1 1.21 1.00833
4100 pop2 1.0 0.833333
4200 pop1 1.21 1.00833
4200 pop2 1.0 0.833333
4300 pop1 1.21 1.00833
4300 pop2 1.0 0.833333
4400 pop1 1.21 1.00833
4400 pop2 1.0 0.833333
4500 pop1 1.21 1.00833
4500 pop2 1.0 0.833333
4600 pop1 1.21 1.00833
4600 pop2 1.0 0.833333
4700 pop1 1.21 1.00833
4700 pop2 1.0 0.833333
4800 pop1 1.21 1.00833
4800 pop2 1.0 0.833333
4900 pop1 1.21 1.00833
4900 pop2 1.0 0.833333
5000 pop1 1.21 1.00833
5000 pop2 1.0 0.833333
