1 pop1 1.0 0.833333
1 pop2 1.0 0.833333
100 pop1 1.12304 0.935871
100 pop2 1.11346 0.927885
200 pop1 1.12762 0.939681
200 pop2 1.12465 0.937209
300 pop1 1.12046 0.93372
300 pop2 1.1173 0.931082
400 pop1 1.12309 0.93591
400 pop2 1.12704 0.939199
500 pop1 1.12928 0.941065
500 pop2 1.11921 0.932679
600 pop1 1.11671 0.930591
600 pop2 1.12016 0.93347
700 pop1 1.12378 0.936481
700 pop2 1.12778 0.939818
800 pop1 1.12362 0.936353
800 pop2 1.12222 0.935184
900 pop1 1.12532 0.937771
900 pop2 1.13023 0.941857
1000 pop1 1.12546 0.937884
1000 pop2 1.12545 0.937875
1100 pop1 1.13753 0.947942
1100 pop2 1.15417 0.961809
1200 pop1 1.13649 0.947072
1200 pop2 1.14679 0.955655
1300 pop1 1.13896 0.949136
1300 pop2 1.1544 0.962003
1400 pop1 1.14632 0.955269
1400 pop2 1.13921 0.949341
1500 pop1 1.1367 0.947252
1500 pop2 1.14358 0.952981
1600 pop1 1.14907 0.957557
1600 pop2 1.13835 0.948625
1700 pop1 1.14016 0.950132
1700 pop2 1.13957 0.949642
1800 pop1 1.13795 0.948293
1800 pop2 1.14229 0.951912
1900 pop1 1.13544 0.946202
1900 pop2 1.14662 0.95552
2000 pop1 1.13386 0.94488
2000 pop2 1.1577 0.964751
2100 pop1 1.13757 0.947978
2100 pop2 1.1452 0.95433
2200 pop1 1.14221 0.951845
2200 pop2 1.14059 0.950496
2300 pop1 1.14014 0.950115
2300 pop2 1.14335 0.95279
2400 pop1 1.14634 0.95528
2400 pop2 1.13734 0.947783
2500 pop1 1.14563 0.954693
2500 pop2 1.1469 0.955751
2600 pop1 1.14314 0.952613
2600 pop2 1.14912 0.957599
2700 pop1 1.135 0.945832
2700 pop2 1.14827 0.956888
2800 pop1 1.14159 0.951325
2800 pop2 1.13973 0.949776
2900 pop1 1.14563 0.954695
2900 pop2 1.13639 0.946988
3000 pop1 1.13938 0.94948
3000 pop2 1.14237 0.951972
3100 pop1 1.14298 0.952483
3100 pop2 1.14786 0.956547
3200 pop1 1.14425 0.953539
3200 pop2 1.14298 0.952485
3300 pop1 1.14404 0.953368
3300 pop2 1.14027 0.950225
3400 pop1 1.13829 0.948578
3400 pop2 1.1443 0.953581
3500 pop1 1.14102 0.950846
3500 pop2 1.14247 0.952062
3600 pop1 1.13856 0.948797
3600 pop2 1.1452 0.954331
3700 pop1 1.14434 0.953619
3700 pop2 1.1394 0.949496
3800 pop1 1.1417 0.951416
3800 pop2 1.142 0.951665
3900 pop1 1.14271 0.952255
3900 pop2 1.14373 0.953105
4000 pop1 1.144 0.95333
4000 pop2 1.14748 0.956231
4100 pop1 1.13927 0.949392
4100 pop2 1.14655 0.955456
4200 pop1 1.14365 0.953039
4200 pop2 1.13557 0.946304
4300 pop1 1.14482 0.954014
4300 pop2 1.13786 0.948214
4400 pop1 1.14716 0.955969
4400 pop2 1.14474 0.953953
4500 pop1 1.13836 0.948636
4500 pop2 1.14241 0.952011
4600 pop1 1.14578 0.954819
4600 pop2 1.14328 0.952735
4700 pop1 1.13854 0.948785
4700 pop2 1.14808 0.956735
4800 pop1 1.14121 0.951012
4800 pop2 1.14087 0.950725
4900 pop1 1.14063 0.950524
4900 pop2 1.13988 0.9499
5000 pop1 1.14133 0.951111
5000 pop2 1.14092 0.950768
