1 pop1 1.0 0.980392
1 pop2 1.0 0.980392
100 pop1 1.0059 0.986177
100 pop2 1.00665 0.986907
200 pop1 1.0067 0.986958
200 pop2 1.00579 0.986067
300 pop1 1.00633 0.986596
300 pop2 1.00233 0.982677
400 pop1 1.00817 0.9884
400 pop2 1.0007 0.98108
500 pop1 1.00757 0.987817
500 pop2 1.00276 0.983098
600 pop1 1.00912 0.989338
600 pop2 1.00264 0.982983
700 pop1 1.00813 0.988362
700 pop2 1.00274 0.98308
800 pop1 1.00641 0.986674
800 pop2 1.00353 0.983855
900 pop1 1.00616 0.986427
900 pop2 1.00686 0.987122
1000 pop1 1.00856 0.988784
1000 pop2 1.00348 0.983799
1100 pop1 1.00906 0.989277
1100 pop2 0.999888 0.980282
1200 pop1 1.01184 0.992003
1200 pop2 1.00395 0.984263
1300 pop1 1.01329 0.993423
1300 pop2 1.00725 0.987504
1400 pop1 1.01151 0.991675
1400 pop2 1.00948 0.989683
1500 pop1 1.01161 0.991772
1500 pop2 1.01237 0.992516
1600 pop1 1.01099 0.991162
1600 pop2 1.01218 0.992334
1700 pop1 1.01104 0.991213
1700 pop2 1.01436 0.994469
1800 pop1 1.0121 0.992255
1800 pop2 1.01193 0.992091
1900 pop1 1.01187 0.992028
1900 pop2 1.01085 0.991026
2000 pop1 1.01111 0.991283
2000 pop2 1.01109 0.991268
2100 pop1 1.01075 0.990931
2100 pop2 1.0123 0.992455
2200 pop1 1.0105 0.990684
2200 pop2 1.01182 0.991985
2300 pop1 1.0113 0.991467
2300 pop2 1.01365 0.993778
2400 pop1 1.01018 0.990369
2400 pop2 1.01269 0.992837
2500 pop1 1.01023 0.990423
2500 pop2 1.01321 0.993343
2600 pop1 1.01158 0.991746
2600 pop2 1.01064 0.990819
2700 pop1 1.0131 0.993237
2700 pop2 1.01031 0.990498
2800 pop1 1.01104 0.991214
2800 pop2 1.00894 0.989155
2900 pop1 1.01167 0.991832
2900 pop2 1.01087 0.991046
3000 pop1 1.01132 0.991486
3000 pop2 1.01271 0.992848
3100 pop1 1.01 0.990196
3100 pop2 1.01238 0.992527
3200 pop1 1.01081 0.990988
3200 pop2 1.01315 0.993283
3300 pop1 1.01171 0.991874
3300 pop2 1.01228 0.992429
3400 pop1 1.01117 0.991344
3400 pop2 1.01209 0.992247
3500 pop1 1.01014 0.990331
3500 pop2 1.0109 0.991082
3600 pop1 1.01024 0.990429
3600 pop2 1.01429 0.994401
3700 pop1 1.00945 0.989661
3700 pop2 1.01437 0.994476
3800 pop1 1.00973 0.989931
3800 pop2 1.01427 0.994384
3900 pop1 1.01006 0.990251
3900 pop2 1.01311 0.993246
4000 pop1 1.01028 0.990473
4000 pop2 1.01298 0.993117
4100 pop1 1.01009 0.990283
4100 pop2 1.01252 0.992662
4200 pop1 1.00979 0.989986
4200 pop2 1.01406 0.994176
4300 pop1 1.01003 0.990228
4300 pop2 1.01362 0.993744
4400 pop1 1.01093 0.991108
4400 pop2 1.01157 0.991731
4500 pop1 1.01141 0.991574
4500 pop2 1.01084 0.991024
4600 pop1 1.01092 0.991103
4600 pop2 1.01223 0.992386
4700 pop1 1.0104 0.990587
4700 pop2 1.01268 0.992819
4800 pop1 1.01089 0.991067
4800 pop2 1.01378 0.9939
4900 pop1 1.01175 0.991917
4900 pop2 1.0131 0.993232
5000 pop1 1.01085 0.991027
5000 pop2 1.01309 0.993222
