1 pop1 1.0 0.909091
1 pop2 1.0 0.909091
100 pop1 1.0153 0.923001
100 pop2 1.01435 0.922136
200 pop1 1.00798 0.916345
200 pop2 1.02513 0.931936
300 pop1 1.0167 0.924272
300 pop2 1.014 0.921818
400 pop1 1.00766 0.916054
400 pop2 1.02005 0.927314
500 pop1 1.01492 0.922652
500 pop2 1.01943 0.926751
600 pop1 1.02556 0.932327
600 pop2 1.00994 0.918128
700 pop1 1.01381 0.921644
700 pop2 1.01391 0.921735
800 pop1 1.01142 0.919469
800 pop2 1.01731 0.924826
900 pop1 1.00416 0.912872
900 pop2 1.02406 0.930968
1000 pop1 1.00775 0.916137
1000 pop2 1.02429 0.931174
1100 pop1 1.06423 0.967482
1100 pop2 1.03245 0.938591
1200 pop1 1.05697 0.960883
1200 pop2 1.04333 0.948478
1300 pop1 1.05015 0.954681
1300 pop2 1.05342 0.957657
1400 pop1 1.04309 0.948261
1400 pop2 1.06327 0.966611
1500 pop1 1.0489 0.953549
1500 pop2 1.05637 0.960333
1600 pop1 1.05331 0.957555
1600 pop2 1.04917 0.953794
1700 pop1 1.05479 0.958897
1700 pop2 1.05442 0.958564
1800 pop1 1.04971 0.954286
1800 pop2 1.06079 0.964351
1900 pop1 1.04186 0.94715
1900 pop2 1.06787 0.970794
2000 pop1 1.05255 0.956864
2000 pop2 1.05719 0.961085
2100 pop1 1.05181 0.956193
2100 pop2 1.05862 0.96238
2200 pop1 1.05326 0.957507
2200 pop2 1.05639 0.96035
2300 pop1 1.05194 0.956312
2300 pop2 1.05798 0.961802
2400 pop1 1.05862 0.96238
2400 pop2 1.05081 0.955279
2500 pop1 1.05984 0.963488
2500 pop2 1.05328 0.957532
2600 pop1 1.05387 0.958061
2600 pop2 1.05872 0.962475
2700 pop1 1.05854 0.962311
2700 pop2 1.05314 0.957401
2800 pop1 1.05294 0.957215
2800 pop2 1.058 0.961815
2900 pop1 1.0564 0.960366
2900 pop2 1.05356 0.957783
3000 pop1 1.05946 0.963145
3000 pop2 1.05058 0.955073
3100 pop1 1.06594 0.969037
3100 pop2 1.0451 0.950087
3200 pop1 1.06697 0.969976
3200 pop2 1.03898 0.94453
3300 pop1 1.0564 0.960366
3300 pop2 1.05451 0.958643
3400 pop1 1.05446 0.958597
3400 pop2 1.05445 0.958592
3500 pop1 1.0545 0.958638
3500 pop2 1.05712 0.961019
3600 pop1 1.05661 0.960551
3600 pop2 1.05611 0.960098
3700 pop1 1.05732 0.961198
3700 pop2 1.05429 0.958445
3800 pop1 1.05635 0.960316
3800 pop2 1.05441 0.958552
3900 pop1 1.05478 0.958891
3900 pop2 1.05503 0.959116
4000 pop1 1.05869 0.962444
4000 pop2 1.0533 0.957546
4100 pop1 1.06655 0.969592
4100 pop2 1.04516 0.950142
4200 pop1 1.05632 0.960287
4200 pop2 1.05561 0.959642
4300 pop1 1.05661 0.960555
4300 pop2 1.05263 0.956939
4400 pop1 1.05977 0.963425
4400 pop2 1.05224 0.95658
4500 pop1 1.05837 0.962151
4500 pop2 1.05244 0.95676
4600 pop1 1.05343 0.957666
4600 pop2 1.05665 0.960594
4700 pop1 1.06087 0.964425
4700 pop2 1.05132 0.955741
4800 pop1 1.0638 0.967089
4800 pop2 1.04759 0.952354
4900 pop1 1.05846 0.96224
4900 pop2 1.051 0.95545
5000 pop1 1.05997 0.963608
5000 pop2 1.0512 0.955633
