1 pop1 1.0 0.980392
1 pop2 1.0 0.980392
100 pop1 1.00679 0.987048
100 pop2 1.00582 0.986095
200 pop1 1.00688 0.987139
200 pop2 1.00484 0.985134
300 pop1 1.00888 0.989095
300 pop2 1.00548 0.985761
400 pop1 1.00819 0.98842
400 pop2 1.00481 0.985104
500 pop1 1.00917 0.989383
500 pop2 1.00417 0.984477
600 pop1 1.0043 0.984608
600 pop2 1.00499 0.985289
700 pop1 1.00711 0.987361
700 pop2 1.00501 0.985309
800 pop1 1.00755 0.987795
800 pop2 1.0045 0.984805
900 pop1 1.00552 0.985805
900 pop2 1.00491 0.985202
1000 pop1 1.0065 0.986764
1000 pop2 1.0045 0.984799
1100 pop1 1.00855 0.988774
1100 pop2 1.00592 0.986199
1200 pop1 1.00972 0.989922
1200 pop2 1.00851 0.988731
1300 pop1 1.00995 0.990149
1300 pop2 1.01237 0.992517
1400 pop1 1.00983 0.990031
1400 pop2 1.01367 0.993794
1500 pop1 1.01115 0.991324
1500 pop2 1.01413 0.994246
1600 pop1 1.01165 0.991815
1600 pop2 1.01183 0.991992
1700 pop1 1.01259 0.992734
1700 pop2 1.01454 0.994645
1800 pop1 1.01353 0.993655
1800 pop2 1.0108 0.990981
1900 pop1 1.01179 0.991953
1900 pop2 1.01171 0.991877
2000 pop1 1.01217 0.992322
2000 pop2 1.01148 0.99165
2100 pop1 1.01082 0.991004
2100 pop2 1.01363 0.993751
2200 pop1 1.01115 0.99132
2200 pop2 1.01188 0.992044
2300 pop1 1.01039 0.990574
2300 pop2 1.01453 0.994637
2400 pop1 1.01014 0.990332
2400 pop2 1.01429 0.994401
2500 pop1 1.01014 0.990332
2500 pop2 1.01419 0.994303
2600 pop1 1.00876 0.98898
2600 pop2 1.01429 0.994398
2700 pop1 1.01074 0.990925
2700 pop2 1.01345 0.993574
2800 pop1 1.00923 0.989439
2800 pop2 1.01295 0.993086
2900 pop1 1.01099 0.991171
2900 pop2 1.01271 0.992853
3000 pop1 1.00982 0.990017
3000 pop2 1.01425 0.994362
3100 pop1 1.01173 0.99189
3100 pop2 1.01206 0.99222
3200 pop1 1.01135 0.991515
3200 pop2 1.01365 0.993773
3300 pop1 1.01081 0.990993
3300 pop2 1.01332 0.99345
3400 pop1 1.00987 0.990066
3400 pop2 1.01386 0.993978
3500 pop1 1.01163 0.991789
3500 pop2 1.01223 0.992386
3600 pop1 1.01275 0.992895
3600 pop2 1.0111 0.991273
3700 pop1 1.01301 0.993147
3700 pop2 1.01203 0.992185
3800 pop1 1.01228 0.992434
3800 pop2 1.01281 0.992948
3900 pop1 1.01121 0.99138
3900 pop2 1.013 0.993141
4000 pop1 1.01304 0.993179
4000 pop2 1.01181 0.991971
4100 pop1 1.01291 0.993049
4100 pop2 1.01132 0.99149
4200 pop1 1.01385 0.993972
4200 pop2 1.01241 0.992563
4300 pop1 1.01305 0.993191
4300 pop2 1.012 0.992153
4400 pop1 1.01221 0.992363
4400 pop2 1.01266 0.992807
4500 pop1 1.00996 0.990156
4500 pop2 1.01282 0.992965
4600 pop1 1.01018 0.990374
4600 pop2 1.0142 0.99431
4700 pop1 1.01128 0.991451
4700 pop2 1.01471 0.994811
4800 pop1 1.0118 0.991963
4800 pop2 1.0134 0.993529
4900 pop1 1.01217 0.992327
4900 pop2 1.01245 0.992594
5000 pop1 1.01178 0.991943
5000 pop2 1.01245 0.992594
