1 pop1 1.0 0.833333
1 pop2 1.0 0.833333
100 pop1 1.06458 0.887152
100 pop2 1.07796 0.898298
200 pop1 1.05974 0.883118
200 pop2 1.07116 0.892634
300 pop1 1.07452 0.895434
300 pop2 1.08068 0.900571
400 pop1 1.07265 0.893875
400 pop2 1.06773 0.889779
500 pop1 1.07389 0.894906
500 pop2 1.07327 0.894396
600 pop1 1.08311 0.902595
600 pop2 1.06348 0.88623
700 pop1 1.07117 0.89264
700 pop2 1.0688 0.890668
800 pop1 1.07702 0.897514
800 pop2 1.05472 0.878934
900 pop1 1.07412 0.895099
900 pop2 1.07824 0.898534
1000 pop1 1.07154 0.892946
1000 pop2 1.06998 0.891649
1100 pop1 1.11046 0.925382
1100 pop2 1.11961 0.933007
1200 pop1 1.10333 0.919446
1200 pop2 1.12527 0.937721
1300 pop1 1.09536 0.912802
1300 pop2 1.13776 0.94813
1400 pop1 1.10423 0.92019
1400 pop2 1.12623 0.938529
1500 pop1 1.09889 0.915744
1500 pop2 1.13394 0.944951
1600 pop1 1.11922 0.932684
1600 pop2 1.11815 0.93179
1700 pop1 1.12905 0.940879
1700 pop2 1.11466 0.928887
1800 pop1 1.12479 0.937323
1800 pop2 1.11936 0.932802
1900 pop1 1.11858 0.932152
1900 pop2 1.12247 0.935393
2000 pop1 1.12445 0.937044
2000 pop2 1.11723 0.931023
2100 pop1 1.12417 0.93681
2100 pop2 1.1139 0.928248
2200 pop1 1.1246 0.937163
2200 pop2 1.11467 0.928888
2300 pop1 1.12236 0.935301
2300 pop2 1.1249 0.937419
2400 pop1 1.12712 0.939267
2400 pop2 1.11461 0.928842
2500 pop1 1.12992 0.941602
2500 pop2 1.11478 0.928984
2600 pop1 1.11852 0.9321
2600 pop2 1.12204 0.935035
2700 pop1 1.12767 0.939725
2700 pop2 1.11439 0.928658
2800 pop1 1.1326 0.94383
2800 pop2 1.10901 0.924171
2900 pop1 1.11513 0.929275
2900 pop2 1.12207 0.935061
3000 pop1 1.12189 0.934907
3000 pop2 1.12166 0.93472
3100 pop1 1.11946 0.932887
3100 pop2 1.12453 0.937109
3200 pop1 1.12701 0.939178
3200 pop2 1.11349 0.927906
3300 pop1 1.12952 0.941265
3300 pop2 1.11567 0.929729
3400 pop1 1.13165 0.943044
3400 pop2 1.11086 0.925719
3500 pop1 1.12417 0.936807
3500 pop2 1.11872 0.932263
3600 pop1 1.12946 0.941218
3600 pop2 1.12428 0.936902
3700 pop1 1.1191 0.932581
3700 pop2 1.12364 0.936363
3800 pop1 1.11962 0.933014
3800 pop2 1.12892 0.940765
3900 pop1 1.12561 0.938009
3900 pop2 1.11788 0.931571
4000 pop1 1.12952 0.941267
4000 pop2 1.11654 0.930448
4100 pop1 1.13339 0.944494
4100 pop2 1.11109 0.925911
4200 pop1 1.12091 0.934088
4200 pop2 1.11871 0.932262
4300 pop1 1.11594 0.929951
4300 pop2 1.12524 0.937701
4400 pop1 1.12029 0.933573
4400 pop2 1.12262 0.935514
4500 pop1 1.1256 0.937998
4500 pop2 1.1237 0.936418
4600 pop1 1.12458 0.93715
4600 pop2 1.11834 0.93195
4700 pop1 1.13053 0.942104
4700 pop2 1.11164 0.926363
4800 pop1 1.12963 0.94136
4800 pop2 1.11469 0.928912
4900 pop1 1.12695 0.939125
4900 pop2 1.12588 0.938235
5000 pop1 1.125 0.937496
5000 pop2 1.12191 0.934922
