1 pop1 1.0 0.980392
1 pop2 1.0 0.980392
100 pop1 1.00859 0.988813
100 pop2 1.0089 0.989118
200 pop1 1.00918 0.989394
200 pop2 1.00484 0.985137
300 pop1 1.01105 0.991229
300 pop2 1.0058 0.986082
400 pop1 1.00943 0.989637
400 pop2 1.0084 0.988631
500 pop1 1.006 0.986275
500 pop2 1.00931 0.989518
600 pop1 1.00613 0.986405
600 pop2 1.01041 0.990598
700 pop1 1.01 0.990198
700 pop2 1.00989 0.990085
800 pop1 1.00568 0.985964
800 pop2 1.01067 0.99085
900 pop1 1.00598 0.986255
900 pop2 1.01035 0.990544
1000 pop1 1.0054 0.985688
1000 pop2 1.01052 0.99071
1100 pop1 1.01227 0.992424
1100 pop2 0.996638 0.977096
1200 pop1 1.0172 0.997257
1200 pop2 0.997636 0.978074
1300 pop1 1.01824 0.998273
1300 pop2 0.997788 0.978224
1400 pop1 1.01838 0.998413
1400 pop2 0.998405 0.978828
1500 pop1 1.01836 0.998388
1500 pop2 0.99856 0.97898
1600 pop1 1.01957 0.999579
1600 pop2 0.998804 0.97922
1700 pop1 1.01997 0.999967
1700 pop2 0.999158 0.979567
1800 pop1 1.01997 0.999974
1800 pop2 0.999413 0.979817
1900 pop1 1.0201 1.0001
1900 pop2 0.999421 0.979825
2000 pop1 1.0201 1.0001
2000 pop2 0.99933 0.979735
2100 pop1 1.0201 1.0001
2100 pop2 0.998747 0.979164
2200 pop1 1.0201 1.0001
2200 pop2 0.999186 0.979594
2300 pop1 1.0201 1.0001
2300 pop2 0.999461 0.979864
2400 pop1 1.0201 1.0001
2400 pop2 0.999872 0.980267
2500 pop1 1.0201 1.0001
2500 pop2 0.999242 0.979649
2600 pop1 1.0201 1.0001
2600 pop2 0.999585 0.979985
2700 pop1 1.0201 1.0001
2700 pop2 0.999976 0.980369
2800 pop1 1.0201 1.0001
2800 pop2 1.0 0.980392
2900 pop1 1.0201 1.0001
2900 pop2 1.0 0.980392
3000 pop1 1.0201 1.0001
3000 pop2 1.0 0.980392
3100 pop1 1.0201 1.0001
3100 pop2 1.0 0.980392
3200 pop1 1.0201 1.0001
3200 pop2 1.0 0.980392
3300 pop1 1.0201 1.0001
3300 pop2 1.0 0.980392
3400 pop1 1.0201 1.0001
3400 pop2 1.0 0.980392
3500 pop1 1.0201 1.0001
3500 pop2 1.0 0.980392
3600 pop1 1.0201 1.0001
3600 pop2 1.0 0.980392
3700 pop1 1.0201 1.0001
3700 pop2 1.0 0.980392
3800 pop1 1.0201 1.0001
3800 pop2 1.0 0.980392
3900 pop1 1.0201 1.0001
3900 pop2 1.0 0.980392
4000 pop1 1.0201 1.0001
4000 pop2 1.0 0.980392
4100 pop1 1.0201 1.0001
4100 pop2 1.0 0.980392
4200 pop1 1.0201 1.0001
4200 pop2 1.0 0.980392
4300 pop1 1.0201 1.0001
4300 pop2 1.0 0.980392
4400 pop1 1.0201 1.0001
4400 pop2 1.0 0.980392
4500 pop1 1.0201 1.0001
4500 pop2 1.0 0.980392
4600 pop1 1.0201 1.0001
4600 pop2 1.0 0.980392
4700 pop1 1.0201 1.0001
4700 pop2 1.0 0.980392
4800 pop1 1.0201 1.0001
4800 pop2 1.0 0.980392
4900 pop1 1.0201 1.0001
4900 pop2 1.0 0.980392
5000 pop1 1.0201 1.0001
5000 pop2 1.0 0.980392
