1 pop1 1.0 0.980392
1 pop2 1.0 0.980392
100 pop1 0.999345 0.97975
100 pop2 1.00247 0.982813
200 pop1 0.997356 0.9778
200 pop2 1.00341 0.983738
300 pop1 0.995055 0.975544
300 pop2 1.00445 0.984754
400 pop1 0.996835 0.977289
400 pop2 1.0033 0.983623
500 pop1 0.998429 0.978852
500 pop2 1.00188 0.982233
600 pop1 1.00078 0.981158
600 pop2 0.999518 0.979919
700 pop1 1.00183 0.982188
700 pop2 0.998593 0.979012
800 pop1 1.00287 0.983205
800 pop2 0.997752 0.978188
900 pop1 1.00369 0.984009
900 pop2 0.996967 0.977419
1000 pop1 1.0017 0.98206
1000 pop2 0.998281 0.978707
1100 pop1 1.00559 0.985871
1100 pop2 1.00477 0.985072
1200 pop1 1.00724 0.987486
1200 pop2 1.00749 0.987731
1300 pop1 1.00914 0.989356
1300 pop2 1.00693 0.987184
1400 pop1 1.00995 0.99015
1400 pop2 1.00832 0.988548
1500 pop1 1.00992 0.990114
1500 pop2 1.00882 0.989037
1600 pop1 1.01028 0.990475
1600 pop2 1.00872 0.988945
1700 pop1 1.01102 0.991198
1700 pop2 1.00853 0.988752
1800 pop1 1.00997 0.990169
1800 pop2 1.00897 0.989183
1900 pop1 1.00892 0.989139
1900 pop2 1.01014 0.990334
2000 pop1 1.00862 0.988842
2000 pop2 1.01123 0.991406
2100 pop1 1.00817 0.988405
2100 pop2 1.01104 0.991212
2200 pop1 1.00636 0.986629
2200 pop2 1.01292 0.993058
2300 pop1 1.00832 0.988544
2300 pop2 1.01131 0.991483
2400 pop1 1.00861 0.988833
2400 pop2 1.01142 0.991589
2500 pop1 1.00794 0.988177
2500 pop2 1.0119 0.992056
2600 pop1 1.00612 0.986397
2600 pop2 1.01343 0.993563
2700 pop1 1.00535 0.985637
2700 pop2 1.01482 0.994918
2800 pop1 1.00586 0.98614
2800 pop2 1.0143 0.994409
2900 pop1 1.0054 0.985687
2900 pop2 1.01459 0.994693
3000 pop1 1.00557 0.985857
3000 pop2 1.01413 0.994246
3100 pop1 1.0077 0.98794
3100 pop2 1.01239 0.992538
3200 pop1 1.00677 0.987027
3200 pop2 1.01357 0.993691
3300 pop1 1.00651 0.986778
3300 pop2 1.01366 0.993785
3400 pop1 1.00564 0.985919
3400 pop2 1.01408 0.994201
3500 pop1 1.00349 0.983811
3500 pop2 1.01605 0.996125
3600 pop1 1.00569 0.985969
3600 pop2 1.01501 0.995108
3700 pop1 1.00513 0.985417
3700 pop2 1.0154 0.995486
3800 pop1 1.00454 0.984839
3800 pop2 1.01586 0.995936
3900 pop1 1.00496 0.98525
3900 pop2 1.01454 0.994648
4000 pop1 1.00537 0.985658
4000 pop2 1.01483 0.994928
4100 pop1 1.00637 0.986638
4100 pop2 1.01416 0.994272
4200 pop1 1.00579 0.986073
4200 pop2 1.0148 0.994904
4300 pop1 1.00402 0.984333
4300 pop2 1.01629 0.996362
4400 pop1 1.00487 0.985167
4400 pop2 1.01578 0.995863
4500 pop1 1.00581 0.986091
4500 pop2 1.01429 0.994402
4600 pop1 1.00623 0.986503
4600 pop2 1.01458 0.99469
4700 pop1 1.00681 0.987068
4700 pop2 1.01373 0.993853
4800 pop1 1.00606 0.986336
4800 pop2 1.01409 0.994207
4900 pop1 1.00523 0.985521
4900 pop2 1.01534 0.995426
5000 pop1 1.00657 0.986829
5000 pop2 1.01449 0.994601
