1 pop1 1.0 0.833333
1 pop2 1.0 0.833333
100 pop1 1.19311 0.994255
100 pop2 1.18719 0.989325
200 pop1 1.18963 0.991354
200 pop2 1.19017 0.991812
300 pop1 1.18782 0.989847
300 pop2 1.19133 0.992776
400 pop1 1.19157 0.992975
400 pop2 1.18994 0.991618
500 pop1 1.18945 0.991205
500 pop2 1.19027 0.99189
600 pop1 1.19132 0.992767
600 pop2 1.18785 0.989876
700 pop1 1.19448 0.995399
700 pop2 1.19109 0.992576
800 pop1 1.18689 0.989071
800 pop2 1.19051 0.992089
900 pop1 1.19148 0.992903
900 pop2 1.19236 0.993637
1000 pop1 1.19196 0.993301
1000 pop2 1.19467 0.995555
1100 pop1 1.1998 0.999834
1100 pop2 0.994156 0.828463
1200 pop1 1.20347 1.00289
1200 pop2 0.992739 0.827283
1300 pop1 1.20268 1.00223
1300 pop2 0.995787 0.829822
1400 pop1 1.20743 1.00619
1400 pop2 0.997012 0.830843
1500 pop1 1.20893 1.00744
1500 pop2 0.999103 0.832586
1600 pop1 1.20915 1.00762
1600 pop2 0.999064 0.832553
1700 pop1 1.21002 1.00835
1700 pop2 1.0 0.833333
1800 pop1 1.21 1.00833
1800 pop2 1.0 0.833333
1900 pop1 1.21 1.00833
1900 pop2 1.0 0.833333
2000 pop1 1.21 1.00833
2000 pop2 1.0 0.833333
2100 pop1 1.21 1.00833
2100 pop2 1.0 0.833333
2200 pop1 1.21 1.00833
2200 pop2 1.0 0.833333
2300 pop1 1.21 1.00833
2300 pop2 1.0 0.833333
2400 pop1 1.21 1.00833
2400 pop2 1.0 0.833333
2500 pop1 1.21 1.00833
2500 pop2 1.0 0.833333
2600 pop1 1.21 1.00833
2600 pop2 1.0 0.833333
2700 pop1 1.21 1.00833
2700 pop2 1.0 0.833333
2800 pop1 1.21 1.00833
2800 pop2 1.0 0.833333
2900 pop1 1.21 1.00833
2900 pop2 1.0 0.833333
3000 pop1 1.21 1.00833
3000 pop2 1.0 0.833333
3100 pop1 1.21 1.00833
3100 pop2 1.0 0.833333
3200 pop1 1.21 1.00833
3200 pop2 1.0 0.833333
3300 pop1 1.21 1.00833
3300 pop2 1.0 0.833333
3400 pop1 1.21 1.00833
3400 pop2 1.0 0.833333
3500 pop1 1.21 1.00833
3500 pop2 1.0 0.833333
3600 pop1 1.21 1.00833
3600 pop2 1.0 0.833333
3700 pop1 1.21 1.00833
3700 pop2 1.0 0.833333
3800 pop1 1.21 1.00833
3800 pop2 1.0 0.833333
3900 pop1 1.21 1.00833
3900 pop2 1.0 0.833333
4000 pop1 1.21 1.00833
4000 pop2 1.0 0.833333
4100 pop1 1.21 1.00833
4100 pop2 1.0 0.833333
4200 pop1 1.21 1.00833
4200 pop2 1.0 0.833333
4300 pop1 1.21 1.00833
4300 pop2 1.0 0.833333
4400 pop1 1.21 1.00833
4400 pop2 1.0 0.833333
4500 pop1 1.21 1.00833
4500 pop2 1.0 0.833333
4600 pop1 1.21 1.00833
4600 pop2 1.0 0.833333
4700 pop1 1.21 1.00833
4700 pop2 1.0 0.833333
4800 pop1 1.21 1.00833
4800 pop2 1.0 0.833333
4900 pop1 1.21 1.00833
4900 pop2 1.0 0.833333
5000 pop1 1.21 1.00833
5000 pop2 1.0 0.833333
