1 pop1 1.0 0.833333
1 pop2 1.0 0.833333
100 pop1 1.05488 0.87907
100 pop2 1.08078 0.900654
200 pop1 1.06787 0.889891
200 pop2 1.06806 0.89005
300 pop1 1.07231 0.893594
300 pop2 1.07222 0.89352
400 pop1 1.0682 0.890163
400 pop2 1.06796 0.88997
500 pop1 1.07426 0.895218
500 pop2 1.07307 0.894224
600 pop1 1.06154 0.884617
600 pop2 1.07255 0.893788
700 pop1 1.07821 0.89851
700 pop2 1.06238 0.885313
800 pop1 1.06579 0.888157
800 pop2 1.06926 0.891051
900 pop1 1.08166 0.901383
900 pop2 1.06412 0.88677
1000 pop1 1.07207 0.893391
1000 pop2 1.06747 0.889555
1100 pop1 1.14317 0.952645
1100 pop2 1.09865 0.915541
1200 pop1 1.12318 0.935987
1200 pop2 1.11271 0.927262
1300 pop1 1.12284 0.935699
1300 pop2 1.12228 0.935232
1400 pop1 1.12703 0.939195
1400 pop2 1.11785 0.931541
1500 pop1 1.12286 0.935715
1500 pop2 1.11516 0.929303
1600 pop1 1.11151 0.926258
1600 pop2 1.12717 0.939308
1700 pop1 1.11937 0.932805
1700 pop2 1.11652 0.93043
1800 pop1 1.11 0.925
1800 pop2 1.12443 0.937021
1900 pop1 1.12551 0.937921
1900 pop2 1.12048 0.933735
2000 pop1 1.12275 0.935628
2000 pop2 1.11611 0.930091
2100 pop1 1.13093 0.942438
2100 pop2 1.11437 0.928646
2200 pop1 1.12776 0.939798
2200 pop2 1.11706 0.930884
2300 pop1 1.11866 0.932217
2300 pop2 1.12191 0.934928
2400 pop1 1.12649 0.938739
2400 pop2 1.11527 0.929393
2500 pop1 1.12823 0.940195
2500 pop2 1.11518 0.92932
2600 pop1 1.12515 0.937624
2600 pop2 1.11826 0.931884
2700 pop1 1.11708 0.930901
2700 pop2 1.12288 0.935731
2800 pop1 1.13107 0.942557
2800 pop2 1.11854 0.932118
2900 pop1 1.11807 0.931722
2900 pop2 1.12127 0.934396
3000 pop1 1.12909 0.940907
3000 pop2 1.11849 0.932076
3100 pop1 1.12545 0.937875
3100 pop2 1.11691 0.930758
3200 pop1 1.115 0.92917
3200 pop2 1.12712 0.939269
3300 pop1 1.12151 0.934592
3300 pop2 1.12135 0.934455
3400 pop1 1.13054 0.942113
3400 pop2 1.11769 0.931411
3500 pop1 1.11904 0.932532
3500 pop2 1.12186 0.93488
3600 pop1 1.1223 0.935248
3600 pop2 1.12413 0.936779
3700 pop1 1.11835 0.931959
3700 pop2 1.1351 0.94592
3800 pop1 1.12737 0.939475
3800 pop2 1.11563 0.92969
3900 pop1 1.13447 0.945393
3900 pop2 1.10579 0.921495
4000 pop1 1.13059 0.942159
4000 pop2 1.10691 0.922423
4100 pop1 1.13209 0.94341
4100 pop2 1.11129 0.926072
4200 pop1 1.12759 0.93966
4200 pop2 1.11329 0.92774
4300 pop1 1.13131 0.942758
4300 pop2 1.11647 0.930392
4400 pop1 1.12934 0.941116
4400 pop2 1.12226 0.935215
4500 pop1 1.13588 0.946566
4500 pop2 1.10556 0.921301
4600 pop1 1.12187 0.934894
4600 pop2 1.11677 0.930645
4700 pop1 1.12883 0.940693
4700 pop2 1.11502 0.929183
4800 pop1 1.11915 0.932624
4800 pop2 1.12148 0.934568
4900 pop1 1.12893 0.940778
4900 pop2 1.11812 0.931764
5000 pop1 1.1273 0.939417
5000 pop2 1.11768 0.9314
