1 pop1 1.0 0.833333
1 pop2 1.0 0.833333
100 pop1 1.18668 0.988903
100 pop2 1.18858 0.990484
200 pop1 1.19321 0.994343
200 pop2 1.19449 0.995411
300 pop1 1.18937 0.99114
300 pop2 1.19652 0.997097
400 pop1 1.19054 0.992116
400 pop2 1.1915 0.992918
500 pop1 1.18665 0.988877
500 pop2 1.19127 0.992722
600 pop1 1.19444 0.995364
600 pop2 1.19485 0.995711
700 pop1 1.19333 0.994443
700 pop2 1.19042 0.992019
800 pop1 1.19079 0.992326
800 pop2 1.19064 0.992203
900 pop1 1.18535 0.98779
900 pop2 1.18949 0.991244
1000 pop1 1.19165 0.993043
1000 pop2 1.18992 0.991602
1100 pop1 1.19116 0.99263
1100 pop2 1.1913 0.992749
1200 pop1 1.19239 0.993656
1200 pop2 1.19096 0.992464
1300 pop1 1.1909 0.992421
1300 pop2 1.1941 0.995081
1400 pop1 1.19239 0.993662
1400 pop2 1.19192 0.993269
1500 pop1 1.19244 0.993699
1500 pop2 1.18728 0.989399
1600 pop1 1.18816 0.990135
1600 pop2 1.1906 0.992166
1700 pop1 1.18729 0.989411
1700 pop2 1.1901 0.991752
1800 pop1 1.19155 0.992956
1800 pop2 1.19006 0.991715
1900 pop1 1.19393 0.994938
1900 pop2 1.19063 0.992194
2000 pop1 1.19367 0.994729
2000 pop2 1.18824 0.990203
2100 pop1 1.19398 0.994981
2100 pop2 1.19215 0.993455
2200 pop1 1.19015 0.991792
2200 pop2 1.18984 0.991535
2300 pop1 1.19179 0.993161
2300 pop2 1.18889 0.990738
2400 pop1 1.19455 0.995461
2400 pop2 1.18987 0.991557
2500 pop1 1.18873 0.990611
2500 pop2 1.18902 0.990852
2600 pop1 1.19221 0.993509
2600 pop2 1.18929 0.991076
2700 pop1 1.18948 0.99123
2700 pop2 1.19191 0.993257
2800 pop1 1.18852 0.990437
2800 pop2 1.19161 0.993008
2900 pop1 1.19054 0.99212
2900 pop2 1.19195 0.993294
3000 pop1 1.19157 0.992971
3000 pop2 1.19375 0.994792
3100 pop1 1.18863 0.990524
3100 pop2 1.19104 0.992537
3200 pop1 1.1902 0.991834
3200 pop2 1.18737 0.989479
3300 pop1 1.19541 0.996173
3300 pop2 1.19329 0.994411
3400 pop1 1.19229 0.993575
3400 pop2 1.19452 0.995437
3500 pop1 1.19298 0.994149
3500 pop2 1.18898 0.990815
3600 pop1 1.19041 0.992007
3600 pop2 1.19107 0.992557
3700 pop1 1.1918 0.993168
3700 pop2 1.19114 0.992613
3800 pop1 1.19351 0.994595
3800 pop2 1.19102 0.992515
3900 pop1 1.19287 0.994054
3900 pop2 1.19301 0.994173
4000 pop1 1.19307 0.994226
4000 pop2 1.18869 0.990575
4100 pop1 1.19092 0.992434
4100 pop2 1.18634 0.98862
4200 pop1 1.19061 0.992172
4200 pop2 1.19068 0.992235
4300 pop1 1.19258 0.993816
4300 pop2 1.18901 0.990842
4400 pop1 1.18943 0.991193
4400 pop2 1.19154 0.992954
4500 pop1 1.19028 0.991902
4500 pop2 1.19137 0.992804
4600 pop1 1.18903 0.990861
4600 pop2 1.18942 0.991179
4700 pop1 1.18731 0.989423
4700 pop2 1.18771 0.989762
4800 pop1 1.19027 0.991895
4800 pop2 1.18841 0.99034
4900 pop1 1.19199 0.993321
4900 pop2 1.19424 0.995203
5000 pop1 1.19284 0.994032
5000 pop2 1.19135 0.992793
