1 pop1 1.0 0.980392
1 pop2 1.0 0.980392
100 pop1 0.998277 0.978703
100 pop2 1.00493 0.985228
200 pop1 0.999527 0.979929
200 pop2 1.00347 0.983789
300 pop1 1.00009 0.980484
300 pop2 1.00331 0.98364
400 pop1 1.00456 0.984859
400 pop2 0.999999 0.980391
500 pop1 1.00131 0.98168
500 pop2 1.00123 0.981599
600 pop1 1.00272 0.983058
600 pop2 1.00128 0.981647
700 pop1 1.0024 0.982747
700 pop2 0.999621 0.980021
800 pop1 1.00085 0.981221
800 pop2 1.00285 0.983183
900 pop1 0.998551 0.978971
900 pop2 1.00635 0.986617
1000 pop1 0.99826 0.978687
1000 pop2 1.00516 0.985453
1100 pop1 1.00666 0.986917
1100 pop2 0.995004 0.975494
1200 pop1 1.01185 0.992009
1200 pop2 0.994569 0.975068
1300 pop1 1.0145 0.994604
1300 pop2 0.99411 0.974618
1400 pop1 1.01394 0.994057
1400 pop2 0.994663 0.97516
1500 pop1 1.01609 0.996171
1500 pop2 0.994859 0.975352
1600 pop1 1.01809 0.998123
1600 pop2 0.993924 0.974435
1700 pop1 1.01872 0.998746
1700 pop2 0.993867 0.974379
1800 pop1 1.01937 0.999379
1800 pop2 0.993934 0.974445
1900 pop1 1.01958 0.99959
1900 pop2 0.994688 0.975185
2000 pop1 1.02004 1.00004
2000 pop2 0.993838 0.974351
2100 pop1 1.02011 1.00011
2100 pop2 0.994898 0.975391
2200 pop1 1.02011 1.00011
2200 pop2 0.995026 0.975516
2300 pop1 1.02011 1.00011
2300 pop2 0.995684 0.976161
2400 pop1 1.02011 1.00011
2400 pop2 0.995745 0.97622
2500 pop1 1.02011 1.00011
2500 pop2 0.996162 0.97663
2600 pop1 1.02011 1.00011
2600 pop2 0.997055 0.977505
2700 pop1 1.02011 1.0001
2700 pop2 0.998009 0.97844
2800 pop1 1.02011 1.0001
2800 pop2 0.998153 0.978581
2900 pop1 1.0201 1.0001
2900 pop2 0.999306 0.979711
3000 pop1 1.0201 1.0001
3000 pop2 0.999413 0.979817
3100 pop1 1.0201 1.0001
3100 pop2 0.999633 0.980032
3200 pop1 1.0201 1.0001
3200 pop2 0.9998 0.980197
3300 pop1 1.0201 1.0001
3300 pop2 0.999864 0.980259
3400 pop1 1.0201 1.0001
3400 pop2 0.99996 0.980353
3500 pop1 1.0201 1.0001
3500 pop2 1.0 0.980392
3600 pop1 1.0201 1.0001
3600 pop2 1.0 0.980392
3700 pop1 1.0201 1.0001
3700 pop2 1.0 0.980392
3800 pop1 1.0201 1.0001
3800 pop2 1.0 0.980392
3900 pop1 1.0201 1.0001
3900 pop2 1.0 0.980392
4000 pop1 1.0201 1.0001
4000 pop2 1.0 0.980392
4100 pop1 1.0201 1.0001
4100 pop2 1.0 0.980392
4200 pop1 1.0201 1.0001
4200 pop2 1.0 0.980392
4300 pop1 1.0201 1.0001
4300 pop2 1.0 0.980392
4400 pop1 1.0201 1.0001
4400 pop2 1.0 0.980392
4500 pop1 1.0201 1.0001
4500 pop2 1.0 0.980392
4600 pop1 1.0201 1.0001
4600 pop2 1.0 0.980392
4700 pop1 1.0201 1.0001
4700 pop2 1.0 0.980392
4800 pop1 1.0201 1.0001
4800 pop2 1.0 0.980392
4900 pop1 1.0201 1.0001
4900 pop2 1.0 0.980392
5000 pop1 1.0201 1.0001
5000 pop2 1.0 0.980392
