1 pop1 1.0 0.980392
1 pop2 1.0 0.980392
100 pop1 1.00133 0.981692
100 pop2 1.00055 0.980931
200 pop1 1.00076 0.981133
200 pop2 1.00033 0.980718
300 pop1 1.0026 0.982939
300 pop2 0.998667 0.979085
400 pop1 1.00394 0.98425
400 pop2 0.99748 0.977921
500 pop1 1.00409 0.9844
500 pop2 0.998411 0.978835
600 pop1 1.00306 0.983387
600 pop2 0.998229 0.978656
700 pop1 1.00326 0.983591
700 pop2 0.997979 0.97841
800 pop1 1.00394 0.984258
800 pop2 0.997963 0.978395
900 pop1 1.0064 0.986662
900 pop2 0.995017 0.975507
1000 pop1 1.00295 0.983282
1000 pop2 0.998476 0.978898
1100 pop1 1.01019 0.990385
1100 pop2 0.995238 0.975724
1200 pop1 1.01205 0.992209
1200 pop2 0.994342 0.974846
1300 pop1 1.01598 0.996055
1300 pop2 0.994066 0.974574
1400 pop1 1.01721 0.997263
1400 pop2 0.993381 0.973903
1500 pop1 1.01949 0.999502
1500 pop2 0.99511 0.975598
1600 pop1 1.01966 0.999667
1600 pop2 0.994914 0.975406
1700 pop1 1.02011 1.00011
1700 pop2 0.996328 0.976792
1800 pop1 1.02011 1.0001
1800 pop2 0.997667 0.978105
1900 pop1 1.02011 1.0001
1900 pop2 0.998093 0.978523
2000 pop1 1.0201 1.0001
2000 pop2 0.99941 0.979813
2100 pop1 1.0201 1.0001
2100 pop2 0.9999 0.980294
2200 pop1 1.0201 1.0001
2200 pop2 0.999693 0.980091
2300 pop1 1.0201 1.0001
2300 pop2 0.999864 0.980259
2400 pop1 1.0201 1.0001
2400 pop2 1.0 0.980392
2500 pop1 1.0201 1.0001
2500 pop2 1.0 0.980392
2600 pop1 1.0201 1.0001
2600 pop2 1.0 0.980392
2700 pop1 1.0201 1.0001
2700 pop2 1.0 0.980392
2800 pop1 1.0201 1.0001
2800 pop2 1.0 0.980392
2900 pop1 1.0201 1.0001
2900 pop2 1.0 0.980392
3000 pop1 1.0201 1.0001
3000 pop2 1.0 0.980392
3100 pop1 1.0201 1.0001
3100 pop2 1.0 0.980392
3200 pop1 1.0201 1.0001
3200 pop2 1.0 0.980392
3300 pop1 1.0201 1.0001
3300 pop2 1.0 0.980392
3400 pop1 1.0201 1.0001
3400 pop2 1.0 0.980392
3500 pop1 1.0201 1.0001
3500 pop2 1.0 0.980392
3600 pop1 1.0201 1.0001
3600 pop2 1.0 0.980392
3700 pop1 1.0201 1.0001
3700 pop2 1.0 0.980392
3800 pop1 1.0201 1.0001
3800 pop2 1.0 0.980392
3900 pop1 1.0201 1.0001
3900 pop2 1.0 0.980392
4000 pop1 1.0201 1.0001
4000 pop2 1.0 0.980392
4100 pop1 1.0201 1.0001
4100 pop2 1.0 0.980392
4200 pop1 1.0201 1.0001
4200 pop2 1.0 0.980392
4300 pop1 1.0201 1.0001
4300 pop2 1.0 0.980392
4400 pop1 1.0201 1.0001
4400 pop2 1.0 0.980392
4500 pop1 1.0201 1.0001
4500 pop2 1.0 0.980392
4600 pop1 1.0201 1.0001
4600 pop2 1.0 0.980392
4700 pop1 1.0201 1.0001
4700 pop2 1.0 0.980392
4800 pop1 1.0201 1.0001
4800 pop2 1.0 0.980392
4900 pop1 1.0201 1.0001
4900 pop2 1.0 0.980392
5000 pop1 1.0201 1.0001
5000 pop2 1.0 0.980392
