1 pop1 1.0 0.833333
1 pop2 1.0 0.833333
100 pop1 1.13304 0.944197
100 pop2 1.11918 0.932651
200 pop1 1.11503 0.929191
200 pop2 1.12176 0.934801
300 pop1 1.12707 0.939228
300 pop2 1.1191 0.932583
400 pop1 1.1183 0.93192
400 pop2 1.11864 0.932198
500 pop1 1.13262 0.943847
500 pop2 1.1169 0.930749
600 pop1 1.12117 0.934312
600 pop2 1.1271 0.939247
700 pop1 1.12094 0.934121
700 pop2 1.12915 0.94096
800 pop1 1.12651 0.938761
800 pop2 1.1297 0.941414
900 pop1 1.11989 0.933245
900 pop2 1.12628 0.938566
1000 pop1 1.11717 0.930971
1000 pop2 1.121 0.93417
1100 pop1 1.14613 0.955108
1100 pop2 1.13885 0.949041
1200 pop1 1.14142 0.95118
1200 pop2 1.13595 0.946626
1300 pop1 1.13917 0.949306
1300 pop2 1.14747 0.956224
1400 pop1 1.13923 0.949357
1400 pop2 1.14755 0.956296
1500 pop1 1.1366 0.947168
1500 pop2 1.14184 0.951531
1600 pop1 1.14628 0.95523
1600 pop2 1.14718 0.955982
1700 pop1 1.14069 0.950579
1700 pop2 1.14315 0.952628
1800 pop1 1.13712 0.947596
1800 pop2 1.15127 0.959395
1900 pop1 1.14804 0.956699
1900 pop2 1.14379 0.95316
2000 pop1 1.13933 0.949443
2000 pop2 1.14545 0.954542
2100 pop1 1.14445 0.95371
2100 pop2 1.14315 0.952626
2200 pop1 1.13848 0.948733
2200 pop2 1.15024 0.958533
2300 pop1 1.14211 0.951761
2300 pop2 1.1459 0.95492
2400 pop1 1.13185 0.943205
2400 pop2 1.14677 0.955643
2500 pop1 1.13342 0.944515
2500 pop2 1.15153 0.95961
2600 pop1 1.13781 0.948174
2600 pop2 1.14775 0.956461
2700 pop1 1.13671 0.947261
2700 pop2 1.15715 0.964289
2800 pop1 1.14126 0.95105
2800 pop2 1.14371 0.953094
2900 pop1 1.13558 0.946316
2900 pop2 1.14782 0.956516
3000 pop1 1.14609 0.955077
3000 pop2 1.15142 0.959513
3100 pop1 1.14423 0.953522
3100 pop2 1.1404 0.950329
3200 pop1 1.14253 0.952109
3200 pop2 1.14734 0.956117
3300 pop1 1.13521 0.946005
3300 pop2 1.14999 0.958326
3400 pop1 1.13767 0.948059
3400 pop2 1.15318 0.960987
3500 pop1 1.14695 0.955789
3500 pop2 1.13613 0.946772
3600 pop1 1.14426 0.953551
3600 pop2 1.1428 0.952337
3700 pop1 1.13826 0.948552
3700 pop2 1.13968 0.949733
3800 pop1 1.14263 0.952188
3800 pop2 1.14896 0.95747
3900 pop1 1.14515 0.954291
3900 pop2 1.14483 0.954022
4000 pop1 1.13777 0.948141
4000 pop2 1.15023 0.958522
4100 pop1 1.14213 0.951779
4100 pop2 1.14238 0.951984
4200 pop1 1.1462 0.955166
4200 pop2 1.14326 0.952714
4300 pop1 1.13782 0.948181
4300 pop2 1.1469 0.955748
4400 pop1 1.14149 0.951242
4400 pop2 1.14184 0.951536
4500 pop1 1.14621 0.955176
4500 pop2 1.14188 0.951563
4600 pop1 1.13613 0.946771
4600 pop2 1.14629 0.955241
4700 pop1 1.14206 0.951715
4700 pop2 1.14047 0.950394
4800 pop1 1.145 0.954168
4800 pop2 1.14743 0.956194
4900 pop1 1.14023 0.950189
4900 pop2 1.14273 0.952274
5000 pop1 1.1446 0.953829
5000 pop2 1.1445 0.953751
