1 pop1 1.0 0.980392
1 pop2 1.0 0.980392
100 pop1 1.00134 0.98171
100 pop2 1.00059 0.980971
200 pop1 0.998665 0.979083
200 pop2 1.00182 0.982178
300 pop1 0.998219 0.978646
300 pop2 1.00366 0.983985
400 pop1 0.999933 0.980326
400 pop2 1.00197 0.982321
500 pop1 1.00206 0.982413
500 pop2 0.999754 0.980151
600 pop1 0.999588 0.979988
600 pop2 1.0017 0.98206
700 pop1 0.998252 0.978678
700 pop2 1.00324 0.983572
800 pop1 0.995998 0.976469
800 pop2 1.00537 0.985659
900 pop1 0.994494 0.974994
900 pop2 1.00782 0.988057
1000 pop1 0.996382 0.976845
1000 pop2 1.00597 0.986245
1100 pop1 1.00615 0.986423
1100 pop2 0.996574 0.977034
1200 pop1 1.01343 0.993557
1200 pop2 0.996775 0.97723
1300 pop1 1.0171 0.997152
1300 pop2 0.996531 0.976991
1400 pop1 1.01941 0.999418
1400 pop2 0.997195 0.977643
1500 pop1 1.0201 1.0001
1500 pop2 0.998308 0.978734
1600 pop1 1.0201 1.0001
1600 pop2 0.998635 0.979054
1700 pop1 1.0201 1.0001
1700 pop2 0.999162 0.979571
1800 pop1 1.0201 1.0001
1800 pop2 0.999218 0.979625
1900 pop1 1.0201 1.0001
1900 pop2 0.999517 0.979919
2000 pop1 1.0201 1.0001
2000 pop2 0.999625 0.980024
2100 pop1 1.0201 1.0001
2100 pop2 0.99996 0.980353
2200 pop1 1.0201 1.0001
2200 pop2 1.0 0.980392
2300 pop1 1.0201 1.0001
2300 pop2 1.0 0.980392
2400 pop1 1.0201 1.0001
2400 pop2 1.0 0.980392
2500 pop1 1.0201 1.0001
2500 pop2 1.0 0.980392
2600 pop1 1.0201 1.0001
2600 pop2 1.0 0.980392
2700 pop1 1.0201 1.0001
2700 pop2 1.0 0.980392
2800 pop1 1.0201 1.0001
2800 pop2 1.0 0.980392
2900 pop1 1.0201 1.0001
2900 pop2 1.0 0.980392
3000 pop1 1.0201 1.0001
3000 pop2 1.0 0.980392
3100 pop1 1.0201 1.0001
3100 pop2 1.0 0.980392
3200 pop1 1.0201 1.0001
3200 pop2 1.0 0.980392
3300 pop1 1.0201 1.0001
3300 pop2 1.0 0.980392
3400 pop1 1.0201 1.0001
3400 pop2 1.0 0.980392
3500 pop1 1.0201 1.0001
3500 pop2 1.0 0.980392
3600 pop1 1.0201 1.0001
3600 pop2 1.0 0.980392
3700 pop1 1.0201 1.0001
3700 pop2 1.0 0.980392
3800 pop1 1.0201 1.0001
3800 pop2 1.0 0.980392
3900 pop1 1.0201 1.0001
3900 pop2 1.0 0.980392
4000 pop1 1.0201 1.0001
4000 pop2 1.0 0.980392
4100 pop1 1.0201 1.0001
4100 pop2 1.0 0.980392
4200 pop1 1.0201 1.0001
4200 pop2 1.0 0.980392
4300 pop1 1.0201 1.0001
4300 pop2 1.0 0.980392
4400 pop1 1.0201 1.0001
4400 pop2 1.0 0.980392
4500 pop1 1.0201 1.0001
4500 pop2 1.0 0.980392
4600 pop1 1.0201 1.0001
4600 pop2 1.0 0.980392
4700 pop1 1.0201 1.0001
4700 pop2 1.0 0.980392
4800 pop1 1.0201 1.0001
4800 pop2 1.0 0.980392
4900 pop1 1.0201 1.0001
4900 pop2 1.0 0.980392
5000 pop1 1.0201 1.0001
5000 pop2 1.0 0.980392
