1 pop1 1.0 0.980392
1 pop2 1.0 0.980392
100 pop1 0.998294 0.97872
100 pop2 1.00703 0.98728
200 pop1 0.995344 0.975827
200 pop2 1.00819 0.988418
300 pop1 0.995657 0.976135
300 pop2 1.00758 0.98782
400 pop1 0.994204 0.974709
400 pop2 1.00824 0.988472
500 pop1 0.995523 0.976003
500 pop2 1.00863 0.988855
600 pop1 0.992235 0.972779
600 pop2 1.00998 0.990174
700 pop1 0.994108 0.974615
700 pop2 1.00808 0.988316
800 pop1 0.995853 0.976327
800 pop2 1.00675 0.987014
900 pop1 0.997663 0.978101
900 pop2 1.00715 0.987406
1000 pop1 0.997596 0.978035
1000 pop2 1.00541 0.985698
1100 pop1 1.00739 0.98764
1100 pop2 0.994615 0.975113
1200 pop1 1.0138 0.993921
1200 pop2 0.993592 0.97411
1300 pop1 1.01592 0.995997
1300 pop2 0.99283 0.973363
1400 pop1 1.0179 0.997939
1400 pop2 0.99176 0.972314
1500 pop1 1.01834 0.998373
1500 pop2 0.992292 0.972835
1600 pop1 1.01859 0.998619
1600 pop2 0.994034 0.974543
1700 pop1 1.01986 0.999861
1700 pop2 0.993877 0.974389
1800 pop1 1.01977 0.99977
1800 pop2 0.995253 0.975738
1900 pop1 1.02011 1.0001
1900 pop2 0.997628 0.978067
2000 pop1 1.0201 1.0001
2000 pop2 0.998596 0.979016
2100 pop1 1.0201 1.0001
2100 pop2 0.998512 0.978933
2200 pop1 1.0201 1.0001
2200 pop2 0.999158 0.979567
2300 pop1 1.0201 1.0001
2300 pop2 0.998887 0.979301
2400 pop1 1.0201 1.0001
2400 pop2 0.999274 0.97968
2500 pop1 1.0201 1.0001
2500 pop2 0.999306 0.979711
2600 pop1 1.0201 1.0001
2600 pop2 0.999729 0.980126
2700 pop1 1.0201 1.0001
2700 pop2 0.999737 0.980134
2800 pop1 1.0201 1.0001
2800 pop2 1.0 0.980392
2900 pop1 1.0201 1.0001
2900 pop2 1.0 0.980392
3000 pop1 1.0201 1.0001
3000 pop2 1.0 0.980392
3100 pop1 1.0201 1.0001
3100 pop2 1.0 0.980392
3200 pop1 1.0201 1.0001
3200 pop2 1.0 0.980392
3300 pop1 1.0201 1.0001
3300 pop2 1.0 0.980392
3400 pop1 1.0201 1.0001
3400 pop2 1.0 0.980392
3500 pop1 1.0201 1.0001
3500 pop2 1.0 0.980392
3600 pop1 1.0201 1.0001
3600 pop2 1.0 0.980392
3700 pop1 1.0201 1.0001
3700 pop2 1.0 0.980392
3800 pop1 1.0201 1.0001
3800 pop2 1.0 0.980392
3900 pop1 1.0201 1.0001
3900 pop2 1.0 0.980392
4000 pop1 1.0201 1.0001
4000 pop2 1.0 0.980392
4100 pop1 1.0201 1.0001
4100 pop2 1.0 0.980392
4200 pop1 1.0201 1.0001
4200 pop2 1.0 0.980392
4300 pop1 1.0201 1.0001
4300 pop2 1.0 0.980392
4400 pop1 1.0201 1.0001
4400 pop2 1.0 0.980392
4500 pop1 1.0201 1.0001
4500 pop2 1.0 0.980392
4600 pop1 1.0201 1.0001
4600 pop2 1.0 0.980392
4700 pop1 1.0201 1.0001
4700 pop2 1.0 0.980392
4800 pop1 1.0201 1.0001
4800 pop2 1.0 0.980392
4900 pop1 1.0201 1.0001
4900 pop2 1.0 0.980392
5000 pop1 1.0201 1.0001
5000 pop2 1.0 0.980392
