1 pop1 1.0 0.909091
1 pop2 1.0 0.909091
100 pop1 1.02391 0.930828
100 pop2 1.01809 0.925534
200 pop1 1.02113 0.928302
200 pop2 1.02455 0.931413
300 pop1 1.0211 0.92827
300 pop2 1.01698 0.924528
400 pop1 1.01902 0.926386
400 pop2 1.02288 0.929895
500 pop1 1.01902 0.926383
500 pop2 1.01845 0.925864
600 pop1 1.02585 0.932589
600 pop2 1.01383 0.921665
700 pop1 1.02669 0.933351
700 pop2 1.01504 0.922763
800 pop1 1.02833 0.934849
800 pop2 1.00814 0.916494
900 pop1 1.02207 0.929153
900 pop2 1.0178 0.925272
1000 pop1 1.02098 0.928164
1000 pop2 1.02366 0.930598
1100 pop1 1.09266 0.993323
1100 pop2 0.970311 0.882101
1200 pop1 1.10266 1.00241
1200 pop2 0.990661 0.900601
1300 pop1 1.10251 1.00228
1300 pop2 0.999309 0.908462
1400 pop1 1.1025 1.00228
1400 pop2 0.999328 0.90848
1500 pop1 1.10251 1.00228
1500 pop2 0.999605 0.908732
1600 pop1 1.1025 1.00227
1600 pop2 1.0 0.909091
1700 pop1 1.1025 1.00227
1700 pop2 1.0 0.909091
1800 pop1 1.1025 1.00227
1800 pop2 1.0 0.909091
1900 pop1 1.1025 1.00227
1900 pop2 1.0 0.909091
2000 pop1 1.1025 1.00227
2000 pop2 1.0 0.909091
2100 pop1 1.1025 1.00227
2100 pop2 1.0 0.909091
2200 pop1 1.1025 1.00227
2200 pop2 1.0 0.909091
2300 pop1 1.1025 1.00227
2300 pop2 1.0 0.909091
2400 pop1 1.1025 1.00227
2400 pop2 1.0 0.909091
2500 pop1 1.1025 1.00227
2500 pop2 1.0 0.909091
2600 pop1 1.1025 1.00227
2600 pop2 1.0 0.909091
2700 pop1 1.1025 1.00227
2700 pop2 1.0 0.909091
2800 pop1 1.1025 1.00227
2800 pop2 1.0 0.909091
2900 pop1 1.1025 1.00227
2900 pop2 1.0 0.909091
3000 pop1 1.1025 1.00227
3000 pop2 1.0 0.909091
3100 pop1 1.1025 1.00227
3100 pop2 1.0 0.909091
3200 pop1 1.1025 1.00227
3200 pop2 1.0 0.909091
3300 pop1 1.1025 1.00227
3300 pop2 1.0 0.909091
3400 pop1 1.1025 1.00227
3400 pop2 1.0 0.909091
3500 pop1 1.1025 1.00227
3500 pop2 1.0 0.909091
3600 pop1 1.1025 1.00227
3600 pop2 1.0 0.909091
3700 pop1 1.1025 1.00227
3700 pop2 1.0 0.909091
3800 pop1 1.1025 1.00227
3800 pop2 1.0 0.909091
3900 pop1 1.1025 1.00227
3900 pop2 1.0 0.909091
4000 pop1 1.1025 1.00227
4000 pop2 1.0 0.909091
4100 pop1 1.1025 1.00227
4100 pop2 1.0 0.909091
4200 pop1 1.1025 1.00227
4200 pop2 1.0 0.909091
4300 pop1 1.1025 1.00227
4300 pop2 1.0 0.909091
4400 pop1 1.1025 1.00227
4400 pop2 1.0 0.909091
4500 pop1 1.1025 1.00227
4500 pop2 1.0 0.909091
4600 pop1 1.1025 1.00227
4600 pop2 1.0 0.909091
4700 pop1 1.1025 1.00227
4700 pop2 1.0 0.909091
4800 pop1 1.1025 1.00227
4800 pop2 1.0 0.909091
4900 pop1 1.1025 1.00227
4900 pop2 1.0 0.909091
5000 pop1 1.1025 1.00227
5000 pop2 1.0 0.909091
