1 pop1 1.0 0.909091
1 pop2 1.0 0.909091
100 pop1 1.01983 0.92712
100 pop2 1.01994 0.927219
200 pop1 1.01981 0.927098
200 pop2 1.01507 0.922794
300 pop1 1.02299 0.929986
300 pop2 1.00602 0.914566
400 pop1 1.01946 0.926783
400 pop2 1.00715 0.915592
500 pop1 1.00971 0.917921
500 pop2 1.01892 0.926288
600 pop1 1.01793 0.925391
600 pop2 1.00912 0.917386
700 pop1 1.01318 0.921068
700 pop2 1.015 0.922724
800 pop1 1.01845 0.925865
800 pop2 1.00773 0.91612
900 pop1 1.01501 0.922732
900 pop2 1.01054 0.918671
1000 pop1 1.01793 0.925387
1000 pop2 1.01313 0.921025
1100 pop1 1.04853 0.953209
1100 pop2 1.04985 0.954406
1200 pop1 1.04788 0.952619
1200 pop2 1.06061 0.964195
1300 pop1 1.04165 0.946952
1300 pop2 1.06493 0.968118
1400 pop1 1.03858 0.944161
1400 pop2 1.06874 0.971584
1500 pop1 1.04336 0.948508
1500 pop2 1.06234 0.965764
1600 pop1 1.04868 0.953342
1600 pop2 1.06007 0.963697
1700 pop1 1.04848 0.953165
1700 pop2 1.058 0.961822
1800 pop1 1.04607 0.950975
1800 pop2 1.06216 0.965602
1900 pop1 1.0466 0.951452
1900 pop2 1.06341 0.966736
2000 pop1 1.06264 0.966035
2000 pop2 1.0471 0.951913
2100 pop1 1.05816 0.961961
2100 pop2 1.05258 0.956888
2200 pop1 1.05696 0.960874
2200 pop2 1.05316 0.957416
2300 pop1 1.0619 0.965361
2300 pop2 1.04853 0.953213
2400 pop1 1.05894 0.962673
2400 pop2 1.05344 0.957671
2500 pop1 1.06091 0.964465
2500 pop2 1.0505 0.954998
2600 pop1 1.06356 0.966875
2600 pop2 1.04781 0.952551
2700 pop1 1.0607 0.964275
2700 pop2 1.05191 0.956278
2800 pop1 1.05889 0.962626
2800 pop2 1.05176 0.956148
2900 pop1 1.05934 0.963041
2900 pop2 1.05065 0.955135
3000 pop1 1.05729 0.961172
3000 pop2 1.05231 0.956644
3100 pop1 1.0508 0.955276
3100 pop2 1.05926 0.962964
3200 pop1 1.05018 0.954706
3200 pop2 1.06089 0.964448
3300 pop1 1.04187 0.947151
3300 pop2 1.07037 0.973062
3400 pop1 1.04214 0.947402
3400 pop2 1.06872 0.971567
3500 pop1 1.04824 0.952945
3500 pop2 1.06369 0.966988
3600 pop1 1.05043 0.954939
3600 pop2 1.05851 0.962282
3700 pop1 1.05223 0.956575
3700 pop2 1.05915 0.962865
3800 pop1 1.05471 0.958828
3800 pop2 1.05714 0.961034
3900 pop1 1.05051 0.95501
3900 pop2 1.06064 0.964222
4000 pop1 1.0534 0.957639
4000 pop2 1.05817 0.96197
4100 pop1 1.05379 0.957994
4100 pop2 1.05877 0.962515
4200 pop1 1.05419 0.958356
4200 pop2 1.0573 0.96118
4300 pop1 1.05373 0.957937
4300 pop2 1.0579 0.961726
4400 pop1 1.05405 0.958224
4400 pop2 1.05851 0.962281
4500 pop1 1.0397 0.945178
4500 pop2 1.06962 0.972379
4600 pop1 1.05101 0.955465
4600 pop2 1.05762 0.96147
4700 pop1 1.05224 0.956579
4700 pop2 1.05674 0.960671
4800 pop1 1.05605 0.960045
4800 pop2 1.05419 0.958357
4900 pop1 1.05188 0.956256
4900 pop2 1.0575 0.961362
5000 pop1 1.05894 0.96267
5000 pop2 1.05247 0.956795
