1 pop1 1.0 0.980392
1 pop2 1.0 0.980392
100 pop1 1.00139 0.981755
100 pop2 1.00185 0.982204
200 pop1 1.00266 0.983004
200 pop2 1.00161 0.98197
300 pop1 1.00254 0.982879
300 pop2 1.00168 0.982036
400 pop1 1.00752 0.987767
400 pop2 0.996809 0.977263
500 pop1 1.00852 0.988741
500 pop2 0.993662 0.974179
600 pop1 1.00595 0.986224
600 pop2 0.996452 0.976914
700 pop1 1.00337 0.983696
700 pop2 1.00135 0.981714
800 pop1 1.00265 0.982995
800 pop2 1.00124 0.981612
900 pop1 1.00321 0.983538
900 pop2 1.00027 0.980657
1000 pop1 1.00174 0.982095
1000 pop2 1.00136 0.981729
1100 pop1 1.00703 0.987284
1100 pop2 0.995159 0.975646
1200 pop1 1.0126 0.992745
1200 pop2 0.993878 0.97439
1300 pop1 1.01318 0.993318
1300 pop2 0.994751 0.975246
1400 pop1 1.01553 0.995613
1400 pop2 0.994316 0.97482
1500 pop1 1.01745 0.997501
1500 pop2 0.993868 0.97438
1600 pop1 1.01846 0.998488
1600 pop2 0.993893 0.974405
1700 pop1 1.01958 0.999584
1700 pop2 0.993839 0.974351
1800 pop1 1.01968 0.999691
1800 pop2 0.995389 0.975872
1900 pop1 1.01982 0.999823
1900 pop2 0.996278 0.976743
2000 pop1 1.0201 1.0001
2000 pop2 0.996688 0.977145
2100 pop1 1.02011 1.0001
2100 pop2 0.998368 0.978792
2200 pop1 1.0201 1.0001
2200 pop2 0.99911 0.97952
2300 pop1 1.0201 1.0001
2300 pop2 0.999433 0.979837
2400 pop1 1.0201 1.0001
2400 pop2 0.999585 0.979985
2500 pop1 1.0201 1.0001
2500 pop2 0.999669 0.980067
2600 pop1 1.0201 1.0001
2600 pop2 0.999932 0.980326
2700 pop1 1.0201 1.0001
2700 pop2 1.0 0.980392
2800 pop1 1.0201 1.0001
2800 pop2 1.0 0.980392
2900 pop1 1.0201 1.0001
2900 pop2 1.0 0.980392
3000 pop1 1.0201 1.0001
3000 pop2 1.0 0.980392
3100 pop1 1.0201 1.0001
3100 pop2 1.0 0.980392
3200 pop1 1.0201 1.0001
3200 pop2 1.0 0.980392
3300 pop1 1.0201 1.0001
3300 pop2 1.0 0.980392
3400 pop1 1.0201 1.0001
3400 pop2 1.0 0.980392
3500 pop1 1.0201 1.0001
3500 pop2 1.0 0.980392
3600 pop1 1.0201 1.0001
3600 pop2 1.0 0.980392
3700 pop1 1.0201 1.0001
3700 pop2 1.0 0.980392
3800 pop1 1.0201 1.0001
3800 pop2 1.0 0.980392
3900 pop1 1.0201 1.0001
3900 pop2 1.0 0.980392
4000 pop1 1.0201 1.0001
4000 pop2 1.0 0.980392
4100 pop1 1.0201 1.0001
4100 pop2 1.0 0.980392
4200 pop1 1.0201 1.0001
4200 pop2 1.0 0.980392
4300 pop1 1.0201 1.0001
4300 pop2 1.0 0.980392
4400 pop1 1.0201 1.0001
4400 pop2 1.0 0.980392
4500 pop1 1.0201 1.0001
4500 pop2 1.0 0.980392
4600 pop1 1.0201 1.0001
4600 pop2 1.0 0.980392
4700 pop1 1.0201 1.0001
4700 pop2 1.0 0.980392
4800 pop1 1.0201 1.0001
4800 pop2 1.0 0.980392
4900 pop1 1.0201 1.0001
4900 pop2 1.0 0.980392
5000 pop1 1.0201 1.0001
5000 pop2 1.0 0.980392
