1 pop1 1.0 0.909091
1 pop2 1.0 0.909091
100 pop1 1.01693 0.924485
100 pop2 1.02728 0.933887
200 pop1 1.0181 0.925544
200 pop2 1.02541 0.932193
300 pop1 1.01962 0.926926
300 pop2 1.02203 0.929121
400 pop1 1.02436 0.931234
400 pop2 1.02004 0.927307
500 pop1 1.01966 0.926962
500 pop2 1.02315 0.930139
600 pop1 1.02053 0.927756
600 pop2 1.02192 0.92902
700 pop1 1.0136 0.921457
700 pop2 1.02323 0.93021
800 pop1 1.01262 0.920562
800 pop2 1.02369 0.930625
900 pop1 1.01512 0.922834
900 pop2 1.02791 0.934466
1000 pop1 1.01896 0.926329
1000 pop2 1.02594 0.932676
1100 pop1 1.09957 0.999611
1100 pop2 0.991251 0.901137
1200 pop1 1.10195 1.00177
1200 pop2 0.998222 0.907475
1300 pop1 1.10251 1.00228
1300 pop2 0.999664 0.908786
1400 pop1 1.1025 1.00228
1400 pop2 0.999862 0.908965
1500 pop1 1.1025 1.00227
1500 pop2 1.0 0.909091
1600 pop1 1.1025 1.00227
1600 pop2 1.0 0.909091
1700 pop1 1.1025 1.00227
1700 pop2 1.0 0.909091
1800 pop1 1.1025 1.00227
1800 pop2 1.0 0.909091
1900 pop1 1.1025 1.00227
1900 pop2 1.0 0.909091
2000 pop1 1.1025 1.00227
2000 pop2 1.0 0.909091
2100 pop1 1.1025 1.00227
2100 pop2 1.0 0.909091
2200 pop1 1.1025 1.00227
2200 pop2 1.0 0.909091
2300 pop1 1.1025 1.00227
2300 pop2 1.0 0.909091
2400 pop1 1.1025 1.00227
2400 pop2 1.0 0.909091
2500 pop1 1.1025 1.00227
2500 pop2 1.0 0.909091
2600 pop1 1.1025 1.00227
2600 pop2 1.0 0.909091
2700 pop1 1.1025 1.00227
2700 pop2 1.0 0.909091
2800 pop1 1.1025 1.00227
2800 pop2 1.0 0.909091
2900 pop1 1.1025 1.00227
2900 pop2 1.0 0.909091
3000 pop1 1.1025 1.00227
3000 pop2 1.0 0.909091
3100 pop1 1.1025 1.00227
3100 pop2 1.0 0.909091
3200 pop1 1.1025 1.00227
3200 pop2 1.0 0.909091
3300 pop1 1.1025 1.00227
3300 pop2 1.0 0.909091
3400 pop1 1.1025 1.00227
3400 pop2 1.0 0.909091
3500 pop1 1.1025 1.00227
3500 pop2 1.0 0.909091
3600 pop1 1.1025 1.00227
3600 pop2 1.0 0.909091
3700 pop1 1.1025 1.00227
3700 pop2 1.0 0.909091
3800 pop1 1.1025 1.00227
3800 pop2 1.0 0.909091
3900 pop1 1.1025 1.00227
3900 pop2 1.0 0.909091
4000 pop1 1.1025 1.00227
4000 pop2 1.0 0.909091
4100 pop1 1.1025 1.00227
4100 pop2 1.0 0.909091
4200 pop1 1.1025 1.00227
4200 pop2 1.0 0.909091
4300 pop1 1.1025 1.00227
4300 pop2 1.0 0.909091
4400 pop1 1.1025 1.00227
4400 pop2 1.0 0.909091
4500 pop1 1.1025 1.00227
4500 pop2 1.0 0.909091
4600 pop1 1.1025 1.00227
4600 pop2 1.0 0.909091
4700 pop1 1.1025 1.00227
4700 pop2 1.0 0.909091
4800 pop1 1.1025 1.00227
4800 pop2 1.0 0.909091
4900 pop1 1.1025 1.00227
4900 pop2 1.0 0.909091
5000 pop1 1.1025 1.00227
5000 pop2 1.0 0.909091
