1 pop1 1.0 0.833333
1 pop2 1.0 0.833333
100 pop1 1.07956 0.899633
100 pop2 1.06844 0.890371
200 pop1 1.06541 0.887843
200 pop2 1.07446 0.895385
300 pop1 1.08248 0.902067
300 pop2 1.0679 0.88992
400 pop1 1.06983 0.891525
400 pop2 1.0713 0.89275
500 pop1 1.05627 0.880224
500 pop2 1.09033 0.908606
600 pop1 1.07941 0.899509
600 pop2 1.06834 0.890285
700 pop1 1.07407 0.895062
700 pop2 1.06201 0.885009
800 pop1 1.0791 0.899251
800 pop2 1.06604 0.888363
900 pop1 1.07367 0.894721
900 pop2 1.06668 0.888903
1000 pop1 1.07099 0.89249
1000 pop2 1.06077 0.883972
1100 pop1 1.10183 0.918188
1100 pop2 1.12681 0.939008
1200 pop1 1.10081 0.917343
1200 pop2 1.13372 0.944763
1300 pop1 1.1056 0.921337
1300 pop2 1.13072 0.942266
1400 pop1 1.11323 0.927689
1400 pop2 1.1265 0.938749
1500 pop1 1.10807 0.92339
1500 pop2 1.12455 0.937126
1600 pop1 1.10266 0.918882
1600 pop2 1.13032 0.941936
1700 pop1 1.10894 0.924113
1700 pop2 1.12727 0.939392
1800 pop1 1.12212 0.935099
1800 pop2 1.12447 0.937061
1900 pop1 1.11774 0.931449
1900 pop2 1.12833 0.940279
2000 pop1 1.11806 0.93172
2000 pop2 1.1217 0.934752
2100 pop1 1.1213 0.934414
2100 pop2 1.12274 0.935616
2200 pop1 1.12967 0.941388
2200 pop2 1.11883 0.932356
2300 pop1 1.12527 0.937726
2300 pop2 1.11773 0.931442
2400 pop1 1.13001 0.941675
2400 pop2 1.11705 0.930871
2500 pop1 1.12951 0.941254
2500 pop2 1.11868 0.932231
2600 pop1 1.11411 0.928424
2600 pop2 1.1292 0.941001
2700 pop1 1.12464 0.937197
2700 pop2 1.11852 0.932097
2800 pop1 1.12274 0.935618
2800 pop2 1.12224 0.935197
2900 pop1 1.12715 0.939294
2900 pop2 1.11269 0.927241
3000 pop1 1.12111 0.934256
3000 pop2 1.11896 0.932463
3100 pop1 1.12382 0.936514
3100 pop2 1.12433 0.936944
3200 pop1 1.12283 0.935696
3200 pop2 1.12047 0.933728
3300 pop1 1.12783 0.939857
3300 pop2 1.11958 0.932982
3400 pop1 1.13528 0.946067
3400 pop2 1.10665 0.922206
3500 pop1 1.12807 0.940061
3500 pop2 1.11883 0.932359
3600 pop1 1.11675 0.930627
3600 pop2 1.11972 0.933101
3700 pop1 1.13254 0.943781
3700 pop2 1.11399 0.928323
3800 pop1 1.12846 0.940387
3800 pop2 1.11767 0.931394
3900 pop1 1.12423 0.936855
3900 pop2 1.12352 0.936267
4000 pop1 1.12566 0.938053
4000 pop2 1.1214 0.934503
4100 pop1 1.11555 0.929623
4100 pop2 1.12615 0.93846
4200 pop1 1.1204 0.933664
4200 pop2 1.12873 0.940607
4300 pop1 1.12191 0.934926
4300 pop2 1.12356 0.936297
4400 pop1 1.12805 0.940042
4400 pop2 1.11375 0.928126
4500 pop1 1.12912 0.940937
4500 pop2 1.11577 0.929809
4600 pop1 1.13679 0.947328
4600 pop2 1.11091 0.925761
4700 pop1 1.12355 0.936294
4700 pop2 1.12492 0.937437
4800 pop1 1.12193 0.934938
4800 pop2 1.11943 0.932856
4900 pop1 1.12137 0.934473
4900 pop2 1.11886 0.932384
5000 pop1 1.12904 0.940863
5000 pop2 1.11575 0.929792
