1 pop1 1.0 0.980392
1 pop2 1.0 0.980392
100 pop1 1.00537 0.985654
100 pop2 1.00925 0.989463
200 pop1 1.00718 0.987429
200 pop2 1.00757 0.987812
300 pop1 1.00698 0.987237
300 pop2 1.00889 0.989112
400 pop1 1.0083 0.988526
400 pop2 1.00972 0.989924
500 pop1 1.00599 0.986264
500 pop2 1.0099 0.990095
600 pop1 1.00721 0.987462
600 pop2 1.008 0.988231
700 pop1 1.00544 0.985723
700 pop2 1.00894 0.989158
800 pop1 1.01108 0.991258
800 pop2 1.00568 0.985964
900 pop1 1.00871 0.988935
900 pop2 1.00843 0.988654
1000 pop1 1.00858 0.988805
1000 pop2 1.00753 0.987779
1100 pop1 1.01006 0.990254
1100 pop2 0.997297 0.977742
1200 pop1 1.01451 0.994613
1200 pop2 0.997443 0.977885
1300 pop1 1.01646 0.996529
1300 pop2 0.997823 0.978257
1400 pop1 1.01815 0.998184
1400 pop2 0.996938 0.97739
1500 pop1 1.01918 0.999192
1500 pop2 0.997049 0.977499
1600 pop1 1.01933 0.999347
1600 pop2 0.997914 0.978347
1700 pop1 1.01994 0.999938
1700 pop2 0.998871 0.979285
1800 pop1 1.01949 0.999496
1800 pop2 0.998053 0.978484
1900 pop1 1.01987 0.999874
1900 pop2 0.998093 0.978523
2000 pop1 1.02008 1.00008
2000 pop2 0.999142 0.979551
2100 pop1 1.01999 0.999991
2100 pop2 0.999401 0.979805
2200 pop1 1.0201 1.0001
2200 pop2 0.999609 0.980009
2300 pop1 1.0201 1.0001
2300 pop2 0.999916 0.98031
2400 pop1 1.0201 1.0001
2400 pop2 0.999984 0.980376
2500 pop1 1.0201 1.0001
2500 pop2 1.0 0.980392
2600 pop1 1.0201 1.0001
2600 pop2 1.0 0.980392
2700 pop1 1.0201 1.0001
2700 pop2 1.0 0.980392
2800 pop1 1.0201 1.0001
2800 pop2 1.0 0.980392
2900 pop1 1.0201 1.0001
2900 pop2 1.0 0.980392
3000 pop1 1.0201 1.0001
3000 pop2 1.0 0.980392
3100 pop1 1.0201 1.0001
3100 pop2 1.0 0.980392
3200 pop1 1.0201 1.0001
3200 pop2 1.0 0.980392
3300 pop1 1.0201 1.0001
3300 pop2 1.0 0.980392
3400 pop1 1.0201 1.0001
3400 pop2 1.0 0.980392
3500 pop1 1.0201 1.0001
3500 pop2 1.0 0.980392
3600 pop1 1.0201 1.0001
3600 pop2 1.0 0.980392
3700 pop1 1.0201 1.0001
3700 pop2 1.0 0.980392
3800 pop1 1.0201 1.0001
3800 pop2 1.0 0.980392
3900 pop1 1.0201 1.0001
3900 pop2 1.0 0.980392
4000 pop1 1.0201 1.0001
4000 pop2 1.0 0.980392
4100 pop1 1.0201 1.0001
4100 pop2 1.0 0.980392
4200 pop1 1.0201 1.0001
4200 pop2 1.0 0.980392
4300 pop1 1.0201 1.0001
4300 pop2 1.0 0.980392
4400 pop1 1.0201 1.0001
4400 pop2 1.0 0.980392
4500 pop1 1.0201 1.0001
4500 pop2 1.0 0.980392
4600 pop1 1.0201 1.0001
4600 pop2 1.0 0.980392
4700 pop1 1.0201 1.0001
4700 pop2 1.0 0.980392
4800 pop1 1.0201 1.0001
4800 pop2 1.0 0.980392
4900 pop1 1.0201 1.0001
4900 pop2 1.0 0.980392
5000 pop1 1.0201 1.0001
5000 pop2 1.0 0.980392
