1 pop1 1.0 0.980392
1 pop2 1.0 0.980392
100 pop1 1.00043 0.980814
100 pop2 1.00272 0.983057
200 pop1 0.998327 0.978752
200 pop2 1.0058 0.98608
300 pop1 0.999521 0.979922
300 pop2 1.00261 0.982946
400 pop1 0.998602 0.979022
400 pop2 1.0056 0.985878
500 pop1 1.00005 0.980443
500 pop2 1.00496 0.985255
600 pop1 1.00228 0.982632
600 pop2 1.00148 0.981846
700 pop1 1.00342 0.983747
700 pop2 0.999964 0.980356
800 pop1 1.00569 0.985972
800 pop2 0.997418 0.977861
900 pop1 1.00276 0.983094
900 pop2 1.00059 0.980968
1000 pop1 0.998419 0.978842
1000 pop2 1.00425 0.984555
1100 pop1 1.00683 0.98709
1100 pop2 0.997007 0.977458
1200 pop1 1.01281 0.992956
1200 pop2 0.997619 0.978057
1300 pop1 1.01681 0.996873
1300 pop2 0.998532 0.978953
1400 pop1 1.01772 0.997763
1400 pop2 0.998815 0.97923
1500 pop1 1.01942 0.99943
1500 pop2 0.998871 0.979285
1600 pop1 1.01954 0.999547
1600 pop2 0.999398 0.979802
1700 pop1 1.01957 0.999577
1700 pop2 0.999441 0.979844
1800 pop1 1.0201 1.0001
1800 pop2 0.999673 0.980071
1900 pop1 1.0201 1.0001
1900 pop2 0.999992 0.980384
2000 pop1 1.0201 1.0001
2000 pop2 1.0 0.980392
2100 pop1 1.0201 1.0001
2100 pop2 1.0 0.980392
2200 pop1 1.0201 1.0001
2200 pop2 1.0 0.980392
2300 pop1 1.0201 1.0001
2300 pop2 1.0 0.980392
2400 pop1 1.0201 1.0001
2400 pop2 1.0 0.980392
2500 pop1 1.0201 1.0001
2500 pop2 1.0 0.980392
2600 pop1 1.0201 1.0001
2600 pop2 1.0 0.980392
2700 pop1 1.0201 1.0001
2700 pop2 1.0 0.980392
2800 pop1 1.0201 1.0001
2800 pop2 1.0 0.980392
2900 pop1 1.0201 1.0001
2900 pop2 1.0 0.980392
3000 pop1 1.0201 1.0001
3000 pop2 1.0 0.980392
3100 pop1 1.0201 1.0001
3100 pop2 1.0 0.980392
3200 pop1 1.0201 1.0001
3200 pop2 1.0 0.980392
3300 pop1 1.0201 1.0001
3300 pop2 1.0 0.980392
3400 pop1 1.0201 1.0001
3400 pop2 1.0 0.980392
3500 pop1 1.0201 1.0001
3500 pop2 1.0 0.980392
3600 pop1 1.0201 1.0001
3600 pop2 1.0 0.980392
3700 pop1 1.0201 1.0001
3700 pop2 1.0 0.980392
3800 pop1 1.0201 1.0001
3800 pop2 1.0 0.980392
3900 pop1 1.0201 1.0001
3900 pop2 1.0 0.980392
4000 pop1 1.0201 1.0001
4000 pop2 1.0 0.980392
4100 pop1 1.0201 1.0001
4100 pop2 1.0 0.980392
4200 pop1 1.0201 1.0001
4200 pop2 1.0 0.980392
4300 pop1 1.0201 1.0001
4300 pop2 1.0 0.980392
4400 pop1 1.0201 1.0001
4400 pop2 1.0 0.980392
4500 pop1 1.0201 1.0001
4500 pop2 1.0 0.980392
4600 pop1 1.0201 1.0001
4600 pop2 1.0 0.980392
4700 pop1 1.0201 1.0001
4700 pop2 1.0 0.980392
4800 pop1 1.0201 1.0001
4800 pop2 1.0 0.980392
4900 pop1 1.0201 1.0001
4900 pop2 1.0 0.980392
5000 pop1 1.0201 1.0001
5000 pop2 1.0 0.980392
