1 pop1 1.0 0.980392
1 pop2 1.0 0.980392
100 pop1 0.999107 0.979516
100 pop2 1.00237 0.982713
200 pop1 0.998909 0.979322
200 pop2 1.00317 0.983497
300 pop1 0.999479 0.979882
300 pop2 1.00263 0.982966
400 pop1 1.00005 0.980444
400 pop2 1.00071 0.981089
500 pop1 1.0016 0.981957
500 pop2 0.999908 0.980302
600 pop1 1.00053 0.980913
600 pop2 1.00213 0.982485
700 pop1 1.00146 0.981821
700 pop2 0.999702 0.9801
800 pop1 1.00246 0.982806
800 pop2 0.998341 0.978765
900 pop1 1.00302 0.983353
900 pop2 0.997767 0.978203
1000 pop1 1.00245 0.98279
1000 pop2 0.999652 0.980051
1100 pop1 1.00949 0.989694
1100 pop2 0.994924 0.975416
1200 pop1 1.01462 0.994724
1200 pop2 0.993662 0.974178
1300 pop1 1.01486 0.99496
1300 pop2 0.993557 0.974075
1400 pop1 1.0188 0.998819
1400 pop2 0.993295 0.973819
1500 pop1 1.01854 0.99857
1500 pop2 0.994831 0.975325
1600 pop1 1.01936 0.999374
1600 pop2 0.995523 0.976003
1700 pop1 1.01919 0.999206
1700 pop2 0.996982 0.977433
1800 pop1 1.01951 0.999519
1800 pop2 0.99779 0.978226
1900 pop1 1.01919 0.99921
1900 pop2 0.997742 0.978179
2000 pop1 1.0201 1.0001
2000 pop2 0.998225 0.978651
2100 pop1 1.0201 1.0001
2100 pop2 0.998392 0.978816
2200 pop1 1.0201 1.0001
2200 pop2 0.999086 0.979496
2300 pop1 1.0201 1.0001
2300 pop2 0.999234 0.979641
2400 pop1 1.0201 1.0001
2400 pop2 0.999713 0.98011
2500 pop1 1.0201 1.0001
2500 pop2 0.999852 0.980247
2600 pop1 1.0201 1.0001
2600 pop2 0.999992 0.980384
2700 pop1 1.0201 1.0001
2700 pop2 1.0 0.980392
2800 pop1 1.0201 1.0001
2800 pop2 1.0 0.980392
2900 pop1 1.0201 1.0001
2900 pop2 1.0 0.980392
3000 pop1 1.0201 1.0001
3000 pop2 1.0 0.980392
3100 pop1 1.0201 1.0001
3100 pop2 1.0 0.980392
3200 pop1 1.0201 1.0001
3200 pop2 1.0 0.980392
3300 pop1 1.0201 1.0001
3300 pop2 1.0 0.980392
3400 pop1 1.0201 1.0001
3400 pop2 1.0 0.980392
3500 pop1 1.0201 1.0001
3500 pop2 1.0 0.980392
3600 pop1 1.0201 1.0001
3600 pop2 1.0 0.980392
3700 pop1 1.0201 1.0001
3700 pop2 1.0 0.980392
3800 pop1 1.0201 1.0001
3800 pop2 1.0 0.980392
3900 pop1 1.0201 1.0001
3900 pop2 1.0 0.980392
4000 pop1 1.0201 1.0001
4000 pop2 1.0 0.980392
4100 pop1 1.0201 1.0001
4100 pop2 1.0 0.980392
4200 pop1 1.0201 1.0001
4200 pop2 1.0 0.980392
4300 pop1 1.0201 1.0001
4300 pop2 1.0 0.980392
4400 pop1 1.0201 1.0001
4400 pop2 1.0 0.980392
4500 pop1 1.0201 1.0001
4500 pop2 1.0 0.980392
4600 pop1 1.0201 1.0001
4600 pop2 1.0 0.980392
4700 pop1 1.0201 1.0001
4700 pop2 1.0 0.980392
4800 pop1 1.0201 1.0001
4800 pop2 1.0 0.980392
4900 pop1 1.0201 1.0001
4900 pop2 1.0 0.980392
5000 pop1 1.0201 1.0001
5000 pop2 1.0 0.980392
