1 pop1 1.0 0.833333
1 pop2 1.0 0.833333
100 pop1 1.07195 0.893288
100 pop2 1.06583 0.888194
200 pop1 1.0695 0.891254
200 pop2 1.06436 0.88697
300 pop1 1.06146 0.884547
300 pop2 1.07981 0.899844
400 pop1 1.08326 0.902717
400 pop2 1.06351 0.886261
500 pop1 1.07234 0.893619
500 pop2 1.07219 0.893495
600 pop1 1.06214 0.885115
600 pop2 1.07419 0.895157
700 pop1 1.06351 0.886256
700 pop2 1.07218 0.893484
800 pop1 1.06694 0.88912
800 pop2 1.08093 0.900779
900 pop1 1.05857 0.882139
900 pop2 1.07139 0.892821
1000 pop1 1.06931 0.891088
1000 pop2 1.06574 0.888118
1100 pop1 1.10395 0.919958
1100 pop2 1.13389 0.94491
1200 pop1 1.11053 0.925441
1200 pop2 1.13251 0.943762
1300 pop1 1.11836 0.931971
1300 pop2 1.12332 0.936099
1400 pop1 1.1247 0.937253
1400 pop2 1.11315 0.927624
1500 pop1 1.1235 0.936254
1500 pop2 1.12535 0.937792
1600 pop1 1.12816 0.940133
1600 pop2 1.11707 0.93089
1700 pop1 1.13378 0.944814
1700 pop2 1.11364 0.928032
1800 pop1 1.13639 0.946995
1800 pop2 1.10951 0.924592
1900 pop1 1.1265 0.938753
1900 pop2 1.12396 0.936632
2000 pop1 1.12845 0.940373
2000 pop2 1.11566 0.929713
2100 pop1 1.12577 0.938141
2100 pop2 1.12442 0.937017
2200 pop1 1.12472 0.93727
2200 pop2 1.11677 0.93064
2300 pop1 1.1258 0.938166
2300 pop2 1.11833 0.931942
2400 pop1 1.12321 0.93601
2400 pop2 1.12457 0.937141
2500 pop1 1.11685 0.930707
2500 pop2 1.12176 0.934803
2600 pop1 1.12459 0.937155
2600 pop2 1.11597 0.929977
2700 pop1 1.12321 0.936012
2700 pop2 1.12369 0.936407
2800 pop1 1.1266 0.938831
2800 pop2 1.12118 0.934319
2900 pop1 1.12119 0.934327
2900 pop2 1.12693 0.939105
3000 pop1 1.13002 0.941685
3000 pop2 1.12084 0.934033
3100 pop1 1.12689 0.939078
3100 pop2 1.11874 0.932287
3200 pop1 1.11883 0.93236
3200 pop2 1.12811 0.940088
3300 pop1 1.12369 0.936405
3300 pop2 1.11997 0.933309
3400 pop1 1.12436 0.936964
3400 pop2 1.1242 0.936835
3500 pop1 1.12428 0.936898
3500 pop2 1.12006 0.933385
3600 pop1 1.12765 0.939709
3600 pop2 1.1136 0.928001
3700 pop1 1.12827 0.940222
3700 pop2 1.11367 0.928056
3800 pop1 1.1254 0.937834
3800 pop2 1.12262 0.93552
3900 pop1 1.1249 0.937415
3900 pop2 1.11799 0.931661
4000 pop1 1.1234 0.936167
4000 pop2 1.12161 0.934677
4100 pop1 1.1195 0.932915
4100 pop2 1.12195 0.934956
4200 pop1 1.11925 0.932709
4200 pop2 1.1225 0.935415
4300 pop1 1.13047 0.942057
4300 pop2 1.11615 0.930128
4400 pop1 1.12966 0.941382
4400 pop2 1.11604 0.93003
4500 pop1 1.12939 0.94116
4500 pop2 1.11906 0.932548
4600 pop1 1.12259 0.935492
4600 pop2 1.11878 0.932313
4700 pop1 1.12314 0.935946
4700 pop2 1.11797 0.931639
4800 pop1 1.11839 0.931991
4800 pop2 1.12577 0.938146
4900 pop1 1.1228 0.935667
4900 pop2 1.1214 0.934498
5000 pop1 1.12512 0.937603
5000 pop2 1.12037 0.933644
