1 pop1 1.0 0.980392
1 pop2 1.0 0.980392
100 pop1 1.00814 0.988372
100 pop2 1.00568 0.98596
200 pop1 1.00997 0.990163
200 pop2 1.00808 0.988314
300 pop1 1.00705 0.9873
300 pop2 1.00809 0.988327
400 pop1 1.00688 0.987135
400 pop2 1.00839 0.988616
500 pop1 1.00724 0.987486
500 pop2 1.00977 0.989971
600 pop1 1.00668 0.986937
600 pop2 1.01165 0.991812
700 pop1 1.00645 0.986715
700 pop2 1.00826 0.988494
800 pop1 1.00882 0.989041
800 pop2 1.01087 0.991048
900 pop1 1.00997 0.990166
900 pop2 1.00881 0.989032
1000 pop1 1.01026 0.990455
1000 pop2 1.00656 0.98682
1100 pop1 1.01511 0.995205
1100 pop2 0.99927 0.979677
1200 pop1 1.01579 0.995868
1200 pop2 0.999334 0.979739
1300 pop1 1.01709 0.997146
1300 pop2 0.999785 0.980181
1400 pop1 1.01979 0.999799
1400 pop2 0.999793 0.980189
1500 pop1 1.02003 1.00003
1500 pop2 0.99998 0.980373
1600 pop1 1.01947 0.999482
1600 pop2 0.999808 0.980204
1700 pop1 1.02008 1.00007
1700 pop2 1.0 0.980392
1800 pop1 1.0201 1.0001
1800 pop2 1.0 0.980392
1900 pop1 1.0201 1.0001
1900 pop2 1.0 0.980392
2000 pop1 1.0201 1.0001
2000 pop2 1.0 0.980392
2100 pop1 1.0201 1.0001
2100 pop2 1.0 0.980392
2200 pop1 1.0201 1.0001
2200 pop2 1.0 0.980392
2300 pop1 1.0201 1.0001
2300 pop2 1.0 0.980392
2400 pop1 1.0201 1.0001
2400 pop2 1.0 0.980392
2500 pop1 1.0201 1.0001
2500 pop2 1.0 0.980392
2600 pop1 1.0201 1.0001
2600 pop2 1.0 0.980392
2700 pop1 1.0201 1.0001
2700 pop2 1.0 0.980392
2800 pop1 1.0201 1.0001
2800 pop2 1.0 0.980392
2900 pop1 1.0201 1.0001
2900 pop2 1.0 0.980392
3000 pop1 1.0201 1.0001
3000 pop2 1.0 0.980392
3100 pop1 1.0201 1.0001
3100 pop2 1.0 0.980392
3200 pop1 1.0201 1.0001
3200 pop2 1.0 0.980392
3300 pop1 1.0201 1.0001
3300 pop2 1.0 0.980392
3400 pop1 1.0201 1.0001
3400 pop2 1.0 0.980392
3500 pop1 1.0201 1.0001
3500 pop2 1.0 0.980392
3600 pop1 1.0201 1.0001
3600 pop2 1.0 0.980392
3700 pop1 1.0201 1.0001
3700 pop2 1.0 0.980392
3800 pop1 1.0201 1.0001
3800 pop2 1.0 0.980392
3900 pop1 1.0201 1.0001
3900 pop2 1.0 0.980392
4000 pop1 1.0201 1.0001
4000 pop2 1.0 0.980392
4100 pop1 1.0201 1.0001
4100 pop2 1.0 0.980392
4200 pop1 1.0201 1.0001
4200 pop2 1.0 0.980392
4300 pop1 1.0201 1.0001
4300 pop2 1.0 0.980392
4400 pop1 1.0201 1.0001
4400 pop2 1.0 0.980392
4500 pop1 1.0201 1.0001
4500 pop2 1.0 0.980392
4600 pop1 1.0201 1.0001
4600 pop2 1.0 0.980392
4700 pop1 1.0201 1.0001
4700 pop2 1.0 0.980392
4800 pop1 1.0201 1.0001
4800 pop2 1.0 0.980392
4900 pop1 1.0201 1.0001
4900 pop2 1.0 0.980392
5000 pop1 1.0201 1.0001
5000 pop2 1.0 0.980392
