1 pop1 1.0 0.980392
1 pop2 1.0 0.980392
100 pop1 0.999428 0.979831
100 pop2 1.00229 0.982641
200 pop1 0.9986 0.979019
200 pop2 1.00347 0.983799
300 pop1 0.99759 0.97803
300 pop2 1.00402 0.984329
400 pop1 0.998568 0.978989
400 pop2 1.00313 0.983458
500 pop1 0.996107 0.976576
500 pop2 1.00403 0.984345
600 pop1 0.999724 0.980121
600 pop2 1.00218 0.982532
700 pop1 0.9993 0.979706
700 pop2 1.00236 0.982708
800 pop1 1.0003 0.98069
800 pop2 1.00137 0.981732
900 pop1 0.997807 0.978242
900 pop2 1.00394 0.984256
1000 pop1 0.999035 0.979446
1000 pop2 1.00245 0.982798
1100 pop1 1.00922 0.98943
1100 pop2 0.996625 0.977084
1200 pop1 1.01323 0.99336
1200 pop2 0.996381 0.976844
1300 pop1 1.01672 0.996784
1300 pop2 0.996102 0.97657
1400 pop1 1.01888 0.998907
1400 pop2 0.99623 0.976696
1500 pop1 1.02011 1.00011
1500 pop2 0.997348 0.977792
1600 pop1 1.02011 1.0001
1600 pop2 0.997296 0.977742
1700 pop1 1.02011 1.0001
1700 pop2 0.997671 0.978109
1800 pop1 1.02011 1.0001
1800 pop2 0.997795 0.97823
1900 pop1 1.02011 1.0001
1900 pop2 0.997587 0.978026
2000 pop1 1.0201 1.0001
2000 pop2 0.999086 0.979496
2100 pop1 1.0201 1.0001
2100 pop2 0.99939 0.979794
2200 pop1 1.0201 1.0001
2200 pop2 0.999665 0.980064
2300 pop1 1.0201 1.0001
2300 pop2 0.999904 0.980298
2400 pop1 1.0201 1.0001
2400 pop2 1.0 0.980392
2500 pop1 1.0201 1.0001
2500 pop2 1.0 0.980392
2600 pop1 1.0201 1.0001
2600 pop2 1.0 0.980392
2700 pop1 1.0201 1.0001
2700 pop2 1.0 0.980392
2800 pop1 1.0201 1.0001
2800 pop2 1.0 0.980392
2900 pop1 1.0201 1.0001
2900 pop2 1.0 0.980392
3000 pop1 1.0201 1.0001
3000 pop2 1.0 0.980392
3100 pop1 1.0201 1.0001
3100 pop2 1.0 0.980392
3200 pop1 1.0201 1.0001
3200 pop2 1.0 0.980392
3300 pop1 1.0201 1.0001
3300 pop2 1.0 0.980392
3400 pop1 1.0201 1.0001
3400 pop2 1.0 0.980392
3500 pop1 1.0201 1.0001
3500 pop2 1.0 0.980392
3600 pop1 1.0201 1.0001
3600 pop2 1.0 0.980392
3700 pop1 1.0201 1.0001
3700 pop2 1.0 0.980392
3800 pop1 1.0201 1.0001
3800 pop2 1.0 0.980392
3900 pop1 1.0201 1.0001
3900 pop2 1.0 0.980392
4000 pop1 1.0201 1.0001
4000 pop2 1.0 0.980392
4100 pop1 1.0201 1.0001
4100 pop2 1.0 0.980392
4200 pop1 1.0201 1.0001
4200 pop2 1.0 0.980392
4300 pop1 1.0201 1.0001
4300 pop2 1.0 0.980392
4400 pop1 1.0201 1.0001
4400 pop2 1.0 0.980392
4500 pop1 1.0201 1.0001
4500 pop2 1.0 0.980392
4600 pop1 1.0201 1.0001
4600 pop2 1.0 0.980392
4700 pop1 1.0201 1.0001
4700 pop2 1.0 0.980392
4800 pop1 1.0201 1.0001
4800 pop2 1.0 0.980392
4900 pop1 1.0201 1.0001
4900 pop2 1.0 0.980392
5000 pop1 1.0201 1.0001
5000 pop2 1.0 0.980392
