1 pop1 1.0 0.980392
1 pop2 1.0 0.980392
100 pop1 1.00275 0.98309
100 pop2 0.999788 0.980184
200 pop1 1.00335 0.983678
200 pop2 0.999667 0.980066
300 pop1 1.0019 0.98225
300 pop2 1.00051 0.980888
400 pop1 1.00514 0.985431
400 pop2 0.999372 0.979777
500 pop1 1.00483 0.985123
500 pop2 0.999805 0.980201
600 pop1 1.00074 0.981122
600 pop2 1.00198 0.982333
700 pop1 1.00008 0.98047
700 pop2 1.00324 0.983567
800 pop1 1.00137 0.981737
800 pop2 1.00271 0.983048
900 pop1 1.00435 0.984652
900 pop2 0.99958 0.97998
1000 pop1 1.00381 0.984129
1000 pop2 0.999826 0.980222
1100 pop1 1.00755 0.987797
1100 pop2 0.995616 0.976094
1200 pop1 1.01479 0.994892
1200 pop2 0.99496 0.975451
1300 pop1 1.01711 0.997171
1300 pop2 0.995623 0.976101
1400 pop1 1.01776 0.997809
1400 pop2 0.996741 0.977197
1500 pop1 1.01916 0.999173
1500 pop2 0.997363 0.977807
1600 pop1 1.01991 0.999913
1600 pop2 0.998105 0.978534
1700 pop1 1.0201 1.0001
1700 pop2 0.998508 0.978929
1800 pop1 1.0201 1.0001
1800 pop2 0.998903 0.979316
1900 pop1 1.0201 1.0001
1900 pop2 0.999477 0.97988
2000 pop1 1.0201 1.0001
2000 pop2 0.99913 0.979539
2100 pop1 1.0201 1.0001
2100 pop2 0.998991 0.979402
2200 pop1 1.0201 1.0001
2200 pop2 0.999326 0.979731
2300 pop1 1.0201 1.0001
2300 pop2 0.99988 0.980275
2400 pop1 1.0201 1.0001
2400 pop2 1.0 0.980392
2500 pop1 1.0201 1.0001
2500 pop2 1.0 0.980392
2600 pop1 1.0201 1.0001
2600 pop2 1.0 0.980392
2700 pop1 1.0201 1.0001
2700 pop2 1.0 0.980392
2800 pop1 1.0201 1.0001
2800 pop2 1.0 0.980392
2900 pop1 1.0201 1.0001
2900 pop2 1.0 0.980392
3000 pop1 1.0201 1.0001
3000 pop2 1.0 0.980392
3100 pop1 1.0201 1.0001
3100 pop2 1.0 0.980392
3200 pop1 1.0201 1.0001
3200 pop2 1.0 0.980392
3300 pop1 1.0201 1.0001
3300 pop2 1.0 0.980392
3400 pop1 1.0201 1.0001
3400 pop2 1.0 0.980392
3500 pop1 1.0201 1.0001
3500 pop2 1.0 0.980392
3600 pop1 1.0201 1.0001
3600 pop2 1.0 0.980392
3700 pop1 1.0201 1.0001
3700 pop2 1.0 0.980392
3800 pop1 1.0201 1.0001
3800 pop2 1.0 0.980392
3900 pop1 1.0201 1.0001
3900 pop2 1.0 0.980392
4000 pop1 1.0201 1.0001
4000 pop2 1.0 0.980392
4100 pop1 1.0201 1.0001
4100 pop2 1.0 0.980392
4200 pop1 1.0201 1.0001
4200 pop2 1.0 0.980392
4300 pop1 1.0201 1.0001
4300 pop2 1.0 0.980392
4400 pop1 1.0201 1.0001
4400 pop2 1.0 0.980392
4500 pop1 1.0201 1.0001
4500 pop2 1.0 0.980392
4600 pop1 1.0201 1.0001
4600 pop2 1.0 0.980392
4700 pop1 1.0201 1.0001
4700 pop2 1.0 0.980392
4800 pop1 1.0201 1.0001
4800 pop2 1.0 0.980392
4900 pop1 1.0201 1.0001
4900 pop2 1.0 0.980392
5000 pop1 1.0201 1.0001
5000 pop2 1.0 0.980392
