1 pop1 1.0 0.980392
1 pop2 1.0 0.980392
100 pop1 0.999605 0.980005
100 pop2 1.00179 0.982146
200 pop1 1.00122 0.981584
200 pop2 0.999507 0.979909
300 pop1 1.00053 0.980913
300 pop2 1.00119 0.981557
400 pop1 1.00011 0.9805
400 pop2 1.00126 0.981631
500 pop1 1.00037 0.980751
500 pop2 1.00098 0.981352
600 pop1 0.998012 0.978443
600 pop2 1.00318 0.983515
700 pop1 0.996465 0.976926
700 pop2 1.00579 0.986068
800 pop1 0.996191 0.976658
800 pop2 1.00582 0.986101
900 pop1 0.99897 0.979383
900 pop2 1.00393 0.984241
1000 pop1 0.998269 0.978695
1000 pop2 1.00341 0.983737
1100 pop1 1.00875 0.988974
1100 pop2 0.995647 0.976124
1200 pop1 1.01345 0.993578
1200 pop2 0.99477 0.975264
1300 pop1 1.01709 0.997151
1300 pop2 0.994135 0.974642
1400 pop1 1.01841 0.998446
1400 pop2 0.994366 0.974868
1500 pop1 1.01953 0.99954
1500 pop2 0.995555 0.976034
1600 pop1 1.01949 0.999496
1600 pop2 0.997308 0.977753
1700 pop1 1.01945 0.999456
1700 pop2 0.997459 0.977901
1800 pop1 1.0201 1.0001
1800 pop2 0.998141 0.97857
1900 pop1 1.0201 1.0001
1900 pop2 0.998711 0.979129
2000 pop1 1.0201 1.0001
2000 pop2 0.999342 0.979747
2100 pop1 1.0201 1.0001
2100 pop2 0.999796 0.980193
2200 pop1 1.0201 1.0001
2200 pop2 0.999996 0.980388
2300 pop1 1.0201 1.0001
2300 pop2 1.0 0.980392
2400 pop1 1.0201 1.0001
2400 pop2 1.0 0.980392
2500 pop1 1.0201 1.0001
2500 pop2 1.0 0.980392
2600 pop1 1.0201 1.0001
2600 pop2 1.0 0.980392
2700 pop1 1.0201 1.0001
2700 pop2 1.0 0.980392
2800 pop1 1.0201 1.0001
2800 pop2 1.0 0.980392
2900 pop1 1.0201 1.0001
2900 pop2 1.0 0.980392
3000 pop1 1.0201 1.0001
3000 pop2 1.0 0.980392
3100 pop1 1.0201 1.0001
3100 pop2 1.0 0.980392
3200 pop1 1.0201 1.0001
3200 pop2 1.0 0.980392
3300 pop1 1.0201 1.0001
3300 pop2 1.0 0.980392
3400 pop1 1.0201 1.0001
3400 pop2 1.0 0.980392
3500 pop1 1.0201 1.0001
3500 pop2 1.0 0.980392
3600 pop1 1.0201 1.0001
3600 pop2 1.0 0.980392
3700 pop1 1.0201 1.0001
3700 pop2 1.0 0.980392
3800 pop1 1.0201 1.0001
3800 pop2 1.0 0.980392
3900 pop1 1.0201 1.0001
3900 pop2 1.0 0.980392
4000 pop1 1.0201 1.0001
4000 pop2 1.0 0.980392
4100 pop1 1.0201 1.0001
4100 pop2 1.0 0.980392
4200 pop1 1.0201 1.0001
4200 pop2 1.0 0.980392
4300 pop1 1.0201 1.0001
4300 pop2 1.0 0.980392
4400 pop1 1.0201 1.0001
4400 pop2 1.0 0.980392
4500 pop1 1.0201 1.0001
4500 pop2 1.0 0.980392
4600 pop1 1.0201 1.0001
4600 pop2 1.0 0.980392
4700 pop1 1.0201 1.0001
4700 pop2 1.0 0.980392
4800 pop1 1.0201 1.0001
4800 pop2 1.0 0.980392
4900 pop1 1.0201 1.0001
4900 pop2 1.0 0.980392
5000 pop1 1.0201 1.0001
5000 pop2 1.0 0.980392
