1 pop1 1.0 0.909091
1 pop2 1.0 0.909091
100 pop1 1.08445 0.985863
100 pop2 1.08811 0.989192
200 pop1 1.0845 0.985911
200 pop2 1.08633 0.987576
300 pop1 1.08081 0.982556
300 pop2 1.0817 0.98336
400 pop1 1.08117 0.982883
400 pop2 1.08477 0.986151
500 pop1 1.08291 0.984464
500 pop2 1.08531 0.986644
600 pop1 1.08388 0.985342
600 pop2 1.08665 0.987863
700 pop1 1.08228 0.983894
700 pop2 1.08448 0.985893
800 pop1 1.08228 0.983888
800 pop2 1.08477 0.986156
900 pop1 1.08688 0.988069
900 pop2 1.08668 0.987894
1000 pop1 1.08293 0.98448
1000 pop2 1.08264 0.984216
1100 pop1 1.09312 0.993743
1100 pop2 0.991348 0.901225
1200 pop1 1.09228 0.992985
1200 pop2 0.992688 0.902444
1300 pop1 1.09628 0.996618
1300 pop2 0.991266 0.901151
1400 pop1 1.09655 0.996865
1400 pop2 0.990031 0.900028
1500 pop1 1.09523 0.995664
1500 pop2 0.989236 0.899306
1600 pop1 1.09468 0.995163
1600 pop2 0.991804 0.90164
1700 pop1 1.09773 0.997938
1700 pop2 0.991567 0.901424
1800 pop1 1.09498 0.995437
1800 pop2 0.994964 0.904512
1900 pop1 1.09877 0.998885
1900 pop2 0.996445 0.905859
2000 pop1 1.09936 0.999416
2000 pop2 0.996504 0.905913
2100 pop1 1.10161 1.00146
2100 pop2 0.999249 0.908409
2200 pop1 1.10159 1.00144
2200 pop2 0.999901 0.909001
2300 pop1 1.10167 1.00152
2300 pop2 1.0 0.909091
2400 pop1 1.10242 1.0022
2400 pop2 1.0 0.909091
2500 pop1 1.1025 1.00227
2500 pop2 1.0 0.909091
2600 pop1 1.1025 1.00227
2600 pop2 1.0 0.909091
2700 pop1 1.1025 1.00227
2700 pop2 1.0 0.909091
2800 pop1 1.1025 1.00227
2800 pop2 1.0 0.909091
2900 pop1 1.1025 1.00227
2900 pop2 1.0 0.909091
3000 pop1 1.1025 1.00227
3000 pop2 1.0 0.909091
3100 pop1 1.1025 1.00227
3100 pop2 1.0 0.909091
3200 pop1 1.1025 1.00227
3200 pop2 1.0 0.909091
3300 pop1 1.1025 1.00227
3300 pop2 1.0 0.909091
3400 pop1 1.1025 1.00227
3400 pop2 1.0 0.909091
3500 pop1 1.1025 1.00227
3500 pop2 1.0 0.909091
3600 pop1 1.1025 1.00227
3600 pop2 1.0 0.909091
3700 pop1 1.1025 1.00227
3700 pop2 1.0 0.909091
3800 pop1 1.1025 1.00227
3800 pop2 1.0 0.909091
3900 pop1 1.1025 1.00227
3900 pop2 1.0 0.909091
4000 pop1 1.1025 1.00227
4000 pop2 1.0 0.909091
4100 pop1 1.1025 1.00227
4100 pop2 1.0 0.909091
4200 pop1 1.1025 1.00227
4200 pop2 1.0 0.909091
4300 pop1 1.1025 1.00227
4300 pop2 1.0 0.909091
4400 pop1 1.1025 1.00227
4400 pop2 1.0 0.909091
4500 pop1 1.1025 1.00227
4500 pop2 1.0 0.909091
4600 pop1 1.1025 1.00227
4600 pop2 1.0 0.909091
4700 pop1 1.1025 1.00227
4700 pop2 1.0 0.909091
4800 pop1 1.1025 1.00227
4800 pop2 1.0 0.909091
4900 pop1 1.1025 1.00227
4900 pop2 1.0 0.909091
5000 pop1 1.1025 1.00227
5000 pop2 1.0 0.909091
