1 pop1 1.0 0.980392
1 pop2 1.0 0.980392
100 pop1 1.00546 0.985742
100 pop2 1.00861 0.988837
200 pop1 1.00614 0.98641
200 pop2 1.01058 0.990766
300 pop1 1.00402 0.984328
300 pop2 1.01255 0.992698
400 pop1 1.00471 0.985013
400 pop2 1.01078 0.990957
500 pop1 1.00544 0.985728
500 pop2 1.01223 0.992383
600 pop1 1.00706 0.987312
600 pop2 1.0091 0.989311
700 pop1 1.00578 0.986056
700 pop2 1.01014 0.99033
800 pop1 1.00788 0.988117
800 pop2 1.00674 0.987002
900 pop1 1.00682 0.98708
900 pop2 1.01019 0.990382
1000 pop1 1.00817 0.9884
1000 pop2 1.00937 0.989583
1100 pop1 1.01481 0.994914
1100 pop2 0.99583 0.976304
1200 pop1 1.01588 0.995961
1200 pop2 0.995285 0.975769
1300 pop1 1.01839 0.998417
1300 pop2 0.995446 0.975927
1400 pop1 1.01891 0.998932
1400 pop2 0.997209 0.977656
1500 pop1 1.01929 0.999307
1500 pop2 0.997512 0.977953
1600 pop1 1.02002 1.00002
1600 pop2 0.997078 0.977527
1700 pop1 1.02005 1.00005
1700 pop2 0.997619 0.978058
1800 pop1 1.02011 1.0001
1800 pop2 0.998573 0.978993
1900 pop1 1.02011 1.0001
1900 pop2 0.999182 0.97959
2000 pop1 1.0201 1.0001
2000 pop2 0.99937 0.979774
2100 pop1 1.0201 1.0001
2100 pop2 0.999334 0.979739
2200 pop1 1.0201 1.0001
2200 pop2 0.999561 0.979962
2300 pop1 1.0201 1.0001
2300 pop2 0.999944 0.980337
2400 pop1 1.0201 1.0001
2400 pop2 1.0 0.980392
2500 pop1 1.0201 1.0001
2500 pop2 1.0 0.980392
2600 pop1 1.0201 1.0001
2600 pop2 1.0 0.980392
2700 pop1 1.0201 1.0001
2700 pop2 1.0 0.980392
2800 pop1 1.0201 1.0001
2800 pop2 1.0 0.980392
2900 pop1 1.0201 1.0001
2900 pop2 1.0 0.980392
3000 pop1 1.0201 1.0001
3000 pop2 1.0 0.980392
3100 pop1 1.0201 1.0001
3100 pop2 1.0 0.980392
3200 pop1 1.0201 1.0001
3200 pop2 1.0 0.980392
3300 pop1 1.0201 1.0001
3300 pop2 1.0 0.980392
3400 pop1 1.0201 1.0001
3400 pop2 1.0 0.980392
3500 pop1 1.0201 1.0001
3500 pop2 1.0 0.980392
3600 pop1 1.0201 1.0001
3600 pop2 1.0 0.980392
3700 pop1 1.0201 1.0001
3700 pop2 1.0 0.980392
3800 pop1 1.0201 1.0001
3800 pop2 1.0 0.980392
3900 pop1 1.0201 1.0001
3900 pop2 1.0 0.980392
4000 pop1 1.0201 1.0001
4000 pop2 1.0 0.980392
4100 pop1 1.0201 1.0001
4100 pop2 1.0 0.980392
4200 pop1 1.0201 1.0001
4200 pop2 1.0 0.980392
4300 pop1 1.0201 1.0001
4300 pop2 1.0 0.980392
4400 pop1 1.0201 1.0001
4400 pop2 1.0 0.980392
4500 pop1 1.0201 1.0001
4500 pop2 1.0 0.980392
4600 pop1 1.0201 1.0001
4600 pop2 1.0 0.980392
4700 pop1 1.0201 1.0001
4700 pop2 1.0 0.980392
4800 pop1 1.0201 1.0001
4800 pop2 1.0 0.980392
4900 pop1 1.0201 1.0001
4900 pop2 1.0 0.980392
5000 pop1 1.0201 1.0001
5000 pop2 1.0 0.980392
