1 pop1 1.0 0.980392
1 pop2 1.0 0.980392
100 pop1 1.00774 0.987985
100 pop2 1.00596 0.98624
200 pop1 1.00787 0.98811
200 pop2 1.00784 0.988079
300 pop1 1.00851 0.988739
300 pop2 1.00783 0.988073
400 pop1 1.01065 0.990834
400 pop2 1.00863 0.988853
500 pop1 1.00951 0.989716
500 pop2 1.00971 0.989911
600 pop1 1.00869 0.988913
600 pop2 1.00611 0.986378
700 pop1 1.00854 0.988762
700 pop2 1.00965 0.989851
800 pop1 1.00415 0.98446
800 pop2 1.01117 0.991339
900 pop1 1.00527 0.985563
900 pop2 1.00979 0.989994
1000 pop1 1.00822 0.988448
1000 pop2 1.00841 0.988635
1100 pop1 1.0126 0.992745
1100 pop2 0.998297 0.978723
1200 pop1 1.01616 0.996231
1200 pop2 0.999613 0.980013
1300 pop1 1.01853 0.998557
1300 pop2 0.999964 0.980357
1400 pop1 1.01945 0.999458
1400 pop2 0.999996 0.980388
1500 pop1 1.01978 0.999782
1500 pop2 0.999996 0.980388
1600 pop1 1.02002 1.00002
1600 pop2 1.0 0.980392
1700 pop1 1.02 1.0
1700 pop2 1.0 0.980392
1800 pop1 1.01966 0.999663
1800 pop2 1.0 0.980392
1900 pop1 1.01905 0.999071
1900 pop2 1.0 0.980392
2000 pop1 1.0201 1.0001
2000 pop2 1.0 0.980392
2100 pop1 1.0201 1.0001
2100 pop2 1.0 0.980392
2200 pop1 1.0201 1.0001
2200 pop2 1.0 0.980392
2300 pop1 1.0201 1.0001
2300 pop2 1.0 0.980392
2400 pop1 1.0201 1.0001
2400 pop2 1.0 0.980392
2500 pop1 1.0201 1.0001
2500 pop2 1.0 0.980392
2600 pop1 1.0201 1.0001
2600 pop2 1.0 0.980392
2700 pop1 1.0201 1.0001
2700 pop2 1.0 0.980392
2800 pop1 1.0201 1.0001
2800 pop2 1.0 0.980392
2900 pop1 1.0201 1.0001
2900 pop2 1.0 0.980392
3000 pop1 1.0201 1.0001
3000 pop2 1.0 0.980392
3100 pop1 1.0201 1.0001
3100 pop2 1.0 0.980392
3200 pop1 1.0201 1.0001
3200 pop2 1.0 0.980392
3300 pop1 1.0201 1.0001
3300 pop2 1.0 0.980392
3400 pop1 1.0201 1.0001
3400 pop2 1.0 0.980392
3500 pop1 1.0201 1.0001
3500 pop2 1.0 0.980392
3600 pop1 1.0201 1.0001
3600 pop2 1.0 0.980392
3700 pop1 1.0201 1.0001
3700 pop2 1.0 0.980392
3800 pop1 1.0201 1.0001
3800 pop2 1.0 0.980392
3900 pop1 1.0201 1.0001
3900 pop2 1.0 0.980392
4000 pop1 1.0201 1.0001
4000 pop2 1.0 0.980392
4100 pop1 1.0201 1.0001
4100 pop2 1.0 0.980392
4200 pop1 1.0201 1.0001
4200 pop2 1.0 0.980392
4300 pop1 1.0201 1.0001
4300 pop2 1.0 0.980392
4400 pop1 1.0201 1.0001
4400 pop2 1.0 0.980392
4500 pop1 1.0201 1.0001
4500 pop2 1.0 0.980392
4600 pop1 1.0201 1.0001
4600 pop2 1.0 0.980392
4700 pop1 1.0201 1.0001
4700 pop2 1.0 0.980392
4800 pop1 1.0201 1.0001
4800 pop2 1.0 0.980392
4900 pop1 1.0201 1.0001
4900 pop2 1.0 0.980392
5000 pop1 1.0201 1.0001
5000 pop2 1.0 0.980392
