1 pop1 1.0 0.980392
1 pop2 1.0 0.980392
100 pop1 1.00263 0.98297
100 pop2 0.999964 0.980357
200 pop1 1.00161 0.981975
200 pop2 1.00103 0.981399
300 pop1 1.00364 0.983956
300 pop2 1.001 0.981369
400 pop1 1.00014 0.980532
400 pop2 1.00379 0.984109
500 pop1 1.0007 0.981079
500 pop2 1.00214 0.982493
600 pop1 1.00125 0.981615
600 pop2 1.00258 0.982922
700 pop1 1.00172 0.982079
700 pop2 1.00168 0.982035
800 pop1 1.00392 0.984233
800 pop2 1.00032 0.980708
900 pop1 1.0016 0.981958
900 pop2 1.0025 0.982846
1000 pop1 1.00178 0.982138
1000 pop2 1.00103 0.981405
1100 pop1 1.00734 0.987585
1100 pop2 0.995087 0.975576
1200 pop1 1.01392 0.994036
1200 pop2 0.99388 0.974393
1300 pop1 1.01616 0.996232
1300 pop2 0.993187 0.973713
1400 pop1 1.01764 0.997683
1400 pop2 0.992976 0.973506
1500 pop1 1.01858 0.998605
1500 pop2 0.993713 0.974229
1600 pop1 1.0191 0.999118
1600 pop2 0.994408 0.97491
1700 pop1 1.02009 1.00009
1700 pop2 0.99458 0.975078
1800 pop1 1.02011 1.00011
1800 pop2 0.996363 0.976827
1900 pop1 1.02011 1.00011
1900 pop2 0.996968 0.977419
2000 pop1 1.0201 1.0001
2000 pop2 0.99793 0.978362
2100 pop1 1.0201 1.0001
2100 pop2 0.998891 0.979305
2200 pop1 1.0201 1.0001
2200 pop2 0.999182 0.97959
2300 pop1 1.0201 1.0001
2300 pop2 0.999653 0.980052
2400 pop1 1.0201 1.0001
2400 pop2 0.999617 0.980017
2500 pop1 1.0201 1.0001
2500 pop2 0.999876 0.980271
2600 pop1 1.0201 1.0001
2600 pop2 0.999932 0.980326
2700 pop1 1.0201 1.0001
2700 pop2 1.0 0.980392
2800 pop1 1.0201 1.0001
2800 pop2 1.0 0.980392
2900 pop1 1.0201 1.0001
2900 pop2 1.0 0.980392
3000 pop1 1.0201 1.0001
3000 pop2 1.0 0.980392
3100 pop1 1.0201 1.0001
3100 pop2 1.0 0.980392
3200 pop1 1.0201 1.0001
3200 pop2 1.0 0.980392
3300 pop1 1.0201 1.0001
3300 pop2 1.0 0.980392
3400 pop1 1.0201 1.0001
3400 pop2 1.0 0.980392
3500 pop1 1.0201 1.0001
3500 pop2 1.0 0.980392
3600 pop1 1.0201 1.0001
3600 pop2 1.0 0.980392
3700 pop1 1.0201 1.0001
3700 pop2 1.0 0.980392
3800 pop1 1.0201 1.0001
3800 pop2 1.0 0.980392
3900 pop1 1.0201 1.0001
3900 pop2 1.0 0.980392
4000 pop1 1.0201 1.0001
4000 pop2 1.0 0.980392
4100 pop1 1.0201 1.0001
4100 pop2 1.0 0.980392
4200 pop1 1.0201 1.0001
4200 pop2 1.0 0.980392
4300 pop1 1.0201 1.0001
4300 pop2 1.0 0.980392
4400 pop1 1.0201 1.0001
4400 pop2 1.0 0.980392
4500 pop1 1.0201 1.0001
4500 pop2 1.0 0.980392
4600 pop1 1.0201 1.0001
4600 pop2 1.0 0.980392
4700 pop1 1.0201 1.0001
4700 pop2 1.0 0.980392
4800 pop1 1.0201 1.0001
4800 pop2 1.0 0.980392
4900 pop1 1.0201 1.0001
4900 pop2 1.0 0.980392
5000 pop1 1.0201 1.0001
5000 pop2 1.0 0.980392
