1 pop1 1.0 0.833333
1 pop2 1.0 0.833333
100 pop1 1.12736 0.939469
100 pop2 1.12866 0.940552
200 pop1 1.13424 0.945204
200 pop2 1.12732 0.939432
300 pop1 1.12199 0.934994
300 pop2 1.12585 0.938212
400 pop1 1.12463 0.937193
400 pop2 1.12371 0.936428
500 pop1 1.11844 0.932037
500 pop2 1.11843 0.932028
600 pop1 1.1311 0.942584
600 pop2 1.12678 0.938987
700 pop1 1.12266 0.935548
700 pop2 1.12557 0.937979
800 pop1 1.119 0.932503
800 pop2 1.12245 0.935377
900 pop1 1.12743 0.939524
900 pop2 1.12159 0.934658
1000 pop1 1.13365 0.944708
1000 pop2 1.12759 0.939662
1100 pop1 1.14529 0.954412
1100 pop2 1.13362 0.944685
1200 pop1 1.14434 0.953614
1200 pop2 1.14136 0.951135
1300 pop1 1.13619 0.946825
1300 pop2 1.14699 0.955827
1400 pop1 1.13486 0.945713
1400 pop2 1.1458 0.95483
1500 pop1 1.13665 0.947205
1500 pop2 1.13874 0.94895
1600 pop1 1.1384 0.948664
1600 pop2 1.14237 0.951978
1700 pop1 1.14242 0.95202
1700 pop2 1.13949 0.949574
1800 pop1 1.13908 0.949234
1800 pop2 1.13696 0.947464
1900 pop1 1.14242 0.952019
1900 pop2 1.14205 0.951708
2000 pop1 1.14283 0.952359
2000 pop2 1.14035 0.950292
2100 pop1 1.14248 0.952068
2100 pop2 1.13917 0.949306
2200 pop1 1.14315 0.952628
2200 pop2 1.14643 0.955359
2300 pop1 1.15285 0.960704
2300 pop2 1.13552 0.946267
2400 pop1 1.14888 0.957397
2400 pop2 1.1343 0.945251
2500 pop1 1.14797 0.956638
2500 pop2 1.141 0.950836
2600 pop1 1.14618 0.955154
2600 pop2 1.14375 0.953124
2700 pop1 1.13555 0.946288
2700 pop2 1.14707 0.955893
2800 pop1 1.14441 0.953675
2800 pop2 1.14097 0.950805
2900 pop1 1.1441 0.953418
2900 pop2 1.13551 0.946254
3000 pop1 1.1498 0.95817
3000 pop2 1.13443 0.945358
3100 pop1 1.14277 0.952306
3100 pop2 1.14579 0.954829
3200 pop1 1.14136 0.951134
3200 pop2 1.14723 0.956025
3300 pop1 1.14731 0.956092
3300 pop2 1.13958 0.949652
3400 pop1 1.14395 0.953289
3400 pop2 1.14459 0.953821
3500 pop1 1.14255 0.952125
3500 pop2 1.14445 0.953706
3600 pop1 1.1381 0.948415
3600 pop2 1.14207 0.951728
3700 pop1 1.14569 0.954742
3700 pop2 1.14558 0.954654
3800 pop1 1.14285 0.952375
3800 pop2 1.1382 0.948502
3900 pop1 1.14345 0.952879
3900 pop2 1.14287 0.952395
4000 pop1 1.13999 0.949994
4000 pop2 1.13968 0.949733
4100 pop1 1.13915 0.949292
4100 pop2 1.14026 0.950213
4200 pop1 1.13588 0.946569
4200 pop2 1.14756 0.956297
4300 pop1 1.14006 0.950046
4300 pop2 1.14464 0.953863
4400 pop1 1.13749 0.947906
4400 pop2 1.14556 0.954636
4500 pop1 1.14746 0.95622
4500 pop2 1.14004 0.950032
4600 pop1 1.13677 0.947308
4600 pop2 1.14555 0.954623
4700 pop1 1.13657 0.947144
4700 pop2 1.14261 0.952175
4800 pop1 1.13915 0.949294
4800 pop2 1.14422 0.953513
4900 pop1 1.14933 0.957775
4900 pop2 1.14319 0.95266
5000 pop1 1.14825 0.956874
5000 pop2 1.14408 0.953401
