1 pop1 1.0 0.980392
1 pop2 1.0 0.980392
100 pop1 0.998397 0.978821
100 pop2 1.00268 0.983017
200 pop1 0.998665 0.979083
200 pop2 1.00255 0.98289
300 pop1 0.998638 0.979057
300 pop2 1.00186 0.98222
400 pop1 0.997295 0.97774
400 pop2 1.00306 0.983394
500 pop1 0.997285 0.97773
500 pop2 1.00362 0.983946
600 pop1 1.00032 0.980708
600 pop2 1.00074 0.981116
700 pop1 1.00206 0.98241
700 pop2 0.998698 0.979116
800 pop1 0.999354 0.979759
800 pop2 1.00143 0.981796
900 pop1 0.999145 0.979554
900 pop2 1.00217 0.982521
1000 pop1 0.997799 0.978235
1000 pop2 1.00289 0.983226
1100 pop1 1.00079 0.981163
1100 pop2 1.00323 0.983556
1200 pop1 1.00572 0.985997
1200 pop2 1.00732 0.987566
1300 pop1 1.00786 0.988094
1300 pop2 1.00932 0.989529
1400 pop1 1.00954 0.989747
1400 pop2 1.0096 0.989806
1500 pop1 1.0093 0.989514
1500 pop2 1.01115 0.991321
1600 pop1 1.00896 0.989174
1600 pop2 1.01064 0.99082
1700 pop1 1.01093 0.991111
1700 pop2 1.00878 0.989
1800 pop1 1.01177 0.991934
1800 pop2 1.00825 0.988482
1900 pop1 1.0119 0.992057
1900 pop2 1.00873 0.988952
2000 pop1 1.01224 0.992394
2000 pop2 1.00749 0.98774
2100 pop1 1.01204 0.992197
2100 pop2 1.00762 0.987865
2200 pop1 1.01157 0.991733
2200 pop2 1.00875 0.988974
2300 pop1 1.01248 0.992626
2300 pop2 1.00783 0.988064
2400 pop1 1.01238 0.992531
2400 pop2 1.00795 0.988182
2500 pop1 1.01196 0.992122
2500 pop2 1.00825 0.988479
2600 pop1 1.01034 0.990526
2600 pop2 1.00989 0.990084
2700 pop1 1.01003 0.990227
2700 pop2 1.00993 0.990131
2800 pop1 1.00993 0.990132
2800 pop2 1.0105 0.990686
2900 pop1 1.01004 0.990231
2900 pop2 1.01038 0.990572
3000 pop1 1.00879 0.989011
3000 pop2 1.01225 0.992405
3100 pop1 1.00921 0.989423
3100 pop2 1.01102 0.991199
3200 pop1 1.00991 0.990104
3200 pop2 1.01059 0.990773
3300 pop1 1.01059 0.990777
3300 pop2 1.01019 0.990383
3400 pop1 1.01072 0.990905
3400 pop2 1.00982 0.99002
3500 pop1 1.00951 0.989712
3500 pop2 1.01109 0.991261
3600 pop1 1.01063 0.990814
3600 pop2 1.00993 0.990126
3700 pop1 1.01154 0.991705
3700 pop2 1.00844 0.988668
3800 pop1 1.01065 0.990833
3800 pop2 1.00988 0.990083
3900 pop1 1.01137 0.991542
3900 pop2 1.00841 0.988641
4000 pop1 1.01062 0.990802
4000 pop2 1.01021 0.990402
4100 pop1 1.00989 0.990084
4100 pop2 1.01062 0.990808
4200 pop1 1.01 0.990192
4200 pop2 1.01082 0.991002
4300 pop1 1.01028 0.990473
4300 pop2 1.00996 0.990154
4400 pop1 1.00917 0.98938
4400 pop2 1.01213 0.992283
4500 pop1 1.00908 0.989297
4500 pop2 1.01162 0.991782
4600 pop1 1.00954 0.989744
4600 pop2 1.01083 0.991005
4700 pop1 1.01085 0.991031
4700 pop2 1.00949 0.989697
4800 pop1 1.01156 0.991721
4800 pop2 1.00902 0.989232
4900 pop1 1.01119 0.991364
4900 pop2 1.00848 0.988704
5000 pop1 1.0114 0.991566
5000 pop2 1.00878 0.988995
