1 pop1 1.0 0.980392
1 pop2 1.0 0.980392
100 pop1 1.00594 0.98622
100 pop2 1.00472 0.985022
200 pop1 1.00565 0.98593
200 pop2 1.00346 0.983782
300 pop1 1.00511 0.9854
300 pop2 1.00416 0.98447
400 pop1 1.00507 0.985366
400 pop2 1.00411 0.984422
500 pop1 1.00663 0.986891
500 pop2 1.00284 0.983174
600 pop1 1.00757 0.987809
600 pop2 1.00244 0.982788
700 pop1 1.00624 0.986505
700 pop2 1.00673 0.986994
800 pop1 1.00821 0.98844
800 pop2 1.0032 0.983533
900 pop1 1.00771 0.987952
900 pop2 1.00217 0.982518
1000 pop1 1.00759 0.987831
1000 pop2 1.00431 0.984614
1100 pop1 1.01061 0.990798
1100 pop2 1.00082 0.9812
1200 pop1 1.01078 0.990963
1200 pop2 1.00546 0.985741
1300 pop1 1.01399 0.994112
1300 pop2 1.00681 0.987065
1400 pop1 1.01283 0.992971
1400 pop2 1.00853 0.988759
1500 pop1 1.01327 0.9934
1500 pop2 1.01252 0.992671
1600 pop1 1.01062 0.990807
1600 pop2 1.01294 0.993079
1700 pop1 1.01149 0.991656
1700 pop2 1.01243 0.99258
1800 pop1 1.01136 0.991532
1800 pop2 1.01176 0.991924
1900 pop1 1.01199 0.992151
1900 pop2 1.01292 0.99306
2000 pop1 1.01277 0.992908
2000 pop2 1.01218 0.992332
2100 pop1 1.0114 0.991569
2100 pop2 1.01262 0.992769
2200 pop1 1.01149 0.991658
2200 pop2 1.01257 0.992715
2300 pop1 1.00971 0.989913
2300 pop2 1.01416 0.994279
2400 pop1 1.00767 0.987914
2400 pop2 1.01615 0.996224
2500 pop1 1.00911 0.989323
2500 pop2 1.01523 0.99532
2600 pop1 1.01073 0.990913
2600 pop2 1.01265 0.99279
2700 pop1 1.01087 0.991054
2700 pop2 1.0144 0.994512
2800 pop1 1.011 0.991177
2800 pop2 1.01285 0.992994
2900 pop1 1.01221 0.992363
2900 pop2 1.01213 0.992284
3000 pop1 1.01139 0.991562
3000 pop2 1.01273 0.992868
3100 pop1 1.01197 0.99213
3100 pop2 1.01224 0.992393
3200 pop1 1.0117 0.991864
3200 pop2 1.01253 0.992677
3300 pop1 1.01169 0.991852
3300 pop2 1.0128 0.992941
3400 pop1 1.01337 0.993504
3400 pop2 1.01133 0.991501
3500 pop1 1.01204 0.992192
3500 pop2 1.01276 0.992898
3600 pop1 1.01275 0.992888
3600 pop2 1.01279 0.99293
3700 pop1 1.01248 0.992626
3700 pop2 1.01192 0.992074
3800 pop1 1.013 0.993138
3800 pop2 1.0109 0.991074
3900 pop1 1.01312 0.993253
3900 pop2 1.00974 0.989945
4000 pop1 1.01393 0.994046
4000 pop2 1.01001 0.990202
4100 pop1 1.01402 0.994142
4100 pop2 1.01341 0.993543
4200 pop1 1.01161 0.991772
4200 pop2 1.01207 0.992227
4300 pop1 1.01283 0.992973
4300 pop2 1.01266 0.992801
4400 pop1 1.01132 0.991494
4400 pop2 1.01235 0.992497
4500 pop1 1.0118 0.991962
4500 pop2 1.01311 0.993247
4600 pop1 1.00979 0.989992
4600 pop2 1.01496 0.995059
4700 pop1 1.0105 0.990686
4700 pop2 1.01554 0.995632
4800 pop1 1.01011 0.990306
4800 pop2 1.01339 0.993519
4900 pop1 1.01213 0.992287
4900 pop2 1.01307 0.99321
5000 pop1 1.01186 0.992019
5000 pop2 1.0131 0.993237
