1 pop1 1.0 0.833333
1 pop2 1.0 0.833333
100 pop1 1.0716 0.892999
100 pop2 1.07377 0.89481
200 pop1 1.07671 0.897262
200 pop2 1.06449 0.887078
300 pop1 1.0695 0.891249
300 pop2 1.07404 0.895034
400 pop1 1.07138 0.892816
400 pop2 1.07391 0.894927
500 pop1 1.07502 0.895851
500 pop2 1.06679 0.888991
600 pop1 1.07133 0.892779
600 pop2 1.07888 0.899067
700 pop1 1.07786 0.898214
700 pop2 1.06719 0.889327
800 pop1 1.06859 0.890488
800 pop2 1.06324 0.88603
900 pop1 1.07402 0.895018
900 pop2 1.06195 0.88496
1000 pop1 1.06634 0.888615
1000 pop2 1.07971 0.89976
1100 pop1 1.11041 0.92534
1100 pop2 1.12025 0.933542
1200 pop1 1.10928 0.9244
1200 pop2 1.12542 0.937846
1300 pop1 1.11806 0.931715
1300 pop2 1.1248 0.937333
1400 pop1 1.11348 0.927904
1400 pop2 1.12886 0.940719
1500 pop1 1.11998 0.933318
1500 pop2 1.11944 0.932868
1600 pop1 1.11689 0.930739
1600 pop2 1.12896 0.940804
1700 pop1 1.11859 0.932158
1700 pop2 1.1225 0.935416
1800 pop1 1.12158 0.934646
1800 pop2 1.12451 0.937089
1900 pop1 1.12222 0.935185
1900 pop2 1.11825 0.931871
2000 pop1 1.12761 0.939675
2000 pop2 1.11454 0.92878
2100 pop1 1.12072 0.933935
2100 pop2 1.12471 0.937256
2200 pop1 1.12635 0.938626
2200 pop2 1.11086 0.925717
2300 pop1 1.12199 0.934988
2300 pop2 1.12231 0.93526
2400 pop1 1.12701 0.939179
2400 pop2 1.11923 0.932696
2500 pop1 1.12178 0.934814
2500 pop2 1.12298 0.935818
2600 pop1 1.11923 0.932689
2600 pop2 1.11849 0.932073
2700 pop1 1.11868 0.932236
2700 pop2 1.12067 0.933895
2800 pop1 1.11851 0.932091
2800 pop2 1.1259 0.938248
2900 pop1 1.11506 0.929213
2900 pop2 1.12695 0.939129
3000 pop1 1.1254 0.937831
3000 pop2 1.1167 0.930584
3100 pop1 1.12317 0.935974
3100 pop2 1.12814 0.940115
3200 pop1 1.12438 0.936983
3200 pop2 1.11709 0.930911
3300 pop1 1.1189 0.932421
3300 pop2 1.12249 0.93541
3400 pop1 1.12377 0.936475
3400 pop2 1.1167 0.930585
3500 pop1 1.12596 0.938302
3500 pop2 1.12027 0.93356
3600 pop1 1.12475 0.937293
3600 pop2 1.11988 0.933231
3700 pop1 1.12786 0.939885
3700 pop2 1.11255 0.927126
3800 pop1 1.12482 0.937347
3800 pop2 1.12324 0.936036
3900 pop1 1.13863 0.948862
3900 pop2 1.10766 0.923052
4000 pop1 1.12655 0.938788
4000 pop2 1.11602 0.930019
4100 pop1 1.12235 0.935289
4100 pop2 1.11823 0.93186
4200 pop1 1.12907 0.940888
4200 pop2 1.11334 0.927782
4300 pop1 1.11648 0.9304
4300 pop2 1.1234 0.936166
4400 pop1 1.12499 0.937491
4400 pop2 1.11928 0.932733
4500 pop1 1.126 0.938329
4500 pop2 1.1205 0.93375
4600 pop1 1.12565 0.93804
4600 pop2 1.11556 0.929637
4700 pop1 1.12428 0.936904
4700 pop2 1.11939 0.932827
4800 pop1 1.12683 0.939021
4800 pop2 1.11657 0.930473
4900 pop1 1.12723 0.939361
4900 pop2 1.121 0.934167
5000 pop1 1.12422 0.93685
5000 pop2 1.1192 0.932669
