1 pop1 1.0 0.980392
1 pop2 1.0 0.980392
100 pop1 1.00929 0.989496
100 pop2 1.00736 0.987608
200 pop1 1.00801 0.988242
200 pop2 1.00994 0.990141
300 pop1 1.00321 0.983542
300 pop2 1.01086 0.991038
400 pop1 1.0081 0.988335
400 pop2 1.0092 0.989407
500 pop1 1.00982 0.990017
500 pop2 1.00718 0.987432
600 pop1 1.0119 0.992055
600 pop2 1.00743 0.987675
700 pop1 1.01232 0.992472
700 pop2 1.00581 0.986088
800 pop1 1.01078 0.990966
800 pop2 1.00925 0.989456
900 pop1 1.0046 0.984898
900 pop2 1.01191 0.992064
1000 pop1 1.00751 0.987756
1000 pop2 1.00818 0.988409
1100 pop1 1.01184 0.992001
1100 pop2 0.998477 0.978899
1200 pop1 1.01438 0.994489
1200 pop2 0.998807 0.979223
1300 pop1 1.01737 0.997418
1300 pop2 0.999078 0.979489
1400 pop1 1.01879 0.998812
1400 pop2 0.999234 0.979641
1500 pop1 1.01924 0.999256
1500 pop2 0.999517 0.979919
1600 pop1 1.0201 1.0001
1600 pop2 0.999605 0.980005
1700 pop1 1.0201 1.0001
1700 pop2 0.999948 0.980341
1800 pop1 1.0201 1.0001
1800 pop2 1.0 0.980392
1900 pop1 1.0201 1.0001
1900 pop2 1.0 0.980392
2000 pop1 1.0201 1.0001
2000 pop2 1.0 0.980392
2100 pop1 1.0201 1.0001
2100 pop2 1.0 0.980392
2200 pop1 1.0201 1.0001
2200 pop2 1.0 0.980392
2300 pop1 1.0201 1.0001
2300 pop2 1.0 0.980392
2400 pop1 1.0201 1.0001
2400 pop2 1.0 0.980392
2500 pop1 1.0201 1.0001
2500 pop2 1.0 0.980392
2600 pop1 1.0201 1.0001
2600 pop2 1.0 0.980392
2700 pop1 1.0201 1.0001
2700 pop2 1.0 0.980392
2800 pop1 1.0201 1.0001
2800 pop2 1.0 0.980392
2900 pop1 1.0201 1.0001
2900 pop2 1.0 0.980392
3000 pop1 1.0201 1.0001
3000 pop2 1.0 0.980392
3100 pop1 1.0201 1.0001
3100 pop2 1.0 0.980392
3200 pop1 1.0201 1.0001
3200 pop2 1.0 0.980392
3300 pop1 1.0201 1.0001
3300 pop2 1.0 0.980392
3400 pop1 1.0201 1.0001
3400 pop2 1.0 0.980392
3500 pop1 1.0201 1.0001
3500 pop2 1.0 0.980392
3600 pop1 1.0201 1.0001
3600 pop2 1.0 0.980392
3700 pop1 1.0201 1.0001
3700 pop2 1.0 0.980392
3800 pop1 1.0201 1.0001
3800 pop2 1.0 0.980392
3900 pop1 1.0201 1.0001
3900 pop2 1.0 0.980392
4000 pop1 1.0201 1.0001
4000 pop2 1.0 0.980392
4100 pop1 1.0201 1.0001
4100 pop2 1.0 0.980392
4200 pop1 1.0201 1.0001
4200 pop2 1.0 0.980392
4300 pop1 1.0201 1.0001
4300 pop2 1.0 0.980392
4400 pop1 1.0201 1.0001
4400 pop2 1.0 0.980392
4500 pop1 1.0201 1.0001
4500 pop2 1.0 0.980392
4600 pop1 1.0201 1.0001
4600 pop2 1.0 0.980392
4700 pop1 1.0201 1.0001
4700 pop2 1.0 0.980392
4800 pop1 1.0201 1.0001
4800 pop2 1.0 0.980392
4900 pop1 1.0201 1.0001
4900 pop2 1.0 0.980392
5000 pop1 1.0201 1.0001
5000 pop2 1.0 0.980392
