1 pop1 1.0 0.980392
1 pop2 1.0 0.980392
100 pop1 1.00919 0.9894
100 pop2 1.00272 0.98306
200 pop1 1.01031 0.990498
200 pop2 1.00083 0.981206
300 pop1 1.00979 0.989986
300 pop2 0.999531 0.979932
400 pop1 1.00735 0.987599
400 pop2 1.00224 0.982585
500 pop1 1.00461 0.984915
500 pop2 1.00569 0.985968
600 pop1 1.00467 0.984968
600 pop2 1.00546 0.985749
700 pop1 1.00206 0.982407
700 pop2 1.00529 0.985574
800 pop1 1.00305 0.983381
800 pop2 1.0077 0.98794
900 pop1 1.00092 0.981296
900 pop2 1.00783 0.988072
1000 pop1 1.00192 0.982272
1000 pop2 1.00469 0.984988
1100 pop1 1.00681 0.98707
1100 pop2 1.00199 0.982347
1200 pop1 1.00906 0.989271
1200 pop2 1.00392 0.984236
1300 pop1 1.00949 0.9897
1300 pop2 1.00853 0.988757
1400 pop1 1.00773 0.987972
1400 pop2 1.01347 0.993594
1500 pop1 1.0084 0.988623
1500 pop2 1.01452 0.994632
1600 pop1 1.00811 0.988339
1600 pop2 1.01384 0.993958
1700 pop1 1.00959 0.989796
1700 pop2 1.01393 0.994045
1800 pop1 1.00874 0.988966
1800 pop2 1.01503 0.995127
1900 pop1 1.00891 0.989127
1900 pop2 1.01544 0.995527
2000 pop1 1.01079 0.990975
2000 pop2 1.01379 0.99391
2100 pop1 1.01091 0.991088
2100 pop2 1.01324 0.993377
2200 pop1 1.01315 0.993288
2200 pop2 1.01306 0.993193
2300 pop1 1.01195 0.992106
2300 pop2 1.01282 0.99296
2400 pop1 1.01212 0.992276
2400 pop2 1.01339 0.993523
2500 pop1 1.01152 0.991687
2500 pop2 1.01208 0.992236
2600 pop1 1.01169 0.991858
2600 pop2 1.01218 0.992337
2700 pop1 1.01204 0.992194
2700 pop2 1.01299 0.993127
2800 pop1 1.01097 0.991148
2800 pop2 1.01417 0.99428
2900 pop1 1.0095 0.98971
2900 pop2 1.0154 0.995491
3000 pop1 1.0091 0.98931
3000 pop2 1.01476 0.994864
3100 pop1 1.00906 0.989272
3100 pop2 1.01557 0.995654
3200 pop1 1.00899 0.989211
3200 pop2 1.01513 0.995223
3300 pop1 1.00868 0.988898
3300 pop2 1.01466 0.994767
3400 pop1 1.00921 0.989421
3400 pop2 1.01414 0.994251
3500 pop1 1.01098 0.991156
3500 pop2 1.01454 0.994648
3600 pop1 1.01146 0.991623
3600 pop2 1.01412 0.994235
3700 pop1 1.01163 0.991793
3700 pop2 1.01172 0.991887
3800 pop1 1.01351 0.993632
3800 pop2 1.01179 0.991953
3900 pop1 1.01272 0.992862
3900 pop2 1.01122 0.99139
4000 pop1 1.01589 0.995975
4000 pop2 1.01008 0.990279
4100 pop1 1.01375 0.99387
4100 pop2 1.01245 0.992602
4200 pop1 1.01369 0.993811
4200 pop2 1.01264 0.99278
4300 pop1 1.01239 0.992538
4300 pop2 1.01183 0.991986
4400 pop1 1.01293 0.993065
4400 pop2 1.01178 0.991945
4500 pop1 1.01093 0.991107
4500 pop2 1.01346 0.993583
4600 pop1 1.01 0.990197
4600 pop2 1.01428 0.994389
4700 pop1 1.01028 0.990467
4700 pop2 1.01212 0.992278
4800 pop1 1.00939 0.9896
4800 pop2 1.01451 0.994621
4900 pop1 1.01116 0.991334
4900 pop2 1.01439 0.994499
5000 pop1 1.01247 0.992618
5000 pop2 1.01354 0.993667
