1 pop1 1.0 0.833333
1 pop2 1.0 0.833333
100 pop1 1.07241 0.893675
100 pop2 1.07633 0.896938
200 pop1 1.07019 0.891829
200 pop2 1.06801 0.890011
300 pop1 1.07994 0.899951
300 pop2 1.06396 0.886629
400 pop1 1.07154 0.892952
400 pop2 1.0751 0.895914
500 pop1 1.07323 0.894357
500 pop2 1.07699 0.897491
600 pop1 1.08632 0.905268
600 pop2 1.0612 0.884329
700 pop1 1.07353 0.89461
700 pop2 1.07453 0.895441
800 pop1 1.06946 0.891217
800 pop2 1.07641 0.897012
900 pop1 1.06335 0.886128
900 pop2 1.07875 0.898957
1000 pop1 1.0705 0.892085
1000 pop2 1.0697 0.891418
1100 pop1 1.11872 0.932268
1100 pop2 1.11696 0.930798
1200 pop1 1.1182 0.931829
1200 pop2 1.12447 0.937062
1300 pop1 1.106 0.921669
1300 pop2 1.1341 0.945082
1400 pop1 1.11691 0.930758
1400 pop2 1.1209 0.934086
1500 pop1 1.11937 0.932806
1500 pop2 1.12042 0.933683
1600 pop1 1.12146 0.934547
1600 pop2 1.12465 0.937211
1700 pop1 1.11426 0.928551
1700 pop2 1.12675 0.938962
1800 pop1 1.12901 0.940845
1800 pop2 1.11283 0.927356
1900 pop1 1.13365 0.94471
1900 pop2 1.10666 0.922219
2000 pop1 1.12185 0.934874
2000 pop2 1.11869 0.932244
2100 pop1 1.12187 0.93489
2100 pop2 1.11845 0.932045
2200 pop1 1.12464 0.937203
2200 pop2 1.12156 0.934633
2300 pop1 1.11973 0.933112
2300 pop2 1.12249 0.935409
2400 pop1 1.12193 0.934945
2400 pop2 1.12078 0.933985
2500 pop1 1.12046 0.933718
2500 pop2 1.12549 0.937908
2600 pop1 1.1233 0.936082
2600 pop2 1.12096 0.934137
2700 pop1 1.12258 0.935483
2700 pop2 1.12099 0.934156
2800 pop1 1.12496 0.937464
2800 pop2 1.1238 0.936501
2900 pop1 1.13203 0.943361
2900 pop2 1.11831 0.931929
3000 pop1 1.12547 0.937891
3000 pop2 1.11922 0.932681
3100 pop1 1.12842 0.94035
3100 pop2 1.12026 0.93355
3200 pop1 1.12316 0.935969
3200 pop2 1.12365 0.936378
3300 pop1 1.12048 0.933731
3300 pop2 1.12634 0.938614
3400 pop1 1.11468 0.928899
3400 pop2 1.12747 0.939561
3500 pop1 1.1232 0.935997
3500 pop2 1.11348 0.927897
3600 pop1 1.12434 0.936946
3600 pop2 1.12407 0.936722
3700 pop1 1.11933 0.932773
3700 pop2 1.12555 0.937955
3800 pop1 1.13212 0.943434
3800 pop2 1.11789 0.931576
3900 pop1 1.12581 0.938174
3900 pop2 1.11969 0.933078
4000 pop1 1.11854 0.932117
4000 pop2 1.12201 0.935008
4100 pop1 1.11214 0.926786
4100 pop2 1.12755 0.939626
4200 pop1 1.12774 0.939781
4200 pop2 1.12003 0.93336
4300 pop1 1.12193 0.93494
4300 pop2 1.12492 0.937432
4400 pop1 1.12864 0.940536
4400 pop2 1.11629 0.930242
4500 pop1 1.12296 0.935804
4500 pop2 1.11825 0.931871
4600 pop1 1.12562 0.938019
4600 pop2 1.11798 0.93165
4700 pop1 1.11716 0.930967
4700 pop2 1.12242 0.935349
4800 pop1 1.12616 0.938463
4800 pop2 1.12554 0.937949
4900 pop1 1.12133 0.934444
4900 pop2 1.12211 0.935096
5000 pop1 1.12467 0.937221
5000 pop2 1.11719 0.930993
