1 pop1 1.0 0.909091
1 pop2 1.0 0.909091
100 pop1 1.03497 0.940878
100 pop2 1.04083 0.946212
200 pop1 1.03704 0.942768
200 pop2 1.03864 0.944217
300 pop1 1.03875 0.94432
300 pop2 1.0381 0.943731
400 pop1 1.03969 0.945172
400 pop2 1.04053 0.945934
500 pop1 1.03596 0.941786
500 pop2 1.04434 0.9494
600 pop1 1.04014 0.945583
600 pop2 1.03436 0.940324
700 pop1 1.03948 0.944978
700 pop2 1.04251 0.947733
800 pop1 1.02933 0.935754
800 pop2 1.04733 0.95212
900 pop1 1.04707 0.95188
900 pop2 1.03658 0.942345
1000 pop1 1.04552 0.950471
1000 pop2 1.03524 0.941123
1100 pop1 1.08962 0.990561
1100 pop2 0.978744 0.889768
1200 pop1 1.1003 1.00027
1200 pop2 0.991695 0.901541
1300 pop1 1.10252 1.00229
1300 pop2 0.999111 0.908283
1400 pop1 1.1025 1.00228
1400 pop2 0.999881 0.908983
1500 pop1 1.1025 1.00227
1500 pop2 0.99998 0.909073
1600 pop1 1.1025 1.00227
1600 pop2 1.0 0.909091
1700 pop1 1.1025 1.00227
1700 pop2 1.0 0.909091
1800 pop1 1.1025 1.00227
1800 pop2 1.0 0.909091
1900 pop1 1.1025 1.00227
1900 pop2 1.0 0.909091
2000 pop1 1.1025 1.00227
2000 pop2 1.0 0.909091
2100 pop1 1.1025 1.00227
2100 pop2 1.0 0.909091
2200 pop1 1.1025 1.00227
2200 pop2 1.0 0.909091
2300 pop1 1.1025 1.00227
2300 pop2 1.0 0.909091
2400 pop1 1.1025 1.00227
2400 pop2 1.0 0.909091
2500 pop1 1.1025 1.00227
2500 pop2 1.0 0.909091
2600 pop1 1.1025 1.00227
2600 pop2 1.0 0.909091
2700 pop1 1.1025 1.00227
2700 pop2 1.0 0.909091
2800 pop1 1.1025 1.00227
2800 pop2 1.0 0.909091
2900 pop1 1.1025 1.00227
2900 pop2 1.0 0.909091
3000 pop1 1.1025 1.00227
3000 pop2 1.0 0.909091
3100 pop1 1.1025 1.00227
3100 pop2 1.0 0.909091
3200 pop1 1.1025 1.00227
3200 pop2 1.0 0.909091
3300 pop1 1.1025 1.00227
3300 pop2 1.0 0.909091
3400 pop1 1.1025 1.00227
3400 pop2 1.0 0.909091
3500 pop1 1.1025 1.00227
3500 pop2 1.0 0.909091
3600 pop1 1.1025 1.00227
3600 pop2 1.0 0.909091
3700 pop1 1.1025 1.00227
3700 pop2 1.0 0.909091
3800 pop1 1.1025 1.00227
3800 pop2 1.0 0.909091
3900 pop1 1.1025 1.00227
3900 pop2 1.0 0.909091
4000 pop1 1.1025 1.00227
4000 pop2 1.0 0.909091
4100 pop1 1.1025 1.00227
4100 pop2 1.0 0.909091
4200 pop1 1.1025 1.00227
4200 pop2 1.0 0.909091
4300 pop1 1.1025 1.00227
4300 pop2 1.0 0.909091
4400 pop1 1.1025 1.00227
4400 pop2 1.0 0.909091
4500 pop1 1.1025 1.00227
4500 pop2 1.0 0.909091
4600 pop1 1.1025 1.00227
4600 pop2 1.0 0.909091
4700 pop1 1.1025 1.00227
4700 pop2 1.0 0.909091
4800 pop1 1.1025 1.00227
4800 pop2 1.0 0.909091
4900 pop1 1.1025 1.00227
4900 pop2 1.0 0.909091
5000 pop1 1.1025 1.00227
5000 pop2 1.0 0.909091
