1 pop1 1.0 0.980392
1 pop2 1.0 0.980392
100 pop1 1.00127 0.981635
100 pop2 1.00105 0.981425
200 pop1 1.00448 0.984788
200 pop2 0.998048 0.978478
300 pop1 1.00186 0.982218
300 pop2 1.00041 0.98079
400 pop1 1.00079 0.981168
400 pop2 1.00061 0.980993
500 pop1 1.00515 0.985446
500 pop2 0.996261 0.976727
600 pop1 1.0065 0.986764
600 pop2 0.994736 0.975231
700 pop1 1.00662 0.98688
700 pop2 0.995112 0.9756
800 pop1 1.00475 0.985045
800 pop2 0.996136 0.976604
900 pop1 1.00777 0.988015
900 pop2 0.994553 0.975052
1000 pop1 1.00594 0.986216
1000 pop2 0.996607 0.977066
1100 pop1 1.0136 0.993729
1100 pop2 0.994016 0.974525
1200 pop1 1.01425 0.994364
1200 pop2 0.994921 0.975413
1300 pop1 1.01779 0.997832
1300 pop2 0.996236 0.976702
1400 pop1 1.01995 0.999948
1400 pop2 0.996678 0.977135
1500 pop1 1.0201 1.00009
1500 pop2 0.998755 0.979172
1600 pop1 1.0201 1.0001
1600 pop2 0.998987 0.979399
1700 pop1 1.0201 1.0001
1700 pop2 0.999617 0.980017
1800 pop1 1.0201 1.0001
1800 pop2 0.999769 0.980165
1900 pop1 1.0201 1.0001
1900 pop2 0.999785 0.980181
2000 pop1 1.0201 1.0001
2000 pop2 1.0 0.980392
2100 pop1 1.0201 1.0001
2100 pop2 1.0 0.980392
2200 pop1 1.0201 1.0001
2200 pop2 1.0 0.980392
2300 pop1 1.0201 1.0001
2300 pop2 1.0 0.980392
2400 pop1 1.0201 1.0001
2400 pop2 1.0 0.980392
2500 pop1 1.0201 1.0001
2500 pop2 1.0 0.980392
2600 pop1 1.0201 1.0001
2600 pop2 1.0 0.980392
2700 pop1 1.0201 1.0001
2700 pop2 1.0 0.980392
2800 pop1 1.0201 1.0001
2800 pop2 1.0 0.980392
2900 pop1 1.0201 1.0001
2900 pop2 1.0 0.980392
3000 pop1 1.0201 1.0001
3000 pop2 1.0 0.980392
3100 pop1 1.0201 1.0001
3100 pop2 1.0 0.980392
3200 pop1 1.0201 1.0001
3200 pop2 1.0 0.980392
3300 pop1 1.0201 1.0001
3300 pop2 1.0 0.980392
3400 pop1 1.0201 1.0001
3400 pop2 1.0 0.980392
3500 pop1 1.0201 1.0001
3500 pop2 1.0 0.980392
3600 pop1 1.0201 1.0001
3600 pop2 1.0 0.980392
3700 pop1 1.0201 1.0001
3700 pop2 1.0 0.980392
3800 pop1 1.0201 1.0001
3800 pop2 1.0 0.980392
3900 pop1 1.0201 1.0001
3900 pop2 1.0 0.980392
4000 pop1 1.0201 1.0001
4000 pop2 1.0 0.980392
4100 pop1 1.0201 1.0001
4100 pop2 1.0 0.980392
4200 pop1 1.0201 1.0001
4200 pop2 1.0 0.980392
4300 pop1 1.0201 1.0001
4300 pop2 1.0 0.980392
4400 pop1 1.0201 1.0001
4400 pop2 1.0 0.980392
4500 pop1 1.0201 1.0001
4500 pop2 1.0 0.980392
4600 pop1 1.0201 1.0001
4600 pop2 1.0 0.980392
4700 pop1 1.0201 1.0001
4700 pop2 1.0 0.980392
4800 pop1 1.0201 1.0001
4800 pop2 1.0 0.980392
4900 pop1 1.0201 1.0001
4900 pop2 1.0 0.980392
5000 pop1 1.0201 1.0001
5000 pop2 1.0 0.980392
