1 pop1 1.0 0.909091
1 pop2 1.0 0.909091
100 pop1 1.08279 0.984359
100 pop2 1.07948 0.981349
200 pop1 1.08092 0.982651
200 pop2 1.08435 0.985771
300 pop1 1.08258 0.984167
300 pop2 1.08158 0.983253
400 pop1 1.08489 0.986265
400 pop2 1.08316 0.984694
500 pop1 1.08338 0.984887
500 pop2 1.08603 0.987302
600 pop1 1.08172 0.983379
600 pop2 1.08119 0.982897
700 pop1 1.08735 0.988502
700 pop2 1.07985 0.981678
800 pop1 1.07902 0.980924
800 pop2 1.08302 0.984565
900 pop1 1.07592 0.978108
900 pop2 1.07893 0.980849
1000 pop1 1.07941 0.981282
1000 pop2 1.08101 0.982734
1100 pop1 1.08893 0.989939
1100 pop2 1.07488 0.977161
1200 pop1 1.08696 0.988145
1200 pop2 1.08356 0.98505
1300 pop1 1.08459 0.98599
1300 pop2 1.08763 0.988756
1400 pop1 1.08539 0.986715
1400 pop2 1.08577 0.987067
1500 pop1 1.08487 0.986243
1500 pop2 1.08523 0.986569
1600 pop1 1.08647 0.987699
1600 pop2 1.08669 0.9879
1700 pop1 1.08467 0.986066
1700 pop2 1.08506 0.986421
1800 pop1 1.08474 0.986132
1800 pop2 1.08047 0.982247
1900 pop1 1.08466 0.986054
1900 pop2 1.08466 0.986054
2000 pop1 1.0828 0.984365
2000 pop2 1.08322 0.984747
2100 pop1 1.08316 0.984691
2100 pop2 1.0863 0.987547
2200 pop1 1.08312 0.984659
2200 pop2 1.08417 0.985613
2300 pop1 1.08452 0.985924
2300 pop2 1.08404 0.985494
2400 pop1 1.08562 0.986924
2400 pop2 1.08636 0.987604
2500 pop1 1.08555 0.986864
2500 pop2 1.08461 0.986005
2600 pop1 1.08581 0.987098
2600 pop2 1.08576 0.987051
2700 pop1 1.08466 0.986058
2700 pop2 1.08511 0.986463
2800 pop1 1.0888 0.989815
2800 pop2 1.08247 0.984065
2900 pop1 1.08259 0.984175
2900 pop2 1.08499 0.986357
3000 pop1 1.08446 0.985869
3000 pop2 1.08457 0.985974
3100 pop1 1.08672 0.987932
3100 pop2 1.08637 0.987612
3200 pop1 1.08314 0.98467
3200 pop2 1.08979 0.990717
3300 pop1 1.08426 0.985692
3300 pop2 1.08509 0.986445
3400 pop1 1.08347 0.984977
3400 pop2 1.08834 0.989402
3500 pop1 1.08576 0.987058
3500 pop2 1.08598 0.987258
3600 pop1 1.0898 0.990727
3600 pop2 1.08322 0.984749
3700 pop1 1.08619 0.987446
3700 pop2 1.09067 0.991514
3800 pop1 1.08793 0.98903
3800 pop2 1.08548 0.986796
3900 pop1 1.08177 0.983431
3900 pop2 1.08571 0.987005
4000 pop1 1.08585 0.987133
4000 pop2 1.08609 0.987352
4100 pop1 1.08481 0.986189
4100 pop2 1.0853 0.986632
4200 pop1 1.08619 0.987444
4200 pop2 1.08425 0.985682
4300 pop1 1.08428 0.985711
4300 pop2 1.08423 0.985664
4400 pop1 1.0792 0.98109
4400 pop2 1.08746 0.988597
4500 pop1 1.0846 0.985999
4500 pop2 1.08868 0.989707
4600 pop1 1.08691 0.988096
4600 pop2 1.08718 0.988345
4700 pop1 1.08468 0.986075
4700 pop2 1.08765 0.988773
4800 pop1 1.08684 0.988037
4800 pop2 1.08166 0.98333
4900 pop1 1.08566 0.986959
4900 pop2 1.08595 0.987232
5000 pop1 1.08525 0.986592
5000 pop2 1.08691 0.988102
