1 pop1 1.0 0.980392
1 pop2 1.0 0.980392
100 pop1 1.00148 0.981848
100 pop2 1.00147 0.981829
200 pop1 1.00067 0.981048
200 pop2 1.00276 0.983097
300 pop1 0.99696 0.977412
300 pop2 1.00686 0.987122
400 pop1 0.995889 0.976362
400 pop2 1.00693 0.987191
500 pop1 0.997589 0.978029
500 pop2 1.00568 0.985958
600 pop1 0.996732 0.977188
600 pop2 1.00639 0.986655
700 pop1 0.995385 0.975867
700 pop2 1.00826 0.988494
800 pop1 0.995145 0.975633
800 pop2 1.00826 0.988488
900 pop1 0.99457 0.975069
900 pop2 1.00968 0.989882
1000 pop1 0.994429 0.97493
1000 pop2 1.00763 0.987872
1100 pop1 1.00926 0.989467
1100 pop2 0.996597 0.977056
1200 pop1 1.0134 0.993526
1200 pop2 0.996177 0.976644
1300 pop1 1.01393 0.994054
1300 pop2 0.996208 0.976674
1400 pop1 1.01837 0.998404
1400 pop2 0.995434 0.975916
1500 pop1 1.01827 0.9983
1500 pop2 0.996074 0.976543
1600 pop1 1.01879 0.998812
1600 pop2 0.996102 0.97657
1700 pop1 1.01978 0.999783
1700 pop2 0.996357 0.976821
1800 pop1 1.02011 1.0001
1800 pop2 0.997203 0.97765
1900 pop1 1.02011 1.0001
1900 pop2 0.997821 0.978256
2000 pop1 1.0201 1.0001
2000 pop2 0.99832 0.978745
2100 pop1 1.0201 1.0001
2100 pop2 0.998639 0.979058
2200 pop1 1.0201 1.0001
2200 pop2 0.998847 0.979262
2300 pop1 1.0201 1.0001
2300 pop2 0.999633 0.980032
2400 pop1 1.0201 1.0001
2400 pop2 0.999677 0.980075
2500 pop1 1.0201 1.0001
2500 pop2 0.9998 0.980197
2600 pop1 1.0201 1.0001
2600 pop2 0.999334 0.979739
2700 pop1 1.0201 1.0001
2700 pop2 0.999888 0.980283
2800 pop1 1.0201 1.0001
2800 pop2 0.999984 0.980376
2900 pop1 1.0201 1.0001
2900 pop2 1.0 0.980392
3000 pop1 1.0201 1.0001
3000 pop2 1.0 0.980392
3100 pop1 1.0201 1.0001
3100 pop2 1.0 0.980392
3200 pop1 1.0201 1.0001
3200 pop2 1.0 0.980392
3300 pop1 1.0201 1.0001
3300 pop2 1.0 0.980392
3400 pop1 1.0201 1.0001
3400 pop2 1.0 0.980392
3500 pop1 1.0201 1.0001
3500 pop2 1.0 0.980392
3600 pop1 1.0201 1.0001
3600 pop2 1.0 0.980392
3700 pop1 1.0201 1.0001
3700 pop2 1.0 0.980392
3800 pop1 1.0201 1.0001
3800 pop2 1.0 0.980392
3900 pop1 1.0201 1.0001
3900 pop2 1.0 0.980392
4000 pop1 1.0201 1.0001
4000 pop2 1.0 0.980392
4100 pop1 1.0201 1.0001
4100 pop2 1.0 0.980392
4200 pop1 1.0201 1.0001
4200 pop2 1.0 0.980392
4300 pop1 1.0201 1.0001
4300 pop2 1.0 0.980392
4400 pop1 1.0201 1.0001
4400 pop2 1.0 0.980392
4500 pop1 1.0201 1.0001
4500 pop2 1.0 0.980392
4600 pop1 1.0201 1.0001
4600 pop2 1.0 0.980392
4700 pop1 1.0201 1.0001
4700 pop2 1.0 0.980392
4800 pop1 1.0201 1.0001
4800 pop2 1.0 0.980392
4900 pop1 1.0201 1.0001
4900 pop2 1.0 0.980392
5000 pop1 1.0201 1.0001
5000 pop2 1.0 0.980392
