1 pop1 1.0 0.980392
1 pop2 1.0 0.980392
100 pop1 1.00353 0.983853
100 pop2 0.999177 0.979585
200 pop1 1.00308 0.983413
200 pop2 0.999061 0.979472
300 pop1 1.0025 0.982839
300 pop2 0.999667 0.980065
400 pop1 1.00135 0.98172
400 pop2 1.00053 0.980911
500 pop1 1.0017 0.982057
500 pop2 0.99887 0.979284
600 pop1 1.00194 0.982294
600 pop2 1.00066 0.981041
700 pop1 1.00106 0.981433
700 pop2 1.00005 0.980442
800 pop1 0.999573 0.979973
800 pop2 1.00163 0.981995
900 pop1 1.001 0.981376
900 pop2 1.00006 0.980452
1000 pop1 1.00142 0.981781
1000 pop2 1.00042 0.980802
1100 pop1 1.0049 0.985193
1100 pop2 1.00661 0.986872
1200 pop1 1.00556 0.985842
1200 pop2 1.00943 0.98964
1300 pop1 1.00813 0.988361
1300 pop2 1.01014 0.990329
1400 pop1 1.00929 0.989496
1400 pop2 1.00866 0.988878
1500 pop1 1.00802 0.988252
1500 pop2 1.01119 0.99136
1600 pop1 1.00697 0.987229
1600 pop2 1.01187 0.992032
1700 pop1 1.00512 0.985415
1700 pop2 1.01475 0.994856
1800 pop1 1.0043 0.984605
1800 pop2 1.01579 0.995877
1900 pop1 1.00327 0.983601
1900 pop2 1.01696 0.997016
2000 pop1 1.00351 0.983835
2000 pop2 1.0164 0.996473
2100 pop1 1.00489 0.985191
2100 pop2 1.01506 0.995157
2200 pop1 1.00572 0.985995
2200 pop2 1.01414 0.994259
2300 pop1 1.00763 0.987876
2300 pop2 1.01156 0.991721
2400 pop1 1.0063 0.986573
2400 pop2 1.01253 0.992676
2500 pop1 1.00678 0.987036
2500 pop2 1.01388 0.993997
2600 pop1 1.00504 0.985331
2600 pop2 1.01486 0.994956
2700 pop1 1.00462 0.98492
2700 pop2 1.01569 0.995771
2800 pop1 1.00371 0.984034
2800 pop2 1.01613 0.996211
2900 pop1 1.00282 0.983153
2900 pop2 1.01714 0.997198
3000 pop1 1.00288 0.983218
3000 pop2 1.01693 0.996995
3100 pop1 1.00156 0.981918
3100 pop2 1.01785 0.99789
3200 pop1 1.00138 0.981742
3200 pop2 1.0188 0.998821
3300 pop1 1.0006 0.98098
3300 pop2 1.01911 0.999123
3400 pop1 1.00064 0.981015
3400 pop2 1.01915 0.999168
3500 pop1 1.00059 0.98097
3500 pop2 1.01955 0.999555
3600 pop1 1.00092 0.981294
3600 pop2 1.01869 0.998719
3700 pop1 1.0007 0.98108
3700 pop2 1.01946 0.999473
3800 pop1 1.00099 0.98136
3800 pop2 1.0194 0.999414
3900 pop1 1.00163 0.981986
3900 pop2 1.01865 0.99868
4000 pop1 1.00169 0.982048
4000 pop2 1.01846 0.998489
4100 pop1 1.00178 0.982141
4100 pop2 1.01822 0.998253
4200 pop1 1.00097 0.981343
4200 pop2 1.01904 0.999056
4300 pop1 1.00069 0.981069
4300 pop2 1.01934 0.999351
4400 pop1 1.0003 0.980683
4400 pop2 1.01965 0.999656
4500 pop1 1.00116 0.981526
4500 pop2 1.0189 0.998919
4600 pop1 1.00149 0.981854
4600 pop2 1.01867 0.998695
4700 pop1 1.0005 0.980884
4700 pop2 1.01941 0.999421
4800 pop1 1.00035 0.980737
4800 pop2 1.01982 0.999822
4900 pop1 1.00017 0.980557
4900 pop2 1.01988 0.999878
5000 pop1 0.999931 0.980325
5000 pop2 1.02011 1.00011
