1 pop1 1.0 0.909091
1 pop2 1.0 0.909091
100 pop1 1.01952 0.92684
100 pop2 1.02045 0.927684
200 pop1 1.01995 0.927229
200 pop2 1.02186 0.92896
300 pop1 1.01927 0.92661
300 pop2 1.01859 0.925988
400 pop1 1.01725 0.924768
400 pop2 1.02284 0.929857
500 pop1 1.02102 0.928198
500 pop2 1.02341 0.930374
600 pop1 1.02197 0.929065
600 pop2 1.01939 0.926714
700 pop1 1.02326 0.930236
700 pop2 1.02102 0.928198
800 pop1 1.02364 0.930583
800 pop2 1.01558 0.923252
900 pop1 1.0225 0.929548
900 pop2 1.02112 0.928289
1000 pop1 1.02682 0.933472
1000 pop2 1.01141 0.91946
1100 pop1 1.0889 0.989905
1100 pop2 0.963688 0.87608
1200 pop1 1.09854 0.998676
1200 pop2 0.96348 0.875891
1300 pop1 1.10186 1.00169
1300 pop2 0.983564 0.894149
1400 pop1 1.10253 1.0023
1400 pop2 0.998362 0.907601
1500 pop1 1.10251 1.00228
1500 pop2 0.999723 0.908839
1600 pop1 1.1025 1.00227
1600 pop2 1.0 0.909091
1700 pop1 1.1025 1.00227
1700 pop2 1.0 0.909091
1800 pop1 1.1025 1.00227
1800 pop2 1.0 0.909091
1900 pop1 1.1025 1.00227
1900 pop2 1.0 0.909091
2000 pop1 1.1025 1.00227
2000 pop2 1.0 0.909091
2100 pop1 1.1025 1.00227
2100 pop2 1.0 0.909091
2200 pop1 1.1025 1.00227
2200 pop2 1.0 0.909091
2300 pop1 1.1025 1.00227
2300 pop2 1.0 0.909091
2400 pop1 1.1025 1.00227
2400 pop2 1.0 0.909091
2500 pop1 1.1025 1.00227
2500 pop2 1.0 0.909091
2600 pop1 1.1025 1.00227
2600 pop2 1.0 0.909091
2700 pop1 1.1025 1.00227
2700 pop2 1.0 0.909091
2800 pop1 1.1025 1.00227
2800 pop2 1.0 0.909091
2900 pop1 1.1025 1.00227
2900 pop2 1.0 0.909091
3000 pop1 1.1025 1.00227
3000 pop2 1.0 0.909091
3100 pop1 1.1025 1.00227
3100 pop2 1.0 0.909091
3200 pop1 1.1025 1.00227
3200 pop2 1.0 0.909091
3300 pop1 1.1025 1.00227
3300 pop2 1.0 0.909091
3400 pop1 1.1025 1.00227
3400 pop2 1.0 0.909091
3500 pop1 1.1025 1.00227
3500 pop2 1.0 0.909091
3600 pop1 1.1025 1.00227
3600 pop2 1.0 0.909091
3700 pop1 1.1025 1.00227
3700 pop2 1.0 0.909091
3800 pop1 1.1025 1.00227
3800 pop2 1.0 0.909091
3900 pop1 1.1025 1.00227
3900 pop2 1.0 0.909091
4000 pop1 1.1025 1.00227
4000 pop2 1.0 0.909091
4100 pop1 1.1025 1.00227
4100 pop2 1.0 0.909091
4200 pop1 1.1025 1.00227
4200 pop2 1.0 0.909091
4300 pop1 1.1025 1.00227
4300 pop2 1.0 0.909091
4400 pop1 1.1025 1.00227
4400 pop2 1.0 0.909091
4500 pop1 1.1025 1.00227
4500 pop2 1.0 0.909091
4600 pop1 1.1025 1.00227
4600 pop2 1.0 0.909091
4700 pop1 1.1025 1.00227
4700 pop2 1.0 0.909091
4800 pop1 1.1025 1.00227
4800 pop2 1.0 0.909091
4900 pop1 1.1025 1.00227
4900 pop2 1.0 0.909091
5000 pop1 1.1025 1.00227
5000 pop2 1.0 0.909091
