1 pop1 1.0 0.909091
1 pop2 1.0 0.909091
100 pop1 1.08432 0.985747
100 pop2 1.0819 0.983543
200 pop1 1.08064 0.982402
200 pop2 1.08133 0.983025
300 pop1 1.07897 0.980881
300 pop2 1.08288 0.984436
400 pop1 1.08463 0.986024
400 pop2 1.07963 0.981481
500 pop1 1.08047 0.982249
500 pop2 1.08205 0.983683
600 pop1 1.07989 0.981715
600 pop2 1.08669 0.987901
700 pop1 1.08386 0.985329
700 pop2 1.08406 0.985505
800 pop1 1.08758 0.988712
800 pop2 1.08381 0.985286
900 pop1 1.0838 0.985277
900 pop2 1.08748 0.988619
1000 pop1 1.08103 0.982757
1000 pop2 1.08561 0.986921
1100 pop1 1.08839 0.989444
1100 pop2 1.06944 0.972216
1200 pop1 1.08774 0.988854
1200 pop2 1.08152 0.983197
1300 pop1 1.07941 0.98128
1300 pop2 1.08609 0.987355
1400 pop1 1.08475 0.986141
1400 pop2 1.08689 0.988083
1500 pop1 1.08227 0.983879
1500 pop2 1.08494 0.986312
1600 pop1 1.08316 0.984694
1600 pop2 1.08713 0.988296
1700 pop1 1.08204 0.983671
1700 pop2 1.08672 0.98793
1800 pop1 1.08108 0.9828
1800 pop2 1.08292 0.984472
1900 pop1 1.08531 0.986643
1900 pop2 1.08356 0.985057
2000 pop1 1.08506 0.986422
2000 pop2 1.08699 0.988173
2100 pop1 1.08234 0.983946
2100 pop2 1.08785 0.988952
2200 pop1 1.087 0.988178
2200 pop2 1.08678 0.987983
2300 pop1 1.08478 0.986166
2300 pop2 1.08149 0.983172
2400 pop1 1.08628 0.98753
2400 pop2 1.0843 0.985728
2500 pop1 1.08285 0.984409
2500 pop2 1.0877 0.988814
2600 pop1 1.08277 0.984333
2600 pop2 1.08784 0.988946
2700 pop1 1.08701 0.988193
2700 pop2 1.08857 0.989607
2800 pop1 1.08468 0.986071
2800 pop2 1.0865 0.987728
2900 pop1 1.08473 0.986121
2900 pop2 1.0848 0.986179
3000 pop1 1.08374 0.98522
3000 pop2 1.08443 0.985841
3100 pop1 1.08527 0.986613
3100 pop2 1.0852 0.986545
3200 pop1 1.08657 0.987792
3200 pop2 1.08691 0.988104
3300 pop1 1.08565 0.986956
3300 pop2 1.08625 0.9875
3400 pop1 1.08775 0.988867
3400 pop2 1.08536 0.986689
3500 pop1 1.08699 0.988171
3500 pop2 1.08378 0.985251
3600 pop1 1.08702 0.9882
3600 pop2 1.08603 0.987296
3700 pop1 1.08306 0.984597
3700 pop2 1.08755 0.98868
3800 pop1 1.08064 0.9824
3800 pop2 1.08169 0.983357
3900 pop1 1.08272 0.984288
3900 pop2 1.08498 0.986347
4000 pop1 1.0859 0.987183
4000 pop2 1.08473 0.986117
4100 pop1 1.08633 0.98757
4100 pop2 1.0855 0.98682
4200 pop1 1.08544 0.986767
4200 pop2 1.08452 0.985928
4300 pop1 1.08622 0.987475
4300 pop2 1.08794 0.989034
4400 pop1 1.08739 0.988534
4400 pop2 1.08448 0.985888
4500 pop1 1.08565 0.986959
4500 pop2 1.08884 0.989859
4600 pop1 1.08445 0.985861
4600 pop2 1.08477 0.986154
4700 pop1 1.08769 0.988811
4700 pop2 1.08368 0.985167
4800 pop1 1.08662 0.987832
4800 pop2 1.08405 0.985499
4900 pop1 1.08492 0.986289
4900 pop2 1.08531 0.986643
5000 pop1 1.07979 0.981625
5000 pop2 1.08426 0.985693
