1 pop1 1.0 0.980392
1 pop2 1.0 0.980392
100 pop1 1.00022 0.980607
100 pop2 1.00209 0.982441
200 pop1 0.99926 0.979667
200 pop2 1.00207 0.982423
300 pop1 0.997309 0.977754
300 pop2 1.00401 0.98432
400 pop1 0.995491 0.975972
400 pop2 1.00682 0.98708
500 pop1 0.994861 0.975354
500 pop2 1.00617 0.986443
600 pop1 0.994301 0.974805
600 pop2 1.0071 0.987354
700 pop1 0.995464 0.975945
700 pop2 1.00556 0.98584
800 pop1 0.995172 0.975659
800 pop2 1.00582 0.986098
900 pop1 0.996044 0.976514
900 pop2 1.00602 0.986294
1000 pop1 0.995521 0.976001
1000 pop2 1.00653 0.986792
1100 pop1 1.00073 0.981112
1100 pop2 1.00939 0.989594
1200 pop1 1.00236 0.982703
1200 pop2 1.01253 0.99268
1300 pop1 1.00295 0.983289
1300 pop2 1.01325 0.993381
1400 pop1 1.0031 0.983432
1400 pop2 1.01474 0.994839
1500 pop1 1.00407 0.984381
1500 pop2 1.01496 0.995057
1600 pop1 1.00544 0.985729
1600 pop2 1.0153 0.995387
1700 pop1 1.0025 0.98284
1700 pop2 1.0178 0.997839
1800 pop1 1.00218 0.982526
1800 pop2 1.01792 0.997961
1900 pop1 1.00226 0.982605
1900 pop2 1.0183 0.998337
2000 pop1 1.00356 0.983886
2000 pop2 1.01673 0.996793
2100 pop1 1.00419 0.984496
2100 pop2 1.01643 0.996504
2200 pop1 1.00444 0.984749
2200 pop2 1.01587 0.995948
2300 pop1 1.00497 0.985265
2300 pop2 1.01494 0.995039
2400 pop1 1.00495 0.985244
2400 pop2 1.0153 0.995388
2500 pop1 1.00475 0.985048
2500 pop2 1.01521 0.995301
2600 pop1 1.00574 0.986019
2600 pop2 1.01501 0.99511
2700 pop1 1.00458 0.98488
2700 pop2 1.01557 0.995655
2800 pop1 1.00538 0.98567
2800 pop2 1.01488 0.994979
2900 pop1 1.00597 0.986243
2900 pop2 1.01454 0.994644
3000 pop1 1.00658 0.986839
3000 pop2 1.01434 0.994448
3100 pop1 1.0055 0.985784
3100 pop2 1.01434 0.99445
3200 pop1 1.00489 0.985187
3200 pop2 1.01543 0.995517
3300 pop1 1.00559 0.985868
3300 pop2 1.01528 0.995375
3400 pop1 1.00615 0.986424
3400 pop2 1.01398 0.994095
3500 pop1 1.00548 0.98576
3500 pop2 1.01474 0.994841
3600 pop1 1.00835 0.98858
3600 pop2 1.0134 0.993534
3700 pop1 1.0077 0.987939
3700 pop2 1.01351 0.993641
3800 pop1 1.00722 0.987469
3800 pop2 1.01247 0.992619
3900 pop1 1.0084 0.988627
3900 pop2 1.01164 0.991801
4000 pop1 1.00924 0.989454
4000 pop2 1.01202 0.992173
4100 pop1 1.01005 0.990242
4100 pop2 1.01156 0.991722
4200 pop1 1.01026 0.990447
4200 pop2 1.01017 0.990362
4300 pop1 1.0106 0.990788
4300 pop2 1.011 0.991178
4400 pop1 1.00894 0.989162
4400 pop2 1.01141 0.991581
4500 pop1 1.00728 0.987526
4500 pop2 1.01254 0.992689
4600 pop1 1.00699 0.987242
4600 pop2 1.01357 0.993699
4700 pop1 1.00787 0.988105
4700 pop2 1.01334 0.993474
4800 pop1 1.00812 0.98835
4800 pop2 1.01246 0.992607
4900 pop1 1.00737 0.987622
4900 pop2 1.01354 0.993669
5000 pop1 1.00742 0.987666
5000 pop2 1.01307 0.993206
