1 pop1 1.0 0.833333
1 pop2 1.0 0.833333
100 pop1 1.12155 0.934625
100 pop2 1.12454 0.93712
200 pop1 1.11777 0.931474
200 pop2 1.12747 0.939561
300 pop1 1.11809 0.931746
300 pop2 1.12316 0.935963
400 pop1 1.12485 0.937378
400 pop2 1.12354 0.936287
500 pop1 1.12192 0.93493
500 pop2 1.12931 0.941088
600 pop1 1.12779 0.939829
600 pop2 1.11838 0.931987
700 pop1 1.12723 0.939358
700 pop2 1.11773 0.93144
800 pop1 1.12496 0.937466
800 pop2 1.12878 0.94065
900 pop1 1.12717 0.939308
900 pop2 1.12341 0.936177
1000 pop1 1.11969 0.933079
1000 pop2 1.12113 0.934278
1100 pop1 1.1364 0.947004
1100 pop2 1.14795 0.956625
1200 pop1 1.13343 0.944526
1200 pop2 1.14942 0.957853
1300 pop1 1.13229 0.943577
1300 pop2 1.14505 0.954211
1400 pop1 1.13749 0.947908
1400 pop2 1.14956 0.957969
1500 pop1 1.14288 0.952401
1500 pop2 1.14025 0.950207
1600 pop1 1.13117 0.942644
1600 pop2 1.15086 0.959047
1700 pop1 1.14298 0.952485
1700 pop2 1.13686 0.947382
1800 pop1 1.14562 0.954687
1800 pop2 1.14274 0.952287
1900 pop1 1.13658 0.947153
1900 pop2 1.1445 0.953752
2000 pop1 1.14455 0.953793
2000 pop2 1.14142 0.951185
2100 pop1 1.14336 0.952802
2100 pop2 1.14179 0.951491
2200 pop1 1.14185 0.951545
2200 pop2 1.13966 0.949715
2300 pop1 1.13679 0.947323
2300 pop2 1.14677 0.955642
2400 pop1 1.14739 0.956158
2400 pop2 1.13882 0.949019
2500 pop1 1.14359 0.952991
2500 pop2 1.1378 0.948164
2600 pop1 1.1469 0.955748
2600 pop2 1.13422 0.945185
2700 pop1 1.14569 0.954745
2700 pop2 1.1399 0.949915
2800 pop1 1.13934 0.949452
2800 pop2 1.14315 0.952622
2900 pop1 1.13992 0.949935
2900 pop2 1.13694 0.947452
3000 pop1 1.14245 0.952041
3000 pop2 1.14352 0.952934
3100 pop1 1.13195 0.943292
3100 pop2 1.14441 0.953676
3200 pop1 1.14455 0.953793
3200 pop2 1.14483 0.954028
3300 pop1 1.14883 0.957356
3300 pop2 1.13843 0.948688
3400 pop1 1.14133 0.951106
3400 pop2 1.13871 0.948924
3500 pop1 1.14564 0.954699
3500 pop2 1.13856 0.948801
3600 pop1 1.14556 0.95463
3600 pop2 1.13912 0.949265
3700 pop1 1.15167 0.959727
3700 pop2 1.13467 0.945559
3800 pop1 1.1415 0.951249
3800 pop2 1.14326 0.952719
3900 pop1 1.14114 0.950949
3900 pop2 1.14824 0.956864
4000 pop1 1.14735 0.956126
4000 pop2 1.13678 0.947314
4100 pop1 1.13768 0.948067
4100 pop2 1.1426 0.952165
4200 pop1 1.13622 0.946849
4200 pop2 1.14199 0.951658
4300 pop1 1.14452 0.953765
4300 pop2 1.13743 0.94786
4400 pop1 1.13905 0.949206
4400 pop2 1.13706 0.947552
4500 pop1 1.14458 0.953814
4500 pop2 1.14217 0.95181
4600 pop1 1.14603 0.955022
4600 pop2 1.13867 0.948891
4700 pop1 1.14146 0.951215
4700 pop2 1.13347 0.944561
4800 pop1 1.14016 0.950131
4800 pop2 1.13893 0.949107
4900 pop1 1.1373 0.947749
4900 pop2 1.14346 0.95288
5000 pop1 1.14503 0.954193
5000 pop2 1.13631 0.946922
