1 pop1 1.0 0.980392
1 pop2 1.0 0.980392
100 pop1 1.00127 0.981639
100 pop2 1.0007 0.981079
200 pop1 1.00043 0.980812
200 pop2 1.00329 0.983615
300 pop1 1.00152 0.981878
300 pop2 1.00196 0.982311
400 pop1 1.00284 0.983174
400 pop2 1.00086 0.981235
500 pop1 0.999189 0.979597
500 pop2 1.00325 0.983574
600 pop1 1.0011 0.981472
600 pop2 1.00234 0.982684
700 pop1 0.999553 0.979954
700 pop2 1.00406 0.984368
800 pop1 0.995545 0.976025
800 pop2 1.00663 0.986891
900 pop1 0.997212 0.977659
900 pop2 1.00692 0.987179
1000 pop1 0.997266 0.977712
1000 pop2 1.00643 0.9867
1100 pop1 1.00518 0.985466
1100 pop2 0.996461 0.976923
1200 pop1 1.01016 0.99035
1200 pop2 0.996146 0.976614
1300 pop1 1.01528 0.995374
1300 pop2 0.995039 0.975529
1400 pop1 1.01683 0.996894
1400 pop2 0.99577 0.976245
1500 pop1 1.01817 0.998203
1500 pop2 0.996213 0.976679
1600 pop1 1.01734 0.997396
1600 pop2 0.997245 0.977691
1700 pop1 1.01916 0.999174
1700 pop2 0.997163 0.977611
1800 pop1 1.01965 0.999654
1800 pop2 0.997694 0.978131
1900 pop1 1.01989 0.99989
1900 pop2 0.998069 0.978499
2000 pop1 1.0201 1.0001
2000 pop2 0.997809 0.978245
2100 pop1 1.0201 1.0001
2100 pop2 0.998791 0.979207
2200 pop1 1.0201 1.0001
2200 pop2 0.998815 0.97923
2300 pop1 1.0201 1.0001
2300 pop2 0.999749 0.980146
2400 pop1 1.0201 1.0001
2400 pop2 0.999721 0.980118
2500 pop1 1.0201 1.0001
2500 pop2 0.999633 0.980032
2600 pop1 1.0201 1.0001
2600 pop2 0.999912 0.980306
2700 pop1 1.0201 1.0001
2700 pop2 0.999988 0.98038
2800 pop1 1.0201 1.0001
2800 pop2 0.999992 0.980384
2900 pop1 1.0201 1.0001
2900 pop2 1.0 0.980392
3000 pop1 1.0201 1.0001
3000 pop2 1.0 0.980392
3100 pop1 1.0201 1.0001
3100 pop2 1.0 0.980392
3200 pop1 1.0201 1.0001
3200 pop2 1.0 0.980392
3300 pop1 1.0201 1.0001
3300 pop2 1.0 0.980392
3400 pop1 1.0201 1.0001
3400 pop2 1.0 0.980392
3500 pop1 1.0201 1.0001
3500 pop2 1.0 0.980392
3600 pop1 1.0201 1.0001
3600 pop2 1.0 0.980392
3700 pop1 1.0201 1.0001
3700 pop2 1.0 0.980392
3800 pop1 1.0201 1.0001
3800 pop2 1.0 0.980392
3900 pop1 1.0201 1.0001
3900 pop2 1.0 0.980392
4000 pop1 1.0201 1.0001
4000 pop2 1.0 0.980392
4100 pop1 1.0201 1.0001
4100 pop2 1.0 0.980392
4200 pop1 1.0201 1.0001
4200 pop2 1.0 0.980392
4300 pop1 1.0201 1.0001
4300 pop2 1.0 0.980392
4400 pop1 1.0201 1.0001
4400 pop2 1.0 0.980392
4500 pop1 1.0201 1.0001
4500 pop2 1.0 0.980392
4600 pop1 1.0201 1.0001
4600 pop2 1.0 0.980392
4700 pop1 1.0201 1.0001
4700 pop2 1.0 0.980392
4800 pop1 1.0201 1.0001
4800 pop2 1.0 0.980392
4900 pop1 1.0201 1.0001
4900 pop2 1.0 0.980392
5000 pop1 1.0201 1.0001
5000 pop2 1.0 0.980392
