1 pop1 1.0 0.980392
1 pop2 1.0 0.980392
100 pop1 1.00413 0.984442
100 pop2 0.996754 0.97721
200 pop1 1.00318 0.983512
200 pop2 0.998237 0.978664
300 pop1 1.0024 0.982742
300 pop2 0.998685 0.979103
400 pop1 1.00384 0.984156
400 pop2 0.997453 0.977895
500 pop1 1.00362 0.983944
500 pop2 0.998316 0.978741
600 pop1 1.00293 0.983265
600 pop2 0.998324 0.978749
700 pop1 1.00451 0.984815
700 pop2 0.996319 0.976784
800 pop1 1.00521 0.985498
800 pop2 0.996103 0.976571
900 pop1 1.00689 0.987149
900 pop2 0.994274 0.974778
1000 pop1 1.0079 0.988141
1000 pop2 0.993988 0.974498
1100 pop1 1.0125 0.992644
1100 pop2 0.994857 0.97535
1200 pop1 1.0156 0.995684
1200 pop2 0.994042 0.974551
1300 pop1 1.01601 0.996085
1300 pop2 0.994287 0.974791
1400 pop1 1.01768 0.997726
1400 pop2 0.994331 0.974835
1500 pop1 1.01934 0.999358
1500 pop2 0.995941 0.976413
1600 pop1 1.02011 1.00011
1600 pop2 0.996831 0.977285
1700 pop1 1.02011 1.00011
1700 pop2 0.996671 0.977128
1800 pop1 1.02011 1.0001
1800 pop2 0.998022 0.978453
1900 pop1 1.0201 1.0001
1900 pop2 0.998791 0.979207
2000 pop1 1.0201 1.0001
2000 pop2 0.99921 0.979618
2100 pop1 1.0201 1.0001
2100 pop2 0.999342 0.979747
2200 pop1 1.0201 1.0001
2200 pop2 0.999789 0.980185
2300 pop1 1.0201 1.0001
2300 pop2 0.999796 0.980193
2400 pop1 1.0201 1.0001
2400 pop2 1.0 0.980392
2500 pop1 1.0201 1.0001
2500 pop2 1.0 0.980392
2600 pop1 1.0201 1.0001
2600 pop2 1.0 0.980392
2700 pop1 1.0201 1.0001
2700 pop2 1.0 0.980392
2800 pop1 1.0201 1.0001
2800 pop2 1.0 0.980392
2900 pop1 1.0201 1.0001
2900 pop2 1.0 0.980392
3000 pop1 1.0201 1.0001
3000 pop2 1.0 0.980392
3100 pop1 1.0201 1.0001
3100 pop2 1.0 0.980392
3200 pop1 1.0201 1.0001
3200 pop2 1.0 0.980392
3300 pop1 1.0201 1.0001
3300 pop2 1.0 0.980392
3400 pop1 1.0201 1.0001
3400 pop2 1.0 0.980392
3500 pop1 1.0201 1.0001
3500 pop2 1.0 0.980392
3600 pop1 1.0201 1.0001
3600 pop2 1.0 0.980392
3700 pop1 1.0201 1.0001
3700 pop2 1.0 0.980392
3800 pop1 1.0201 1.0001
3800 pop2 1.0 0.980392
3900 pop1 1.0201 1.0001
3900 pop2 1.0 0.980392
4000 pop1 1.0201 1.0001
4000 pop2 1.0 0.980392
4100 pop1 1.0201 1.0001
4100 pop2 1.0 0.980392
4200 pop1 1.0201 1.0001
4200 pop2 1.0 0.980392
4300 pop1 1.0201 1.0001
4300 pop2 1.0 0.980392
4400 pop1 1.0201 1.0001
4400 pop2 1.0 0.980392
4500 pop1 1.0201 1.0001
4500 pop2 1.0 0.980392
4600 pop1 1.0201 1.0001
4600 pop2 1.0 0.980392
4700 pop1 1.0201 1.0001
4700 pop2 1.0 0.980392
4800 pop1 1.0201 1.0001
4800 pop2 1.0 0.980392
4900 pop1 1.0201 1.0001
4900 pop2 1.0 0.980392
5000 pop1 1.0201 1.0001
5000 pop2 1.0 0.980392
