1 pop1 1.0 0.980392
1 pop2 1.0 0.980392
100 pop1 1.00904 0.989251
100 pop2 1.00764 0.987881
200 pop1 1.00987 0.990068
200 pop2 1.00717 0.987423
300 pop1 1.00844 0.988669
300 pop2 1.00948 0.989682
400 pop1 1.00797 0.988203
400 pop2 1.01055 0.990739
500 pop1 1.00821 0.988442
500 pop2 1.00909 0.989304
600 pop1 1.00915 0.989362
600 pop2 1.00904 0.989258
700 pop1 1.00892 0.989133
700 pop2 1.00779 0.988031
800 pop1 1.00931 0.989518
800 pop2 1.00688 0.98714
900 pop1 1.01118 0.991357
900 pop2 1.00643 0.9867
1000 pop1 1.00969 0.989889
1000 pop2 1.00796 0.988195
1100 pop1 1.00886 0.989078
1100 pop2 0.997009 0.977459
1200 pop1 1.01415 0.994263
1200 pop2 0.996412 0.976874
1300 pop1 1.01327 0.993405
1300 pop2 0.996246 0.976712
1400 pop1 1.01613 0.996208
1400 pop2 0.995182 0.975669
1500 pop1 1.01679 0.996853
1500 pop2 0.994481 0.974982
1600 pop1 1.0186 0.998631
1600 pop2 0.994114 0.974622
1700 pop1 1.01789 0.997927
1700 pop2 0.994759 0.975254
1800 pop1 1.01881 0.998835
1800 pop2 0.995143 0.97563
1900 pop1 1.01953 0.999538
1900 pop2 0.99461 0.975107
2000 pop1 1.01861 0.998641
2000 pop2 0.995864 0.976338
2100 pop1 1.0188 0.998819
2100 pop2 0.997987 0.978418
2200 pop1 1.01871 0.998732
2200 pop2 0.99791 0.978344
2300 pop1 1.0195 0.999514
2300 pop2 0.997484 0.977925
2400 pop1 1.01986 0.999865
2400 pop2 0.998489 0.97891
2500 pop1 1.01981 0.999811
2500 pop2 0.999018 0.97943
2600 pop1 1.01939 0.999406
2600 pop2 0.999657 0.980056
2700 pop1 1.0201 1.0001
2700 pop2 0.999896 0.98029
2800 pop1 1.01998 0.99998
2800 pop2 0.99994 0.980333
2900 pop1 1.01992 0.999924
2900 pop2 1.0 0.980392
3000 pop1 1.0201 1.0001
3000 pop2 1.0 0.980392
3100 pop1 1.0201 1.0001
3100 pop2 1.0 0.980392
3200 pop1 1.0201 1.0001
3200 pop2 1.0 0.980392
3300 pop1 1.0201 1.0001
3300 pop2 1.0 0.980392
3400 pop1 1.0201 1.0001
3400 pop2 1.0 0.980392
3500 pop1 1.0201 1.0001
3500 pop2 1.0 0.980392
3600 pop1 1.0201 1.0001
3600 pop2 1.0 0.980392
3700 pop1 1.0201 1.0001
3700 pop2 1.0 0.980392
3800 pop1 1.0201 1.0001
3800 pop2 1.0 0.980392
3900 pop1 1.0201 1.0001
3900 pop2 1.0 0.980392
4000 pop1 1.0201 1.0001
4000 pop2 1.0 0.980392
4100 pop1 1.0201 1.0001
4100 pop2 1.0 0.980392
4200 pop1 1.0201 1.0001
4200 pop2 1.0 0.980392
4300 pop1 1.0201 1.0001
4300 pop2 1.0 0.980392
4400 pop1 1.0201 1.0001
4400 pop2 1.0 0.980392
4500 pop1 1.0201 1.0001
4500 pop2 1.0 0.980392
4600 pop1 1.0201 1.0001
4600 pop2 1.0 0.980392
4700 pop1 1.0201 1.0001
4700 pop2 1.0 0.980392
4800 pop1 1.0201 1.0001
4800 pop2 1.0 0.980392
4900 pop1 1.0201 1.0001
4900 pop2 1.0 0.980392
5000 pop1 1.0201 1.0001
5000 pop2 1.0 0.980392
