1 pop1 1.0 0.980392
1 pop2 1.0 0.980392
100 pop1 1.00827 0.988505
100 pop2 1.00636 0.986625
200 pop1 1.01074 0.990918
200 pop2 1.00451 0.984817
300 pop1 1.00832 0.98855
300 pop2 1.00764 0.987885
400 pop1 1.00999 0.990184
400 pop2 1.00588 0.986153
500 pop1 1.00817 0.988406
500 pop2 1.00874 0.988962
600 pop1 1.0091 0.98931
600 pop2 1.00633 0.986599
700 pop1 1.00833 0.988559
700 pop2 1.01031 0.990499
800 pop1 1.0093 0.989509
800 pop2 1.00776 0.988
900 pop1 1.00762 0.98786
900 pop2 1.0093 0.989514
1000 pop1 1.0073 0.987554
1000 pop2 1.00997 0.990168
1100 pop1 1.01283 0.99297
1100 pop2 0.997601 0.97804
1200 pop1 1.01779 0.997832
1200 pop2 0.997902 0.978335
1300 pop1 1.01806 0.9981
1300 pop2 0.998065 0.978495
1400 pop1 1.01911 0.999125
1400 pop2 0.997941 0.978374
1500 pop1 1.01965 0.999659
1500 pop2 0.998751 0.979168
1600 pop1 1.01998 0.999982
1600 pop2 0.998811 0.979226
1700 pop1 1.02009 1.00008
1700 pop2 0.999238 0.979645
1800 pop1 1.0201 1.0001
1800 pop2 0.999521 0.979923
1900 pop1 1.0201 1.0001
1900 pop2 0.999569 0.97997
2000 pop1 1.0201 1.0001
2000 pop2 0.999453 0.979856
2100 pop1 1.0201 1.0001
2100 pop2 0.999653 0.980052
2200 pop1 1.0201 1.0001
2200 pop2 0.999685 0.980083
2300 pop1 1.0201 1.0001
2300 pop2 0.999485 0.979888
2400 pop1 1.0201 1.0001
2400 pop2 0.999968 0.980361
2500 pop1 1.0201 1.0001
2500 pop2 0.99996 0.980353
2600 pop1 1.0201 1.0001
2600 pop2 1.0 0.980392
2700 pop1 1.0201 1.0001
2700 pop2 1.0 0.980392
2800 pop1 1.0201 1.0001
2800 pop2 1.0 0.980392
2900 pop1 1.0201 1.0001
2900 pop2 1.0 0.980392
3000 pop1 1.0201 1.0001
3000 pop2 1.0 0.980392
3100 pop1 1.0201 1.0001
3100 pop2 1.0 0.980392
3200 pop1 1.0201 1.0001
3200 pop2 1.0 0.980392
3300 pop1 1.0201 1.0001
3300 pop2 1.0 0.980392
3400 pop1 1.0201 1.0001
3400 pop2 1.0 0.980392
3500 pop1 1.0201 1.0001
3500 pop2 1.0 0.980392
3600 pop1 1.0201 1.0001
3600 pop2 1.0 0.980392
3700 pop1 1.0201 1.0001
3700 pop2 1.0 0.980392
3800 pop1 1.0201 1.0001
3800 pop2 1.0 0.980392
3900 pop1 1.0201 1.0001
3900 pop2 1.0 0.980392
4000 pop1 1.0201 1.0001
4000 pop2 1.0 0.980392
4100 pop1 1.0201 1.0001
4100 pop2 1.0 0.980392
4200 pop1 1.0201 1.0001
4200 pop2 1.0 0.980392
4300 pop1 1.0201 1.0001
4300 pop2 1.0 0.980392
4400 pop1 1.0201 1.0001
4400 pop2 1.0 0.980392
4500 pop1 1.0201 1.0001
4500 pop2 1.0 0.980392
4600 pop1 1.0201 1.0001
4600 pop2 1.0 0.980392
4700 pop1 1.0201 1.0001
4700 pop2 1.0 0.980392
4800 pop1 1.0201 1.0001
4800 pop2 1.0 0.980392
4900 pop1 1.0201 1.0001
4900 pop2 1.0 0.980392
5000 pop1 1.0201 1.0001
5000 pop2 1.0 0.980392
