1 pop1 1.0 0.909091
1 pop2 1.0 0.909091
100 pop1 1.08503 0.98639
100 pop2 1.08036 0.982143
200 pop1 1.0813 0.982997
200 pop2 1.0828 0.984359
300 pop1 1.08536 0.986694
300 pop2 1.08722 0.988379
400 pop1 1.07969 0.981539
400 pop2 1.08551 0.98683
500 pop1 1.07949 0.981353
500 pop2 1.08343 0.984939
600 pop1 1.08102 0.982741
600 pop2 1.08434 0.985759
700 pop1 1.08188 0.983526
700 pop2 1.08366 0.985148
800 pop1 1.08242 0.984015
800 pop2 1.08294 0.984494
900 pop1 1.08483 0.986211
900 pop2 1.0839 0.985364
1000 pop1 1.08036 0.982146
1000 pop2 1.08412 0.985565
1100 pop1 1.08949 0.990447
1100 pop2 1.07152 0.97411
1200 pop1 1.08692 0.988111
1200 pop2 1.08572 0.987015
1300 pop1 1.0858 0.987091
1300 pop2 1.08535 0.986679
1400 pop1 1.08583 0.987122
1400 pop2 1.08387 0.985333
1500 pop1 1.08722 0.988382
1500 pop2 1.08598 0.987254
1600 pop1 1.08792 0.989015
1600 pop2 1.08674 0.987948
1700 pop1 1.08551 0.986828
1700 pop2 1.08655 0.987773
1800 pop1 1.08841 0.989463
1800 pop2 1.08689 0.98808
1900 pop1 1.08383 0.985302
1900 pop2 1.08661 0.987832
2000 pop1 1.08696 0.988142
2000 pop2 1.08561 0.986919
2100 pop1 1.08511 0.986463
2100 pop2 1.08412 0.985564
2200 pop1 1.08307 0.984611
2200 pop2 1.08757 0.988702
2300 pop1 1.0845 0.985911
2300 pop2 1.08691 0.988104
2400 pop1 1.08849 0.98954
2400 pop2 1.08576 0.987055
2500 pop1 1.08654 0.987762
2500 pop2 1.0866 0.987818
2600 pop1 1.08631 0.987552
2600 pop2 1.08401 0.985467
2700 pop1 1.08306 0.984598
2700 pop2 1.08634 0.987585
2800 pop1 1.08671 0.987914
2800 pop2 1.08821 0.989282
2900 pop1 1.08421 0.985646
2900 pop2 1.09048 0.991347
3000 pop1 1.08478 0.986167
3000 pop2 1.08582 0.987107
3100 pop1 1.08877 0.98979
3100 pop2 1.08454 0.985942
3200 pop1 1.08624 0.987495
3200 pop2 1.08735 0.988504
3300 pop1 1.08228 0.98389
3300 pop2 1.0877 0.988814
3400 pop1 1.0879 0.988998
3400 pop2 1.0861 0.987362
3500 pop1 1.08157 0.983244
3500 pop2 1.08465 0.986048
3600 pop1 1.09025 0.991132
3600 pop2 1.08546 0.986779
3700 pop1 1.08531 0.986649
3700 pop2 1.08758 0.988711
3800 pop1 1.08371 0.985192
3800 pop2 1.08555 0.986866
3900 pop1 1.08429 0.985717
3900 pop2 1.08528 0.986617
4000 pop1 1.08632 0.987564
4000 pop2 1.0848 0.986179
4100 pop1 1.08454 0.98595
4100 pop2 1.08448 0.985888
4200 pop1 1.08592 0.987197
4200 pop2 1.08309 0.984629
4300 pop1 1.08687 0.988065
4300 pop2 1.08194 0.983585
4400 pop1 1.08524 0.986581
4400 pop2 1.08269 0.984266
4500 pop1 1.08461 0.986011
4500 pop2 1.08373 0.985209
4600 pop1 1.08828 0.989347
4600 pop2 1.08499 0.986356
4700 pop1 1.08582 0.987108
4700 pop2 1.08569 0.986989
4800 pop1 1.08626 0.987511
4800 pop2 1.08754 0.988676
4900 pop1 1.08477 0.986151
4900 pop2 1.08726 0.988416
5000 pop1 1.08705 0.988224
5000 pop2 1.08542 0.98675
