1 pop1 1.0 0.833333
1 pop2 1.0 0.833333
100 pop1 1.19364 0.994703
100 pop2 1.19139 0.992826
200 pop1 1.19035 0.99196
200 pop2 1.18959 0.991328
300 pop1 1.18817 0.99014
300 pop2 1.19263 0.993859
400 pop1 1.18838 0.99032
400 pop2 1.18566 0.988048
500 pop1 1.18998 0.991649
500 pop2 1.1837 0.986418
600 pop1 1.18797 0.989977
600 pop2 1.19118 0.992651
700 pop1 1.18795 0.989957
700 pop2 1.19021 0.991845
800 pop1 1.1896 0.991331
800 pop2 1.19353 0.994609
900 pop1 1.18967 0.991393
900 pop2 1.19495 0.995792
1000 pop1 1.19119 0.992658
1000 pop2 1.19267 0.993893
1100 pop1 1.19224 0.99353
1100 pop2 1.18855 0.990457
1200 pop1 1.19025 0.991875
1200 pop2 1.191 0.992503
1300 pop1 1.19208 0.993397
1300 pop2 1.18537 0.98781
1400 pop1 1.19244 0.993696
1400 pop2 1.18797 0.989972
1500 pop1 1.18971 0.991423
1500 pop2 1.19299 0.994158
1600 pop1 1.18729 0.989405
1600 pop2 1.18934 0.99112
1700 pop1 1.19598 0.996651
1700 pop2 1.19005 0.991705
1800 pop1 1.18512 0.987604
1800 pop2 1.18988 0.99157
1900 pop1 1.18928 0.99107
1900 pop2 1.18836 0.990298
2000 pop1 1.19076 0.992301
2000 pop2 1.19265 0.993873
2100 pop1 1.18683 0.989022
2100 pop2 1.1879 0.98992
2200 pop1 1.18847 0.990393
2200 pop2 1.1905 0.992079
2300 pop1 1.1901 0.991747
2300 pop2 1.19174 0.993116
2400 pop1 1.19041 0.992007
2400 pop2 1.19236 0.993636
2500 pop1 1.19373 0.994771
2500 pop2 1.1882 0.990168
2600 pop1 1.19318 0.994316
2600 pop2 1.19089 0.992404
2700 pop1 1.19003 0.991688
2700 pop2 1.19279 0.993994
2800 pop1 1.18991 0.991589
2800 pop2 1.19074 0.992286
2900 pop1 1.19003 0.991688
2900 pop2 1.18852 0.990436
3000 pop1 1.19145 0.992876
3000 pop2 1.1915 0.992916
3100 pop1 1.19142 0.992852
3100 pop2 1.18823 0.990188
3200 pop1 1.18857 0.990478
3200 pop2 1.19171 0.993088
3300 pop1 1.19204 0.993369
3300 pop2 1.18994 0.991617
3400 pop1 1.19301 0.994178
3400 pop2 1.18282 0.985683
3500 pop1 1.18962 0.991351
3500 pop2 1.18626 0.98855
3600 pop1 1.18937 0.991142
3600 pop2 1.18827 0.990226
3700 pop1 1.19093 0.992442
3700 pop2 1.19119 0.99266
3800 pop1 1.19223 0.993525
3800 pop2 1.19484 0.995696
3900 pop1 1.18917 0.990977
3900 pop2 1.19111 0.992588
4000 pop1 1.18602 0.988347
4000 pop2 1.1898 0.991499
4100 pop1 1.19096 0.992469
4100 pop2 1.188 0.990003
4200 pop1 1.19066 0.992216
4200 pop2 1.18828 0.990236
4300 pop1 1.19081 0.992342
4300 pop2 1.1908 0.992336
4400 pop1 1.19322 0.994349
4400 pop2 1.18454 0.987114
4500 pop1 1.19441 0.995341
4500 pop2 1.1885 0.990417
4600 pop1 1.19329 0.994408
4600 pop2 1.19128 0.99273
4700 pop1 1.1922 0.993496
4700 pop2 1.18822 0.990187
4800 pop1 1.19063 0.99219
4800 pop2 1.18976 0.99147
4900 pop1 1.19444 0.99537
4900 pop2 1.18906 0.990887
5000 pop1 1.19223 0.993527
5000 pop2 1.18911 0.990928
