1 pop1 1.0 0.980392
1 pop2 1.0 0.980392
100 pop1 1.00188 0.982238
100 pop2 1.00061 0.980994
200 pop1 1.00056 0.980941
200 pop2 1.00296 0.983293
300 pop1 1.00452 0.984827
300 pop2 1.00032 0.980702
400 pop1 1.0073 0.987546
400 pop2 0.99603 0.9765
500 pop1 1.00406 0.98437
500 pop2 0.999389 0.979793
600 pop1 1.00114 0.981506
600 pop2 1.00309 0.983418
700 pop1 0.998339 0.978764
700 pop2 1.0047 0.984996
800 pop1 1.00045 0.980836
800 pop2 1.00409 0.984399
900 pop1 0.998291 0.978716
900 pop2 1.00525 0.985536
1000 pop1 0.996221 0.976687
1000 pop2 1.00721 0.987462
1100 pop1 1.00269 0.983031
1100 pop2 0.996396 0.976859
1200 pop1 1.00931 0.989521
1200 pop2 0.995732 0.976208
1300 pop1 1.01148 0.991645
1300 pop2 0.994919 0.975411
1400 pop1 1.01487 0.994966
1400 pop2 0.994181 0.974687
1500 pop1 1.01619 0.996267
1500 pop2 0.994498 0.974998
1600 pop1 1.01883 0.998856
1600 pop2 0.995034 0.975524
1700 pop1 1.01944 0.999448
1700 pop2 0.995126 0.975613
1800 pop1 1.01956 0.99957
1800 pop2 0.996666 0.977123
1900 pop1 1.02009 1.00009
1900 pop2 0.997364 0.977808
2000 pop1 1.0201 1.0001
2000 pop2 0.99813 0.978559
2100 pop1 1.0201 1.0001
2100 pop2 0.999294 0.9797
2200 pop1 1.0201 1.0001
2200 pop2 0.999693 0.980091
2300 pop1 1.0201 1.0001
2300 pop2 0.999832 0.980228
2400 pop1 1.0201 1.0001
2400 pop2 1.0 0.980392
2500 pop1 1.0201 1.0001
2500 pop2 1.0 0.980392
2600 pop1 1.0201 1.0001
2600 pop2 1.0 0.980392
2700 pop1 1.0201 1.0001
2700 pop2 1.0 0.980392
2800 pop1 1.0201 1.0001
2800 pop2 1.0 0.980392
2900 pop1 1.0201 1.0001
2900 pop2 1.0 0.980392
3000 pop1 1.0201 1.0001
3000 pop2 1.0 0.980392
3100 pop1 1.0201 1.0001
3100 pop2 1.0 0.980392
3200 pop1 1.0201 1.0001
3200 pop2 1.0 0.980392
3300 pop1 1.0201 1.0001
3300 pop2 1.0 0.980392
3400 pop1 1.0201 1.0001
3400 pop2 1.0 0.980392
3500 pop1 1.0201 1.0001
3500 pop2 1.0 0.980392
3600 pop1 1.0201 1.0001
3600 pop2 1.0 0.980392
3700 pop1 1.0201 1.0001
3700 pop2 1.0 0.980392
3800 pop1 1.0201 1.0001
3800 pop2 1.0 0.980392
3900 pop1 1.0201 1.0001
3900 pop2 1.0 0.980392
4000 pop1 1.0201 1.0001
4000 pop2 1.0 0.980392
4100 pop1 1.0201 1.0001
4100 pop2 1.0 0.980392
4200 pop1 1.0201 1.0001
4200 pop2 1.0 0.980392
4300 pop1 1.0201 1.0001
4300 pop2 1.0 0.980392
4400 pop1 1.0201 1.0001
4400 pop2 1.0 0.980392
4500 pop1 1.0201 1.0001
4500 pop2 1.0 0.980392
4600 pop1 1.0201 1.0001
4600 pop2 1.0 0.980392
4700 pop1 1.0201 1.0001
4700 pop2 1.0 0.980392
4800 pop1 1.0201 1.0001
4800 pop2 1.0 0.980392
4900 pop1 1.0201 1.0001
4900 pop2 1.0 0.980392
5000 pop1 1.0201 1.0001
5000 pop2 1.0 0.980392
