1 pop1 1.0 0.980392
1 pop2 1.0 0.980392
100 pop1 1.00264 0.982982
100 pop2 1.00094 0.981313
200 pop1 1.00376 0.984074
200 pop2 0.998469 0.978891
300 pop1 1.00168 0.982038
300 pop2 0.999954 0.980347
400 pop1 1.00259 0.982927
400 pop2 0.999979 0.980372
500 pop1 1.00259 0.982927
500 pop2 0.998417 0.97884
600 pop1 1.00162 0.981985
600 pop2 1.00028 0.98067
700 pop1 1.00196 0.982311
700 pop2 0.998506 0.978927
800 pop1 1.00315 0.983479
800 pop2 0.999719 0.980117
900 pop1 1.00462 0.984926
900 pop2 0.996063 0.976533
1000 pop1 1.00418 0.984492
1000 pop2 0.99837 0.978794
1100 pop1 1.00746 0.987701
1100 pop2 1.00177 0.982128
1200 pop1 1.00928 0.989487
1200 pop2 1.00413 0.984444
1300 pop1 1.00801 0.988245
1300 pop2 1.00793 0.988164
1400 pop1 1.00709 0.987348
1400 pop2 1.01071 0.990891
1500 pop1 1.00753 0.987771
1500 pop2 1.01091 0.991087
1600 pop1 1.00632 0.986586
1600 pop2 1.01344 0.993564
1700 pop1 1.00565 0.985929
1700 pop2 1.01454 0.994645
1800 pop1 1.00527 0.985559
1800 pop2 1.01397 0.99409
1900 pop1 1.00628 0.986551
1900 pop2 1.01306 0.993199
2000 pop1 1.00464 0.984944
2000 pop2 1.01507 0.995164
2100 pop1 1.00513 0.985426
2100 pop2 1.01542 0.995509
2200 pop1 1.00587 0.986152
2200 pop2 1.01436 0.994468
2300 pop1 1.0058 0.986082
2300 pop2 1.01485 0.99495
2400 pop1 1.00392 0.984233
2400 pop2 1.01598 0.99606
2500 pop1 1.00607 0.986346
2500 pop2 1.0145 0.994608
2600 pop1 1.00574 0.986016
2600 pop2 1.01432 0.994428
2700 pop1 1.0066 0.986862
2700 pop2 1.01455 0.994656
2800 pop1 1.006 0.986276
2800 pop2 1.01475 0.994851
2900 pop1 1.00633 0.986596
2900 pop2 1.01419 0.9943
3000 pop1 1.0063 0.986571
3000 pop2 1.01485 0.994952
3100 pop1 1.00672 0.986976
3100 pop2 1.01323 0.993367
3200 pop1 1.00865 0.988874
3200 pop2 1.01245 0.992598
3300 pop1 1.00827 0.988497
3300 pop2 1.01303 0.993169
3400 pop1 1.00729 0.987544
3400 pop2 1.01297 0.993111
3500 pop1 1.00696 0.987211
3500 pop2 1.01341 0.993535
3600 pop1 1.00676 0.987016
3600 pop2 1.01358 0.993704
3700 pop1 1.00516 0.985448
3700 pop2 1.01509 0.995186
3800 pop1 1.00451 0.984815
3800 pop2 1.01638 0.996455
3900 pop1 1.00408 0.984387
3900 pop2 1.01604 0.996113
4000 pop1 1.00449 0.984794
4000 pop2 1.01554 0.995624
4100 pop1 1.00525 0.985534
4100 pop2 1.01518 0.995275
4200 pop1 1.00606 0.98633
4200 pop2 1.01426 0.99437
4300 pop1 1.00574 0.986017
4300 pop2 1.01482 0.994926
4400 pop1 1.00751 0.987755
4400 pop2 1.01274 0.992878
4500 pop1 1.00734 0.987589
4500 pop2 1.01386 0.993978
4600 pop1 1.00644 0.986706
4600 pop2 1.01405 0.994164
4700 pop1 1.00795 0.98819
4700 pop2 1.01257 0.992718
4800 pop1 1.00735 0.987599
4800 pop2 1.01321 0.993348
4900 pop1 1.00709 0.987342
4900 pop2 1.01334 0.993466
5000 pop1 1.00738 0.987631
5000 pop2 1.01346 0.993584
