1 pop1 1.0 0.980392
1 pop2 1.0 0.980392
100 pop1 1.00651 0.986771
100 pop2 1.00787 0.988106
200 pop1 1.00804 0.988277
200 pop2 1.0084 0.988631
300 pop1 1.00835 0.988575
300 pop2 1.00949 0.989698
400 pop1 1.00558 0.98586
400 pop2 1.01026 0.990454
500 pop1 1.00703 0.987283
500 pop2 1.00681 0.987069
600 pop1 1.00553 0.985816
600 pop2 1.00875 0.988971
700 pop1 1.00805 0.988284
700 pop2 1.0085 0.988727
800 pop1 1.00642 0.986691
800 pop2 1.00883 0.989046
900 pop1 1.00923 0.989445
900 pop2 1.00879 0.989008
1000 pop1 1.00909 0.989303
1000 pop2 1.00779 0.988032
1100 pop1 1.01158 0.991748
1100 pop2 0.99855 0.97897
1200 pop1 1.01444 0.994546
1200 pop2 0.998102 0.978532
1300 pop1 1.01521 0.995303
1300 pop2 0.99542 0.975902
1400 pop1 1.01697 0.997025
1400 pop2 0.995879 0.976352
1500 pop1 1.01829 0.998321
1500 pop2 0.995334 0.975818
1600 pop1 1.01853 0.998557
1600 pop2 0.994694 0.97519
1700 pop1 1.01957 0.999574
1700 pop2 0.995625 0.976102
1800 pop1 1.01986 0.999864
1800 pop2 0.995812 0.976287
1900 pop1 1.02001 1.00001
1900 pop2 0.997152 0.9776
2000 pop1 1.02011 1.00011
2000 pop2 0.998057 0.978487
2100 pop1 1.02011 1.0001
2100 pop2 0.997913 0.978346
2200 pop1 1.0201 1.0001
2200 pop2 0.999342 0.979747
2300 pop1 1.0201 1.0001
2300 pop2 0.999429 0.979833
2400 pop1 1.0201 1.0001
2400 pop2 0.999872 0.980267
2500 pop1 1.0201 1.0001
2500 pop2 1.0 0.980392
2600 pop1 1.0201 1.0001
2600 pop2 1.0 0.980392
2700 pop1 1.0201 1.0001
2700 pop2 1.0 0.980392
2800 pop1 1.0201 1.0001
2800 pop2 1.0 0.980392
2900 pop1 1.0201 1.0001
2900 pop2 1.0 0.980392
3000 pop1 1.0201 1.0001
3000 pop2 1.0 0.980392
3100 pop1 1.0201 1.0001
3100 pop2 1.0 0.980392
3200 pop1 1.0201 1.0001
3200 pop2 1.0 0.980392
3300 pop1 1.0201 1.0001
3300 pop2 1.0 0.980392
3400 pop1 1.0201 1.0001
3400 pop2 1.0 0.980392
3500 pop1 1.0201 1.0001
3500 pop2 1.0 0.980392
3600 pop1 1.0201 1.0001
3600 pop2 1.0 0.980392
3700 pop1 1.0201 1.0001
3700 pop2 1.0 0.980392
3800 pop1 1.0201 1.0001
3800 pop2 1.0 0.980392
3900 pop1 1.0201 1.0001
3900 pop2 1.0 0.980392
4000 pop1 1.0201 1.0001
4000 pop2 1.0 0.980392
4100 pop1 1.0201 1.0001
4100 pop2 1.0 0.980392
4200 pop1 1.0201 1.0001
4200 pop2 1.0 0.980392
4300 pop1 1.0201 1.0001
4300 pop2 1.0 0.980392
4400 pop1 1.0201 1.0001
4400 pop2 1.0 0.980392
4500 pop1 1.0201 1.0001
4500 pop2 1.0 0.980392
4600 pop1 1.0201 1.0001
4600 pop2 1.0 0.980392
4700 pop1 1.0201 1.0001
4700 pop2 1.0 0.980392
4800 pop1 1.0201 1.0001
4800 pop2 1.0 0.980392
4900 pop1 1.0201 1.0001
4900 pop2 1.0 0.980392
5000 pop1 1.0201 1.0001
5000 pop2 1.0 0.980392
