1 pop1 1.0 0.909091
1 pop2 1.0 0.909091
100 pop1 1.01619 0.923808
100 pop2 1.01737 0.924886
200 pop1 1.01483 0.922573
200 pop2 1.01635 0.923952
300 pop1 1.00598 0.914524
300 pop2 1.02234 0.929396
400 pop1 1.01417 0.921972
400 pop2 1.00716 0.915599
500 pop1 1.01753 0.925032
500 pop2 1.008 0.916367
600 pop1 1.02295 0.92995
600 pop2 1.00295 0.91177
700 pop1 1.02384 0.930762
700 pop2 1.00603 0.914571
800 pop1 1.02359 0.93054
800 pop2 1.00686 0.915329
900 pop1 1.01767 0.925154
900 pop2 1.01751 0.925008
1000 pop1 1.01529 0.922989
1000 pop2 1.01767 0.925155
1100 pop1 1.06153 0.965029
1100 pop2 1.04125 0.946594
1200 pop1 1.05624 0.960218
1200 pop2 1.05102 0.955472
1300 pop1 1.0518 0.956186
1300 pop2 1.05927 0.962975
1400 pop1 1.04371 0.948827
1400 pop2 1.06581 0.968914
1500 pop1 1.05193 0.956303
1500 pop2 1.0603 0.963909
1600 pop1 1.048 0.952729
1600 pop2 1.0602 0.963814
1700 pop1 1.05649 0.960441
1700 pop2 1.05272 0.957018
1800 pop1 1.05655 0.960499
1800 pop2 1.05243 0.956754
1900 pop1 1.05623 0.960211
1900 pop2 1.0564 0.96036
2000 pop1 1.05609 0.960082
2000 pop2 1.05731 0.961195
2100 pop1 1.05575 0.959775
2100 pop2 1.05587 0.959882
2200 pop1 1.05658 0.960528
2200 pop2 1.05356 0.957784
2300 pop1 1.05158 0.955986
2300 pop2 1.05926 0.962961
2400 pop1 1.05107 0.955522
2400 pop2 1.05762 0.961475
2500 pop1 1.05734 0.96122
2500 pop2 1.05301 0.957286
2600 pop1 1.04807 0.952786
2600 pop2 1.06308 0.966436
2700 pop1 1.04757 0.952338
2700 pop2 1.06119 0.964717
2800 pop1 1.05815 0.961956
2800 pop2 1.05352 0.957748
2900 pop1 1.05421 0.958368
2900 pop2 1.05366 0.957872
3000 pop1 1.04986 0.954419
3000 pop2 1.05999 0.963632
3100 pop1 1.05398 0.958164
3100 pop2 1.05725 0.961135
3200 pop1 1.05289 0.957176
3200 pop2 1.057 0.960908
3300 pop1 1.06093 0.964483
3300 pop2 1.05017 0.954704
3400 pop1 1.05898 0.962712
3400 pop2 1.05157 0.955968
3500 pop1 1.05458 0.958711
3500 pop2 1.0578 0.961636
3600 pop1 1.05572 0.959747
3600 pop2 1.05153 0.955933
3700 pop1 1.05023 0.954756
3700 pop2 1.0585 0.962274
3800 pop1 1.06016 0.963785
3800 pop2 1.05337 0.957605
3900 pop1 1.06479 0.967992
3900 pop2 1.04561 0.950559
4000 pop1 1.06513 0.968298
4000 pop2 1.04804 0.952765
4100 pop1 1.0613 0.964815
4100 pop2 1.04953 0.954121
4200 pop1 1.05268 0.956978
4200 pop2 1.05923 0.962938
4300 pop1 1.06032 0.963925
4300 pop2 1.05068 0.955163
4400 pop1 1.06093 0.964482
4400 pop2 1.04941 0.954009
4500 pop1 1.05962 0.963289
4500 pop2 1.05127 0.955702
4600 pop1 1.06042 0.964022
4600 pop2 1.05287 0.957155
4700 pop1 1.06585 0.968951
4700 pop2 1.04365 0.94877
4800 pop1 1.063 0.966361
4800 pop2 1.04951 0.954096
4900 pop1 1.0669 0.96991
4900 pop2 1.04769 0.952448
5000 pop1 1.05606 0.960057
5000 pop2 1.05442 0.958563
