1 pop1 1.0 0.980392
1 pop2 1.0 0.980392
100 pop1 1.00294 0.983279
100 pop2 0.999152 0.979561
200 pop1 1.00509 0.985379
200 pop2 0.997795 0.97823
300 pop1 1.00308 0.983415
300 pop2 0.999362 0.979766
400 pop1 1.00057 0.98095
400 pop2 1.00271 0.98305
500 pop1 1.00038 0.980769
500 pop2 1.00227 0.98262
600 pop1 1.00152 0.981886
600 pop2 1.00082 0.981199
700 pop1 1.00161 0.981975
700 pop2 1.00097 0.981343
800 pop1 1.00077 0.981142
800 pop2 1.00109 0.981462
900 pop1 1.00234 0.982689
900 pop2 0.99928 0.979687
1000 pop1 1.00238 0.982722
1000 pop2 0.999061 0.979472
1100 pop1 1.00523 0.985517
1100 pop2 1.00545 0.985735
1200 pop1 1.00767 0.987907
1200 pop2 1.00762 0.987863
1300 pop1 1.00806 0.988298
1300 pop2 1.00903 0.989247
1400 pop1 1.00833 0.988563
1400 pop2 1.00954 0.989749
1500 pop1 1.00795 0.988187
1500 pop2 1.01096 0.991136
1600 pop1 1.00969 0.98989
1600 pop2 1.00886 0.98908
1700 pop1 1.00839 0.988617
1700 pop2 1.01117 0.991346
1800 pop1 1.00616 0.986428
1800 pop2 1.01316 0.993291
1900 pop1 1.00572 0.985997
1900 pop2 1.0144 0.99451
2000 pop1 1.00337 0.983695
2000 pop2 1.01613 0.996203
2100 pop1 1.00285 0.983189
2100 pop2 1.01678 0.996841
2200 pop1 1.00259 0.982931
2200 pop2 1.01753 0.997579
2300 pop1 1.00231 0.982655
2300 pop2 1.01789 0.997932
2400 pop1 1.00192 0.982276
2400 pop2 1.01854 0.998571
2500 pop1 1.00186 0.982213
2500 pop2 1.01843 0.998457
2600 pop1 1.00158 0.981941
2600 pop2 1.01831 0.998347
2700 pop1 1.00102 0.981393
2700 pop2 1.01877 0.998798
2800 pop1 1.00058 0.980963
2800 pop2 1.01959 0.999601
2900 pop1 1.00061 0.980989
2900 pop2 1.01961 0.999615
3000 pop1 1.00067 0.981054
3000 pop2 1.0196 0.999604
3100 pop1 1.00033 0.980719
3100 pop2 1.01969 0.999699
3200 pop1 0.999947 0.98034
3200 pop2 1.02008 1.00008
3300 pop1 0.999911 0.980304
3300 pop2 1.02011 1.00011
3400 pop1 0.999908 0.980302
3400 pop2 1.02011 1.00011
3500 pop1 0.999908 0.980302
3500 pop2 1.02011 1.00011
3600 pop1 0.999909 0.980303
3600 pop2 1.02011 1.00011
3700 pop1 0.99991 0.980304
3700 pop2 1.02011 1.00011
3800 pop1 0.999912 0.980306
3800 pop2 1.02011 1.00011
3900 pop1 0.999912 0.980306
3900 pop2 1.02011 1.00011
4000 pop1 0.999912 0.980306
4000 pop2 1.02011 1.00011
4100 pop1 0.999912 0.980306
4100 pop2 1.02011 1.00011
4200 pop1 0.999911 0.980305
4200 pop2 1.02011 1.00011
4300 pop1 0.999911 0.980305
4300 pop2 1.02011 1.00011
4400 pop1 0.999908 0.980302
4400 pop2 1.02011 1.00011
4500 pop1 0.999908 0.980302
4500 pop2 1.02011 1.00011
4600 pop1 0.999911 0.980304
4600 pop2 1.02011 1.00011
4700 pop1 0.999911 0.980305
4700 pop2 1.02011 1.00011
4800 pop1 0.999911 0.980305
4800 pop2 1.02011 1.00011
4900 pop1 0.99991 0.980304
4900 pop2 1.02011 1.00011
5000 pop1 0.999911 0.980304
5000 pop2 1.02011 1.00011
