1 pop1 1.0 0.833333
1 pop2 1.0 0.833333
100 pop1 1.19194 0.993281
100 pop2 1.19077 0.992308
200 pop1 1.19216 0.99347
200 pop2 1.19248 0.993734
300 pop1 1.18997 0.991641
300 pop2 1.18818 0.990148
400 pop1 1.19156 0.992968
400 pop2 1.18918 0.990981
500 pop1 1.18808 0.990069
500 pop2 1.18832 0.990265
600 pop1 1.18561 0.988012
600 pop2 1.19263 0.993857
700 pop1 1.1907 0.99225
700 pop2 1.19157 0.992972
800 pop1 1.1911 0.992582
800 pop2 1.18979 0.99149
900 pop1 1.19201 0.993342
900 pop2 1.18685 0.989039
1000 pop1 1.1931 0.99425
1000 pop2 1.1899 0.991585
1100 pop1 1.19264 0.99387
1100 pop2 1.18955 0.991291
1200 pop1 1.19007 0.991721
1200 pop2 1.19319 0.994324
1300 pop1 1.19165 0.993042
1300 pop2 1.18775 0.989794
1400 pop1 1.19013 0.991776
1400 pop2 1.19182 0.993181
1500 pop1 1.18989 0.991578
1500 pop2 1.19495 0.995795
1600 pop1 1.1924 0.993668
1600 pop2 1.19298 0.99415
1700 pop1 1.19316 0.994302
1700 pop2 1.19143 0.992856
1800 pop1 1.19358 0.994654
1800 pop2 1.19052 0.992101
1900 pop1 1.19448 0.995398
1900 pop2 1.19016 0.991798
2000 pop1 1.19094 0.992449
2000 pop2 1.19331 0.994423
2100 pop1 1.19256 0.993803
2100 pop2 1.19383 0.99486
2200 pop1 1.19217 0.993473
2200 pop2 1.18985 0.991542
2300 pop1 1.19061 0.992176
2300 pop2 1.18726 0.989381
2400 pop1 1.19107 0.992558
2400 pop2 1.19081 0.992345
2500 pop1 1.19274 0.993947
2500 pop2 1.19511 0.995926
2600 pop1 1.1909 0.992414
2600 pop2 1.19127 0.992729
2700 pop1 1.18282 0.985681
2700 pop2 1.19352 0.994598
2800 pop1 1.19228 0.993563
2800 pop2 1.19292 0.994098
2900 pop1 1.19162 0.993013
2900 pop2 1.19243 0.993693
3000 pop1 1.19325 0.994379
3000 pop2 1.18922 0.991016
3100 pop1 1.18985 0.991545
3100 pop2 1.19197 0.993308
3200 pop1 1.19113 0.992608
3200 pop2 1.191 0.992499
3300 pop1 1.19229 0.993577
3300 pop2 1.19034 0.991953
3400 pop1 1.19578 0.996479
3400 pop2 1.1934 0.994496
3500 pop1 1.19194 0.993287
3500 pop2 1.18977 0.991476
3600 pop1 1.1915 0.992915
3600 pop2 1.19382 0.994849
3700 pop1 1.19358 0.994653
3700 pop2 1.19137 0.992806
3800 pop1 1.19479 0.995661
3800 pop2 1.19607 0.996727
3900 pop1 1.19721 0.997672
3900 pop2 1.19349 0.994578
4000 pop1 1.18962 0.991352
4000 pop2 1.1928 0.993998
4100 pop1 1.19333 0.994441
4100 pop2 1.19223 0.993521
4200 pop1 1.19096 0.992471
4200 pop2 1.18955 0.991293
4300 pop1 1.18998 0.991652
4300 pop2 1.18957 0.991304
4400 pop1 1.19419 0.995156
4400 pop2 1.19136 0.992802
4500 pop1 1.19113 0.992608
4500 pop2 1.1918 0.993165
4600 pop1 1.19265 0.993877
4600 pop2 1.19018 0.991818
4700 pop1 1.18848 0.990401
4700 pop2 1.19597 0.996644
4800 pop1 1.19004 0.991702
4800 pop2 1.19113 0.992608
4900 pop1 1.19122 0.992684
4900 pop2 1.19276 0.99397
5000 pop1 1.19239 0.993655
5000 pop2 1.19113 0.992605
