1 pop1 1.0 0.833333
1 pop2 1.0 0.833333
100 pop1 1.18651 0.988755
100 pop2 1.19291 0.994094
200 pop1 1.18905 0.990878
200 pop2 1.1931 0.994248
300 pop1 1.18534 0.987786
300 pop2 1.19208 0.993397
400 pop1 1.19107 0.992562
400 pop2 1.18886 0.990717
500 pop1 1.19338 0.99448
500 pop2 1.18813 0.990108
600 pop1 1.19163 0.993024
600 pop2 1.19376 0.994803
700 pop1 1.19275 0.993956
700 pop2 1.19103 0.992524
800 pop1 1.18761 0.989675
800 pop2 1.19124 0.992697
900 pop1 1.18657 0.988812
900 pop2 1.18586 0.988214
1000 pop1 1.19182 0.99318
1000 pop2 1.18951 0.991256
1100 pop1 1.20162 1.00135
1100 pop2 0.995515 0.829596
1200 pop1 1.20568 1.00473
1200 pop2 0.998518 0.832098
1300 pop1 1.20871 1.00726
1300 pop2 0.999454 0.832878
1400 pop1 1.2091 1.00758
1400 pop2 0.999961 0.833301
1500 pop1 1.20871 1.00726
1500 pop2 1.0 0.833333
1600 pop1 1.20966 1.00805
1600 pop2 1.0 0.833333
1700 pop1 1.21 1.00833
1700 pop2 1.0 0.833333
1800 pop1 1.21 1.00833
1800 pop2 1.0 0.833333
1900 pop1 1.21 1.00833
1900 pop2 1.0 0.833333
2000 pop1 1.21 1.00833
2000 pop2 1.0 0.833333
2100 pop1 1.21 1.00833
2100 pop2 1.0 0.833333
2200 pop1 1.21 1.00833
2200 pop2 1.0 0.833333
2300 pop1 1.21 1.00833
2300 pop2 1.0 0.833333
2400 pop1 1.21 1.00833
2400 pop2 1.0 0.833333
2500 pop1 1.21 1.00833
2500 pop2 1.0 0.833333
2600 pop1 1.21 1.00833
2600 pop2 1.0 0.833333
2700 pop1 1.21 1.00833
2700 pop2 1.0 0.833333
2800 pop1 1.21 1.00833
2800 pop2 1.0 0.833333
2900 pop1 1.21 1.00833
2900 pop2 1.0 0.833333
3000 pop1 1.21 1.00833
3000 pop2 1.0 0.833333
3100 pop1 1.21 1.00833
3100 pop2 1.0 0.833333
3200 pop1 1.21 1.00833
3200 pop2 1.0 0.833333
3300 pop1 1.21 1.00833
3300 pop2 1.0 0.833333
3400 pop1 1.21 1.00833
3400 pop2 1.0 0.833333
3500 pop1 1.21 1.00833
3500 pop2 1.0 0.833333
3600 pop1 1.21 1.00833
3600 pop2 1.0 0.833333
3700 pop1 1.21 1.00833
3700 pop2 1.0 0.833333
3800 pop1 1.21 1.00833
3800 pop2 1.0 0.833333
3900 pop1 1.21 1.00833
3900 pop2 1.0 0.833333
4000 pop1 1.21 1.00833
4000 pop2 1.0 0.833333
4100 pop1 1.21 1.00833
4100 pop2 1.0 0.833333
4200 pop1 1.21 1.00833
4200 pop2 1.0 0.833333
4300 pop1 1.21 1.00833
4300 pop2 1.0 0.833333
4400 pop1 1.21 1.00833
4400 pop2 1.0 0.833333
4500 pop1 1.21 1.00833
4500 pop2 1.0 0.833333
4600 pop1 1.21 1.00833
4600 pop2 1.0 0.833333
4700 pop1 1.21 1.00833
4700 pop2 1.0 0.833333
4800 pop1 1.21 1.00833
4800 pop2 1.0 0.833333
4900 pop1 1.21 1.00833
4900 pop2 1.0 0.833333
5000 pop1 1.21 1.00833
5000 pop2 1.0 0.833333
