1 pop1 1.0 0.909091
1 pop2 1.0 0.909091
100 pop1 1.08516 0.986512
100 pop2 1.08495 0.986316
200 pop1 1.08261 0.984191
200 pop2 1.08477 0.986152
300 pop1 1.08341 0.98492
300 pop2 1.08604 0.987312
400 pop1 1.08674 0.987943
400 pop2 1.08522 0.986563
500 pop1 1.08527 0.986612
500 pop2 1.08276 0.984329
600 pop1 1.08387 0.985336
600 pop2 1.08008 0.98189
700 pop1 1.0821 0.983729
700 pop2 1.08692 0.988111
800 pop1 1.08335 0.984866
800 pop2 1.08433 0.985759
900 pop1 1.08294 0.98449
900 pop2 1.08681 0.988007
1000 pop1 1.08492 0.986287
1000 pop2 1.08518 0.986528
1100 pop1 1.09492 0.995382
1100 pop2 0.999052 0.908229
1200 pop1 1.09795 0.998134
1200 pop2 0.99917 0.908337
1300 pop1 1.09869 0.998808
1300 pop2 0.997176 0.906523
1400 pop1 1.1022 1.002
1400 pop2 0.99917 0.908337
1500 pop1 1.10203 1.00185
1500 pop2 0.997985 0.907259
1600 pop1 1.10232 1.00211
1600 pop2 0.999368 0.908516
1700 pop1 1.10247 1.00224
1700 pop2 0.999684 0.908804
1800 pop1 1.1025 1.00227
1800 pop2 1.0 0.909091
1900 pop1 1.1025 1.00227
1900 pop2 1.0 0.909091
2000 pop1 1.1025 1.00227
2000 pop2 1.0 0.909091
2100 pop1 1.1025 1.00227
2100 pop2 1.0 0.909091
2200 pop1 1.1025 1.00227
2200 pop2 1.0 0.909091
2300 pop1 1.1025 1.00227
2300 pop2 1.0 0.909091
2400 pop1 1.1025 1.00227
2400 pop2 1.0 0.909091
2500 pop1 1.1025 1.00227
2500 pop2 1.0 0.909091
2600 pop1 1.1025 1.00227
2600 pop2 1.0 0.909091
2700 pop1 1.1025 1.00227
2700 pop2 1.0 0.909091
2800 pop1 1.1025 1.00227
2800 pop2 1.0 0.909091
2900 pop1 1.1025 1.00227
2900 pop2 1.0 0.909091
3000 pop1 1.1025 1.00227
3000 pop2 1.0 0.909091
3100 pop1 1.1025 1.00227
3100 pop2 1.0 0.909091
3200 pop1 1.1025 1.00227
3200 pop2 1.0 0.909091
3300 pop1 1.1025 1.00227
3300 pop2 1.0 0.909091
3400 pop1 1.1025 1.00227
3400 pop2 1.0 0.909091
3500 pop1 1.1025 1.00227
3500 pop2 1.0 0.909091
3600 pop1 1.1025 1.00227
3600 pop2 1.0 0.909091
3700 pop1 1.1025 1.00227
3700 pop2 1.0 0.909091
3800 pop1 1.1025 1.00227
3800 pop2 1.0 0.909091
3900 pop1 1.1025 1.00227
3900 pop2 1.0 0.909091
4000 pop1 1.1025 1.00227
4000 pop2 1.0 0.909091
4100 pop1 1.1025 1.00227
4100 pop2 1.0 0.909091
4200 pop1 1.1025 1.00227
4200 pop2 1.0 0.909091
4300 pop1 1.1025 1.00227
4300 pop2 1.0 0.909091
4400 pop1 1.1025 1.00227
4400 pop2 1.0 0.909091
4500 pop1 1.1025 1.00227
4500 pop2 1.0 0.909091
4600 pop1 1.1025 1.00227
4600 pop2 1.0 0.909091
4700 pop1 1.1025 1.00227
4700 pop2 1.0 0.909091
4800 pop1 1.1025 1.00227
4800 pop2 1.0 0.909091
4900 pop1 1.1025 1.00227
4900 pop2 1.0 0.909091
5000 pop1 1.1025 1.00227
5000 pop2 1.0 0.909091
