1 pop1 1.0 0.833333
1 pop2 1.0 0.833333
100 pop1 1.18702 0.989186
100 pop2 1.19084 0.992371
200 pop1 1.19522 0.99602
200 pop2 1.18546 0.987885
300 pop1 1.1893 0.991082
300 pop2 1.18963 0.991362
400 pop1 1.19346 0.994546
400 pop2 1.18942 0.991187
500 pop1 1.19408 0.99507
500 pop2 1.19376 0.994797
600 pop1 1.19224 0.993531
600 pop2 1.18758 0.989646
700 pop1 1.19098 0.992479
700 pop2 1.18726 0.989386
800 pop1 1.19259 0.993826
800 pop2 1.18764 0.989702
900 pop1 1.19257 0.993811
900 pop2 1.18949 0.991238
1000 pop1 1.19165 0.993041
1000 pop2 1.18805 0.99004
1100 pop1 1.19786 0.998216
1100 pop2 0.995721 0.829768
1200 pop1 1.20281 1.00234
1200 pop2 0.997625 0.831354
1300 pop1 1.20513 1.00428
1300 pop2 0.997866 0.831555
1400 pop1 1.20884 1.00737
1400 pop2 0.999064 0.832553
1500 pop1 1.20903 1.00752
1500 pop2 0.998908 0.832423
1600 pop1 1.20981 1.00817
1600 pop2 0.999259 0.832716
1700 pop1 1.21002 1.00835
1700 pop2 0.999922 0.833268
1800 pop1 1.21 1.00833
1800 pop2 1.0 0.833333
1900 pop1 1.21 1.00833
1900 pop2 1.0 0.833333
2000 pop1 1.21 1.00833
2000 pop2 1.0 0.833333
2100 pop1 1.21 1.00833
2100 pop2 1.0 0.833333
2200 pop1 1.21 1.00833
2200 pop2 1.0 0.833333
2300 pop1 1.21 1.00833
2300 pop2 1.0 0.833333
2400 pop1 1.21 1.00833
2400 pop2 1.0 0.833333
2500 pop1 1.21 1.00833
2500 pop2 1.0 0.833333
2600 pop1 1.21 1.00833
2600 pop2 1.0 0.833333
2700 pop1 1.21 1.00833
2700 pop2 1.0 0.833333
2800 pop1 1.21 1.00833
2800 pop2 1.0 0.833333
2900 pop1 1.21 1.00833
2900 pop2 1.0 0.833333
3000 pop1 1.21 1.00833
3000 pop2 1.0 0.833333
3100 pop1 1.21 1.00833
3100 pop2 1.0 0.833333
3200 pop1 1.21 1.00833
3200 pop2 1.0 0.833333
3300 pop1 1.21 1.00833
3300 pop2 1.0 0.833333
3400 pop1 1.21 1.00833
3400 pop2 1.0 0.833333
3500 pop1 1.21 1.00833
3500 pop2 1.0 0.833333
3600 pop1 1.21 1.00833
3600 pop2 1.0 0.833333
3700 pop1 1.21 1.00833
3700 pop2 1.0 0.833333
3800 pop1 1.21 1.00833
3800 pop2 1.0 0.833333
3900 pop1 1.21 1.00833
3900 pop2 1.0 0.833333
4000 pop1 1.21 1.00833
4000 pop2 1.0 0.833333
4100 pop1 1.21 1.00833
4100 pop2 1.0 0.833333
4200 pop1 1.21 1.00833
4200 pop2 1.0 0.833333
4300 pop1 1.21 1.00833
4300 pop2 1.0 0.833333
4400 pop1 1.21 1.00833
4400 pop2 1.0 0.833333
4500 pop1 1.21 1.00833
4500 pop2 1.0 0.833333
4600 pop1 1.21 1.00833
4600 pop2 1.0 0.833333
4700 pop1 1.21 1.00833
4700 pop2 1.0 0.833333
4800 pop1 1.21 1.00833
4800 pop2 1.0 0.833333
4900 pop1 1.21 1.00833
4900 pop2 1.0 0.833333
5000 pop1 1.21 1.00833
5000 pop2 1.0 0.833333
