1 pop1 1.0 0.980392
1 pop2 1.0 0.980392
100 pop1 1.00951 0.989717
100 pop2 1.00511 0.985407
200 pop1 1.00854 0.988764
200 pop2 1.00662 0.986886
300 pop1 1.00619 0.986459
300 pop2 1.01087 0.991048
400 pop1 1.00693 0.987183
400 pop2 1.00896 0.98918
500 pop1 1.00591 0.98619
500 pop2 1.01048 0.99067
600 pop1 1.00945 0.989661
600 pop2 1.00785 0.988086
700 pop1 1.00992 0.990119
700 pop2 1.00878 0.989001
800 pop1 1.00689 0.987143
800 pop2 1.00858 0.988801
900 pop1 1.0061 0.986374
900 pop2 1.0106 0.99078
1000 pop1 1.00696 0.987217
1000 pop2 1.01017 0.990362
1100 pop1 1.01389 0.994008
1100 pop2 0.995741 0.976217
1200 pop1 1.01595 0.996027
1200 pop2 0.994822 0.975315
1300 pop1 1.01674 0.996802
1300 pop2 0.994778 0.975273
1400 pop1 1.01642 0.996486
1400 pop2 0.994009 0.974519
1500 pop1 1.01692 0.996982
1500 pop2 0.993925 0.974437
1600 pop1 1.01815 0.998191
1600 pop2 0.994337 0.97484
1700 pop1 1.01716 0.997217
1700 pop2 0.995045 0.975534
1800 pop1 1.01825 0.998285
1800 pop2 0.993294 0.973818
1900 pop1 1.01909 0.999106
1900 pop2 0.994047 0.974556
2000 pop1 1.02003 1.00003
2000 pop2 0.994639 0.975136
2100 pop1 1.01964 0.999649
2100 pop2 0.994439 0.974941
2200 pop1 1.01969 0.999695
2200 pop2 0.994841 0.975334
2300 pop1 1.01981 0.999813
2300 pop2 0.994541 0.97504
2400 pop1 1.01924 0.999251
2400 pop2 0.994427 0.974929
2500 pop1 1.02003 1.00003
2500 pop2 0.995645 0.976122
2600 pop1 1.02011 1.00011
2600 pop2 0.995235 0.97572
2700 pop1 1.02011 1.00011
2700 pop2 0.995804 0.976278
2800 pop1 1.02011 1.00011
2800 pop2 0.997243 0.977689
2900 pop1 1.02011 1.0001
2900 pop2 0.997973 0.978405
3000 pop1 1.02011 1.00011
3000 pop2 0.998068 0.978498
3100 pop1 1.02011 1.00011
3100 pop2 0.998561 0.978981
3200 pop1 1.0201 1.0001
3200 pop2 0.9986 0.979019
3300 pop1 1.0201 1.0001
3300 pop2 0.999725 0.980122
3400 pop1 1.0201 1.0001
3400 pop2 0.999721 0.980118
3500 pop1 1.0201 1.0001
3500 pop2 0.999956 0.980349
3600 pop1 1.0201 1.0001
3600 pop2 0.999984 0.980376
3700 pop1 1.0201 1.0001
3700 pop2 0.999804 0.9802
3800 pop1 1.0201 1.0001
3800 pop2 0.999852 0.980247
3900 pop1 1.0201 1.0001
3900 pop2 1.0 0.980392
4000 pop1 1.0201 1.0001
4000 pop2 1.0 0.980392
4100 pop1 1.0201 1.0001
4100 pop2 1.0 0.980392
4200 pop1 1.0201 1.0001
4200 pop2 1.0 0.980392
4300 pop1 1.0201 1.0001
4300 pop2 1.0 0.980392
4400 pop1 1.0201 1.0001
4400 pop2 1.0 0.980392
4500 pop1 1.0201 1.0001
4500 pop2 1.0 0.980392
4600 pop1 1.0201 1.0001
4600 pop2 1.0 0.980392
4700 pop1 1.0201 1.0001
4700 pop2 1.0 0.980392
4800 pop1 1.0201 1.0001
4800 pop2 1.0 0.980392
4900 pop1 1.0201 1.0001
4900 pop2 1.0 0.980392
5000 pop1 1.0201 1.0001
5000 pop2 1.0 0.980392
