1 pop1 1.0 0.980392
1 pop2 1.0 0.980392
100 pop1 1.00807 0.988305
100 pop2 1.00771 0.987951
200 pop1 1.00775 0.987987
200 pop2 1.00769 0.987931
300 pop1 1.0103 0.990489
300 pop2 1.00785 0.988087
400 pop1 1.00897 0.989189
400 pop2 1.00521 0.985496
500 pop1 1.00688 0.987138
500 pop2 1.00896 0.989176
600 pop1 1.01141 0.991583
600 pop2 1.00643 0.986694
700 pop1 1.01159 0.991756
700 pop2 1.00652 0.986783
800 pop1 1.00876 0.988977
800 pop2 1.00879 0.989008
900 pop1 1.00963 0.989834
900 pop2 1.00937 0.989574
1000 pop1 1.00736 0.987608
1000 pop2 1.00885 0.989071
1100 pop1 1.01091 0.991093
1100 pop2 0.997588 0.978027
1200 pop1 1.01654 0.996612
1200 pop2 0.99858 0.979
1300 pop1 1.01838 0.99841
1300 pop2 0.99852 0.978941
1400 pop1 1.0191 0.99912
1400 pop2 0.999174 0.979582
1500 pop1 1.01998 0.99998
1500 pop2 0.999793 0.980189
1600 pop1 1.0201 1.0001
1600 pop2 0.999872 0.980267
1700 pop1 1.02006 1.00006
1700 pop2 0.999793 0.980189
1800 pop1 1.0201 1.0001
1800 pop2 1.0 0.980392
1900 pop1 1.0201 1.0001
1900 pop2 1.0 0.980392
2000 pop1 1.0201 1.0001
2000 pop2 1.0 0.980392
2100 pop1 1.0201 1.0001
2100 pop2 1.0 0.980392
2200 pop1 1.0201 1.0001
2200 pop2 1.0 0.980392
2300 pop1 1.0201 1.0001
2300 pop2 1.0 0.980392
2400 pop1 1.0201 1.0001
2400 pop2 1.0 0.980392
2500 pop1 1.0201 1.0001
2500 pop2 1.0 0.980392
2600 pop1 1.0201 1.0001
2600 pop2 1.0 0.980392
2700 pop1 1.0201 1.0001
2700 pop2 1.0 0.980392
2800 pop1 1.0201 1.0001
2800 pop2 1.0 0.980392
2900 pop1 1.0201 1.0001
2900 pop2 1.0 0.980392
3000 pop1 1.0201 1.0001
3000 pop2 1.0 0.980392
3100 pop1 1.0201 1.0001
3100 pop2 1.0 0.980392
3200 pop1 1.0201 1.0001
3200 pop2 1.0 0.980392
3300 pop1 1.0201 1.0001
3300 pop2 1.0 0.980392
3400 pop1 1.0201 1.0001
3400 pop2 1.0 0.980392
3500 pop1 1.0201 1.0001
3500 pop2 1.0 0.980392
3600 pop1 1.0201 1.0001
3600 pop2 1.0 0.980392
3700 pop1 1.0201 1.0001
3700 pop2 1.0 0.980392
3800 pop1 1.0201 1.0001
3800 pop2 1.0 0.980392
3900 pop1 1.0201 1.0001
3900 pop2 1.0 0.980392
4000 pop1 1.0201 1.0001
4000 pop2 1.0 0.980392
4100 pop1 1.0201 1.0001
4100 pop2 1.0 0.980392
4200 pop1 1.0201 1.0001
4200 pop2 1.0 0.980392
4300 pop1 1.0201 1.0001
4300 pop2 1.0 0.980392
4400 pop1 1.0201 1.0001
4400 pop2 1.0 0.980392
4500 pop1 1.0201 1.0001
4500 pop2 1.0 0.980392
4600 pop1 1.0201 1.0001
4600 pop2 1.0 0.980392
4700 pop1 1.0201 1.0001
4700 pop2 1.0 0.980392
4800 pop1 1.0201 1.0001
4800 pop2 1.0 0.980392
4900 pop1 1.0201 1.0001
4900 pop2 1.0 0.980392
5000 pop1 1.0201 1.0001
5000 pop2 1.0 0.980392
