1 pop1 1.0 0.909091
1 pop2 1.0 0.909091
100 pop1 1.01373 0.921569
100 pop2 1.01515 0.922863
200 pop1 1.01458 0.922347
200 pop2 1.01263 0.920569
300 pop1 1.0022 0.911093
300 pop2 1.02615 0.93286
400 pop1 1.01044 0.918577
400 pop2 1.01469 0.92245
500 pop1 1.01964 0.926946
500 pop2 1.01486 0.9226
600 pop1 1.01713 0.92466
600 pop2 1.01338 0.921254
700 pop1 1.01584 0.923487
700 pop2 1.01622 0.923833
800 pop1 1.01123 0.919299
800 pop2 1.01338 0.921253
900 pop1 1.0104 0.918542
900 pop2 1.01562 0.923288
1000 pop1 1.01947 0.926791
1000 pop2 1.0101 0.918274
1100 pop1 1.05716 0.961055
1100 pop2 1.0373 0.942999
1200 pop1 1.0455 0.95045
1200 pop2 1.05471 0.958827
1300 pop1 1.03956 0.945054
1300 pop2 1.06263 0.966025
1400 pop1 1.03126 0.937508
1400 pop2 1.07363 0.976028
1500 pop1 1.02132 0.928476
1500 pop2 1.08018 0.981978
1600 pop1 1.02569 0.932449
1600 pop2 1.07847 0.980424
1700 pop1 1.02202 0.929107
1700 pop2 1.07919 0.981083
1800 pop1 1.01793 0.92539
1800 pop2 1.08558 0.986895
1900 pop1 1.02493 0.931758
1900 pop2 1.07836 0.980331
2000 pop1 1.02976 0.936143
2000 pop2 1.07303 0.975485
2100 pop1 1.03305 0.939135
2100 pop2 1.07184 0.974398
2200 pop1 1.02884 0.935312
2200 pop2 1.07607 0.978248
2300 pop1 1.04075 0.946133
2300 pop2 1.0666 0.96964
2400 pop1 1.04488 0.949892
2400 pop2 1.06336 0.966693
2500 pop1 1.04517 0.950153
2500 pop2 1.06356 0.966876
2600 pop1 1.0465 0.951364
2600 pop2 1.06202 0.965475
2700 pop1 1.05209 0.956446
2700 pop2 1.05729 0.961172
2800 pop1 1.06183 0.965296
2800 pop2 1.05158 0.955986
2900 pop1 1.06146 0.964967
2900 pop2 1.04807 0.952789
3000 pop1 1.0624 0.965815
3000 pop2 1.04394 0.949037
3100 pop1 1.05914 0.962858
3100 pop2 1.05047 0.954972
3200 pop1 1.07102 0.973651
3200 pop2 1.0403 0.945728
3300 pop1 1.06325 0.96659
3300 pop2 1.04568 0.950614
3400 pop1 1.06231 0.965736
3400 pop2 1.04686 0.951687
3500 pop1 1.05688 0.960803
3500 pop2 1.05585 0.959868
3600 pop1 1.05537 0.959426
3600 pop2 1.0574 0.961277
3700 pop1 1.06103 0.964571
3700 pop2 1.05089 0.955352
3800 pop1 1.06117 0.9647
3800 pop2 1.05018 0.954711
3900 pop1 1.05267 0.956976
3900 pop2 1.05782 0.961657
4000 pop1 1.05277 0.957068
4000 pop2 1.0563 0.96027
4100 pop1 1.04977 0.954332
4100 pop2 1.06182 0.965293
4200 pop1 1.05807 0.961878
4200 pop2 1.05426 0.958422
4300 pop1 1.05195 0.956316
4300 pop2 1.06059 0.964177
4400 pop1 1.05353 0.957753
4400 pop2 1.05768 0.961523
4500 pop1 1.05833 0.962118
4500 pop2 1.05162 0.956021
4600 pop1 1.06184 0.965312
4600 pop2 1.0498 0.954364
4700 pop1 1.06368 0.966981
4700 pop2 1.04901 0.953644
4800 pop1 1.05255 0.956866
4800 pop2 1.05688 0.960804
4900 pop1 1.0575 0.961363
4900 pop2 1.05121 0.955647
5000 pop1 1.05839 0.962169
5000 pop2 1.05449 0.958628
