1 pop1 1.0 0.833333
1 pop2 1.0 0.833333
100 pop1 1.18884 0.990698
100 pop2 1.18879 0.99066
200 pop1 1.19423 0.995193
200 pop2 1.1909 0.992417
300 pop1 1.18647 0.988724
300 pop2 1.19233 0.993606
400 pop1 1.18811 0.990091
400 pop2 1.1882 0.990169
500 pop1 1.19289 0.994073
500 pop2 1.19254 0.993782
600 pop1 1.19479 0.995662
600 pop2 1.19016 0.991804
700 pop1 1.19378 0.994817
700 pop2 1.18906 0.99088
800 pop1 1.19238 0.993654
800 pop2 1.1927 0.99392
900 pop1 1.19196 0.993304
900 pop2 1.19146 0.992885
1000 pop1 1.19592 0.9966
1000 pop2 1.19271 0.993923
1100 pop1 1.19833 0.998604
1100 pop2 0.992346 0.826955
1200 pop1 1.19775 0.998125
1200 pop2 0.993829 0.828191
1300 pop1 1.2035 1.00292
1300 pop2 0.993459 0.827883
1400 pop1 1.2055 1.00458
1400 pop2 0.995944 0.829953
1500 pop1 1.20664 1.00554
1500 pop2 0.997231 0.831026
1600 pop1 1.20858 1.00715
1600 pop2 0.998791 0.832326
1700 pop1 1.20964 1.00804
1700 pop2 0.999922 0.833268
1800 pop1 1.20994 1.00828
1800 pop2 0.999571 0.832976
1900 pop1 1.21001 1.00834
1900 pop2 1.0 0.833333
2000 pop1 1.21003 1.00836
2000 pop2 1.0 0.833333
2100 pop1 1.21005 1.00838
2100 pop2 1.0 0.833333
2200 pop1 1.21009 1.00841
2200 pop2 1.0 0.833333
2300 pop1 1.21002 1.00835
2300 pop2 0.999961 0.833301
2400 pop1 1.21 1.00833
2400 pop2 1.0 0.833333
2500 pop1 1.21 1.00833
2500 pop2 1.0 0.833333
2600 pop1 1.21 1.00833
2600 pop2 1.0 0.833333
2700 pop1 1.21 1.00833
2700 pop2 1.0 0.833333
2800 pop1 1.21 1.00833
2800 pop2 1.0 0.833333
2900 pop1 1.21 1.00833
2900 pop2 1.0 0.833333
3000 pop1 1.21 1.00833
3000 pop2 1.0 0.833333
3100 pop1 1.21 1.00833
3100 pop2 1.0 0.833333
3200 pop1 1.21 1.00833
3200 pop2 1.0 0.833333
3300 pop1 1.21 1.00833
3300 pop2 1.0 0.833333
3400 pop1 1.21 1.00833
3400 pop2 1.0 0.833333
3500 pop1 1.21 1.00833
3500 pop2 1.0 0.833333
3600 pop1 1.21 1.00833
3600 pop2 1.0 0.833333
3700 pop1 1.21 1.00833
3700 pop2 1.0 0.833333
3800 pop1 1.21 1.00833
3800 pop2 1.0 0.833333
3900 pop1 1.21 1.00833
3900 pop2 1.0 0.833333
4000 pop1 1.21 1.00833
4000 pop2 1.0 0.833333
4100 pop1 1.21 1.00833
4100 pop2 1.0 0.833333
4200 pop1 1.21 1.00833
4200 pop2 1.0 0.833333
4300 pop1 1.21 1.00833
4300 pop2 1.0 0.833333
4400 pop1 1.21 1.00833
4400 pop2 1.0 0.833333
4500 pop1 1.21 1.00833
4500 pop2 1.0 0.833333
4600 pop1 1.21 1.00833
4600 pop2 1.0 0.833333
4700 pop1 1.21 1.00833
4700 pop2 1.0 0.833333
4800 pop1 1.21 1.00833
4800 pop2 1.0 0.833333
4900 pop1 1.21 1.00833
4900 pop2 1.0 0.833333
5000 pop1 1.21 1.00833
5000 pop2 1.0 0.833333
