1 pop1 1.0 0.980392
1 pop2 1.0 0.980392
100 pop1 0.999039 0.97945
100 pop2 1.00304 0.983377
200 pop1 0.998635 0.979054
200 pop2 1.00237 0.982712
300 pop1 0.998493 0.978915
300 pop2 1.00325 0.983579
400 pop1 0.996352 0.976816
400 pop2 1.00532 0.985604
500 pop1 0.997351 0.977795
500 pop2 1.00502 0.985311
600 pop1 0.998777 0.979193
600 pop2 1.00256 0.982906
700 pop1 0.998822 0.979237
700 pop2 1.0039 0.984219
800 pop1 0.999002 0.979413
800 pop2 1.0035 0.983823
900 pop1 0.997842 0.978277
900 pop2 1.00473 0.985031
1000 pop1 0.99753 0.977971
1000 pop2 1.00408 0.984393
1100 pop1 1.00203 0.982383
1100 pop2 1.00049 0.980877
1200 pop1 1.0063 0.986573
1200 pop2 1.00394 0.984253
1300 pop1 1.00922 0.989433
1300 pop2 1.00449 0.984797
1400 pop1 1.00939 0.989603
1400 pop2 1.00665 0.98691
1500 pop1 1.00862 0.988846
1500 pop2 1.0073 0.98755
1600 pop1 1.01002 0.99022
1600 pop2 1.00905 0.989269
1700 pop1 1.00971 0.989917
1700 pop2 1.00942 0.989624
1800 pop1 1.00966 0.989861
1800 pop2 1.00885 0.989071
1900 pop1 1.00957 0.98977
1900 pop2 1.01086 0.991042
2000 pop1 1.0092 0.989411
2000 pop2 1.0101 0.99029
2100 pop1 1.00791 0.988147
2100 pop2 1.01221 0.992364
2200 pop1 1.0093 0.989505
2200 pop2 1.0108 0.990977
2300 pop1 1.00854 0.988762
2300 pop2 1.0118 0.99196
2400 pop1 1.00832 0.988551
2400 pop2 1.01187 0.992031
2500 pop1 1.00801 0.98825
2500 pop2 1.01238 0.99253
2600 pop1 1.00957 0.989778
2600 pop2 1.01105 0.991225
2700 pop1 1.0091 0.989314
2700 pop2 1.0113 0.991472
2800 pop1 1.00916 0.989373
2800 pop2 1.01102 0.991199
2900 pop1 1.00838 0.988612
2900 pop2 1.01143 0.991594
3000 pop1 1.00903 0.989247
3000 pop2 1.01125 0.991425
3100 pop1 1.00885 0.989073
3100 pop2 1.01198 0.992134
3200 pop1 1.00929 0.989504
3200 pop2 1.01116 0.991335
3300 pop1 1.00977 0.989966
3300 pop2 1.01022 0.990409
3400 pop1 1.01037 0.990554
3400 pop2 1.00979 0.989988
3500 pop1 1.00805 0.988284
3500 pop2 1.01122 0.99139
3600 pop1 1.00868 0.9889
3600 pop2 1.01096 0.991134
3700 pop1 1.00791 0.98815
3700 pop2 1.01295 0.993088
3800 pop1 1.00738 0.987629
3800 pop2 1.01256 0.992707
3900 pop1 1.00635 0.986614
3900 pop2 1.01403 0.994152
4000 pop1 1.007 0.987255
4000 pop2 1.01366 0.993786
4100 pop1 1.00592 0.986199
4100 pop2 1.01425 0.994361
4200 pop1 1.00541 0.985697
4200 pop2 1.01537 0.995462
4300 pop1 1.00603 0.986302
4300 pop2 1.01447 0.994579
4400 pop1 1.00592 0.986197
4400 pop2 1.01475 0.994856
4500 pop1 1.00519 0.985484
4500 pop2 1.01502 0.995113
4600 pop1 1.00456 0.984865
4600 pop2 1.01531 0.9954
4700 pop1 1.00419 0.984504
4700 pop2 1.01654 0.996612
4800 pop1 1.00343 0.983757
4800 pop2 1.0169 0.99696
4900 pop1 1.00251 0.982852
4900 pop2 1.01785 0.997896
5000 pop1 1.00266 0.982998
5000 pop2 1.01748 0.997532
