1 pop1 1.0 0.909091
1 pop2 1.0 0.909091
100 pop1 1.03467 0.940613
100 pop2 1.03941 0.944917
200 pop1 1.03566 0.941506
200 pop2 1.02815 0.934684
300 pop1 1.02649 0.933171
300 pop2 1.03916 0.944688
400 pop1 1.03456 0.940511
400 pop2 1.0358 0.941637
500 pop1 1.03553 0.941393
500 pop2 1.02984 0.936218
600 pop1 1.03748 0.94316
600 pop2 1.03163 0.937842
700 pop1 1.03552 0.941381
700 pop2 1.0359 0.941729
800 pop1 1.03755 0.943227
800 pop2 1.03367 0.939701
900 pop1 1.03094 0.937218
900 pop2 1.0359 0.94173
1000 pop1 1.03325 0.93932
1000 pop2 1.03578 0.941616
1100 pop1 1.06817 0.97106
1100 pop2 1.05762 0.961472
1200 pop1 1.05971 0.963372
1200 pop2 1.06082 0.964378
1300 pop1 1.06085 0.964411
1300 pop2 1.0604 0.964003
1400 pop1 1.05654 0.960491
1400 pop2 1.06612 0.969198
1500 pop1 1.0579 0.961727
1500 pop2 1.06112 0.964656
1600 pop1 1.06351 0.966823
1600 pop2 1.06014 0.963759
1700 pop1 1.06214 0.965579
1700 pop2 1.05838 0.962164
1800 pop1 1.06495 0.968134
1800 pop2 1.05947 0.963154
1900 pop1 1.0698 0.972544
1900 pop2 1.05638 0.960342
2000 pop1 1.06687 0.969885
2000 pop2 1.05768 0.961527
2100 pop1 1.06128 0.964798
2100 pop2 1.06264 0.966035
2200 pop1 1.06205 0.965496
2200 pop2 1.05973 0.963388
2300 pop1 1.06485 0.968044
2300 pop2 1.05657 0.960519
2400 pop1 1.06423 0.96748
2400 pop2 1.05852 0.962288
2500 pop1 1.05472 0.958834
2500 pop2 1.06476 0.967962
2600 pop1 1.06154 0.965035
2600 pop2 1.05942 0.963107
2700 pop1 1.06201 0.965463
2700 pop2 1.06312 0.966469
2800 pop1 1.06152 0.965019
2800 pop2 1.06212 0.965561
2900 pop1 1.06524 0.968404
2900 pop2 1.05964 0.963311
3000 pop1 1.06256 0.965961
3000 pop2 1.06026 0.963877
3100 pop1 1.06226 0.965687
3100 pop2 1.05736 0.961237
3200 pop1 1.0642 0.967454
3200 pop2 1.05654 0.960492
3300 pop1 1.05762 0.961475
3300 pop2 1.06392 0.967201
3400 pop1 1.05957 0.963249
3400 pop2 1.05698 0.96089
3500 pop1 1.06176 0.965236
3500 pop2 1.06464 0.967852
3600 pop1 1.06399 0.967266
3600 pop2 1.05735 0.961227
3700 pop1 1.06123 0.964759
3700 pop2 1.05853 0.9623
3800 pop1 1.06547 0.968611
3800 pop2 1.05775 0.961595
3900 pop1 1.06364 0.966942
3900 pop2 1.05954 0.963221
4000 pop1 1.06768 0.970621
4000 pop2 1.05104 0.955488
4100 pop1 1.06344 0.966765
4100 pop2 1.06151 0.96501
4200 pop1 1.0679 0.970815
4200 pop2 1.05938 0.963073
4300 pop1 1.0593 0.963
4300 pop2 1.06167 0.965154
4400 pop1 1.0602 0.963816
4400 pop2 1.06094 0.964488
4500 pop1 1.06628 0.969347
4500 pop2 1.05502 0.959111
4600 pop1 1.06398 0.967252
4600 pop2 1.06311 0.966464
4700 pop1 1.06496 0.968149
4700 pop2 1.05816 0.961963
4800 pop1 1.06052 0.96411
4800 pop2 1.06254 0.965942
4900 pop1 1.06227 0.965703
4900 pop2 1.06176 0.965237
5000 pop1 1.06213 0.965573
5000 pop2 1.05903 0.962755
