1 pop1 1.0 0.980392
1 pop2 1.0 0.980392
100 pop1 1.00729 0.987543
100 pop2 1.00741 0.987654
200 pop1 1.00851 0.988733
200 pop2 1.00587 0.98615
300 pop1 1.01065 0.990828
300 pop2 1.00593 0.98621
400 pop1 1.00958 0.989784
400 pop2 1.00556 0.985838
500 pop1 1.00832 0.988549
500 pop2 1.00626 0.986529
600 pop1 1.00577 0.986048
600 pop2 1.00865 0.988873
700 pop1 1.00744 0.987691
700 pop2 1.01032 0.990507
800 pop1 1.00731 0.987559
800 pop2 1.00979 0.98999
900 pop1 1.00712 0.987377
900 pop2 1.00731 0.987558
1000 pop1 1.0083 0.988528
1000 pop2 1.01009 0.990281
1100 pop1 1.01075 0.990928
1100 pop2 0.997252 0.977698
1200 pop1 1.01357 0.993698
1200 pop2 0.996476 0.976937
1300 pop1 1.01529 0.995383
1300 pop2 0.996041 0.976511
1400 pop1 1.01626 0.99633
1400 pop2 0.996856 0.97731
1500 pop1 1.01749 0.997536
1500 pop2 0.996162 0.97663
1600 pop1 1.01942 0.999432
1600 pop2 0.995456 0.975937
1700 pop1 1.0189 0.998925
1700 pop2 0.996154 0.976622
1800 pop1 1.01991 0.99991
1800 pop2 0.99696 0.977411
1900 pop1 1.01996 0.999964
1900 pop2 0.998349 0.978773
2000 pop1 1.02011 1.0001
2000 pop2 0.9984 0.978824
2100 pop1 1.02011 1.0001
2100 pop2 0.998851 0.979266
2200 pop1 1.02011 1.0001
2200 pop2 0.998452 0.978874
2300 pop1 1.02011 1.0001
2300 pop2 0.998651 0.97907
2400 pop1 1.0201 1.0001
2400 pop2 0.999346 0.979751
2500 pop1 1.0201 1.0001
2500 pop2 0.999306 0.979711
2600 pop1 1.0201 1.0001
2600 pop2 0.999489 0.979891
2700 pop1 1.0201 1.0001
2700 pop2 0.999282 0.979688
2800 pop1 1.0201 1.0001
2800 pop2 0.999697 0.980095
2900 pop1 1.0201 1.0001
2900 pop2 0.999952 0.980345
3000 pop1 1.0201 1.0001
3000 pop2 1.0 0.980392
3100 pop1 1.0201 1.0001
3100 pop2 1.0 0.980392
3200 pop1 1.0201 1.0001
3200 pop2 1.0 0.980392
3300 pop1 1.0201 1.0001
3300 pop2 1.0 0.980392
3400 pop1 1.0201 1.0001
3400 pop2 1.0 0.980392
3500 pop1 1.0201 1.0001
3500 pop2 1.0 0.980392
3600 pop1 1.0201 1.0001
3600 pop2 1.0 0.980392
3700 pop1 1.0201 1.0001
3700 pop2 1.0 0.980392
3800 pop1 1.0201 1.0001
3800 pop2 1.0 0.980392
3900 pop1 1.0201 1.0001
3900 pop2 1.0 0.980392
4000 pop1 1.0201 1.0001
4000 pop2 1.0 0.980392
4100 pop1 1.0201 1.0001
4100 pop2 1.0 0.980392
4200 pop1 1.0201 1.0001
4200 pop2 1.0 0.980392
4300 pop1 1.0201 1.0001
4300 pop2 1.0 0.980392
4400 pop1 1.0201 1.0001
4400 pop2 1.0 0.980392
4500 pop1 1.0201 1.0001
4500 pop2 1.0 0.980392
4600 pop1 1.0201 1.0001
4600 pop2 1.0 0.980392
4700 pop1 1.0201 1.0001
4700 pop2 1.0 0.980392
4800 pop1 1.0201 1.0001
4800 pop2 1.0 0.980392
4900 pop1 1.0201 1.0001
4900 pop2 1.0 0.980392
5000 pop1 1.0201 1.0001
5000 pop2 1.0 0.980392
