1 pop1 1.0 0.833333
1 pop2 1.0 0.833333
100 pop1 1.1245 0.937087
100 pop2 1.11969 0.933075
200 pop1 1.12506 0.937553
200 pop2 1.12175 0.934792
300 pop1 1.12334 0.93612
300 pop2 1.12951 0.941256
400 pop1 1.12232 0.935264
400 pop2 1.12874 0.940615
500 pop1 1.12131 0.934423
500 pop2 1.12509 0.937574
600 pop1 1.12494 0.937449
600 pop2 1.129 0.940837
700 pop1 1.1122 0.926834
700 pop2 1.12525 0.937707
800 pop1 1.1323 0.943583
800 pop2 1.12097 0.934141
900 pop1 1.12599 0.938323
900 pop2 1.12828 0.940231
1000 pop1 1.12026 0.933551
1000 pop2 1.12383 0.936521
1100 pop1 1.15419 0.961824
1100 pop2 1.13475 0.945622
1200 pop1 1.14135 0.951128
1200 pop2 1.14197 0.95164
1300 pop1 1.14049 0.950407
1300 pop2 1.14476 0.953965
1400 pop1 1.14467 0.953893
1400 pop2 1.14557 0.954646
1500 pop1 1.13693 0.947446
1500 pop2 1.14573 0.954776
1600 pop1 1.1364 0.947003
1600 pop2 1.14967 0.95806
1700 pop1 1.13145 0.942873
1700 pop2 1.148 0.95667
1800 pop1 1.14001 0.950006
1800 pop2 1.14605 0.955041
1900 pop1 1.13837 0.948638
1900 pop2 1.14883 0.957359
2000 pop1 1.14062 0.950514
2000 pop2 1.14671 0.955588
2100 pop1 1.14556 0.954637
2100 pop2 1.1404 0.950334
2200 pop1 1.14304 0.952534
2200 pop2 1.14235 0.951957
2300 pop1 1.14586 0.954883
2300 pop2 1.14898 0.957486
2400 pop1 1.13903 0.949193
2400 pop2 1.14538 0.954481
2500 pop1 1.13837 0.94864
2500 pop2 1.14645 0.955379
2600 pop1 1.14131 0.951093
2600 pop2 1.14511 0.954259
2700 pop1 1.14569 0.954743
2700 pop2 1.14218 0.951819
2800 pop1 1.14038 0.950314
2800 pop2 1.14614 0.955113
2900 pop1 1.1392 0.949331
2900 pop2 1.14487 0.954058
3000 pop1 1.13243 0.943689
3000 pop2 1.14801 0.956672
3100 pop1 1.14246 0.952046
3100 pop2 1.14225 0.951871
3200 pop1 1.14612 0.955096
3200 pop2 1.14751 0.956261
3300 pop1 1.13613 0.946776
3300 pop2 1.149 0.957501
3400 pop1 1.14497 0.954146
3400 pop2 1.13451 0.945428
3500 pop1 1.1515 0.959584
3500 pop2 1.13532 0.946103
3600 pop1 1.14039 0.950323
3600 pop2 1.1447 0.953917
3700 pop1 1.14559 0.954658
3700 pop2 1.13981 0.94984
3800 pop1 1.1337 0.944747
3800 pop2 1.14639 0.955328
3900 pop1 1.14885 0.957373
3900 pop2 1.14332 0.952764
4000 pop1 1.15147 0.959557
4000 pop2 1.13833 0.948611
4100 pop1 1.14475 0.953961
4100 pop2 1.14192 0.951596
4200 pop1 1.15145 0.959542
4200 pop2 1.14371 0.95309
4300 pop1 1.14784 0.956534
4300 pop2 1.13664 0.947203
4400 pop1 1.13446 0.945379
4400 pop2 1.14229 0.951912
4500 pop1 1.14235 0.951955
4500 pop2 1.1435 0.95292
4600 pop1 1.14157 0.951309
4600 pop2 1.14482 0.954017
4700 pop1 1.14736 0.956133
4700 pop2 1.14703 0.955858
4800 pop1 1.13637 0.946975
4800 pop2 1.1474 0.956167
4900 pop1 1.14616 0.955137
4900 pop2 1.14289 0.95241
5000 pop1 1.14425 0.953539
5000 pop2 1.14729 0.956075
