1 pop1 1.0 0.909091
1 pop2 1.0 0.909091
100 pop1 1.08367 0.985159
100 pop2 1.08418 0.985621
200 pop1 1.08408 0.98553
200 pop2 1.0853 0.986634
300 pop1 1.08557 0.986879
300 pop2 1.08262 0.984203
400 pop1 1.08626 0.987508
400 pop2 1.0821 0.983724
500 pop1 1.08413 0.985573
500 pop2 1.08115 0.982865
600 pop1 1.08313 0.984665
600 pop2 1.0853 0.986636
700 pop1 1.084 0.985459
700 pop2 1.0836 0.98509
800 pop1 1.08341 0.984917
800 pop2 1.08615 0.987408
900 pop1 1.0813 0.983001
900 pop2 1.08232 0.983931
1000 pop1 1.08352 0.985023
1000 pop2 1.0845 0.98591
1100 pop1 1.09272 0.993378
1100 pop2 0.995858 0.905326
1200 pop1 1.09614 0.99649
1200 pop2 0.997492 0.906811
1300 pop1 1.09732 0.997568
1300 pop2 0.996524 0.905931
1400 pop1 1.0984 0.998542
1400 pop2 0.998066 0.907333
1500 pop1 1.10204 1.00185
1500 pop2 0.99925 0.908409
1600 pop1 1.10246 1.00224
1600 pop2 0.999704 0.908822
1700 pop1 1.10186 1.00169
1700 pop2 0.999625 0.90875
1800 pop1 1.10218 1.00199
1800 pop2 0.999644 0.908768
1900 pop1 1.10201 1.00183
1900 pop2 0.99998 0.909073
2000 pop1 1.102 1.00182
2000 pop2 1.0 0.909091
2100 pop1 1.1025 1.00227
2100 pop2 1.0 0.909091
2200 pop1 1.1025 1.00227
2200 pop2 1.0 0.909091
2300 pop1 1.1025 1.00227
2300 pop2 1.0 0.909091
2400 pop1 1.1025 1.00227
2400 pop2 1.0 0.909091
2500 pop1 1.1025 1.00227
2500 pop2 1.0 0.909091
2600 pop1 1.1025 1.00227
2600 pop2 1.0 0.909091
2700 pop1 1.1025 1.00227
2700 pop2 1.0 0.909091
2800 pop1 1.1025 1.00227
2800 pop2 1.0 0.909091
2900 pop1 1.1025 1.00227
2900 pop2 1.0 0.909091
3000 pop1 1.1025 1.00227
3000 pop2 1.0 0.909091
3100 pop1 1.1025 1.00227
3100 pop2 1.0 0.909091
3200 pop1 1.1025 1.00227
3200 pop2 1.0 0.909091
3300 pop1 1.1025 1.00227
3300 pop2 1.0 0.909091
3400 pop1 1.1025 1.00227
3400 pop2 1.0 0.909091
3500 pop1 1.1025 1.00227
3500 pop2 1.0 0.909091
3600 pop1 1.1025 1.00227
3600 pop2 1.0 0.909091
3700 pop1 1.1025 1.00227
3700 pop2 1.0 0.909091
3800 pop1 1.1025 1.00227
3800 pop2 1.0 0.909091
3900 pop1 1.1025 1.00227
3900 pop2 1.0 0.909091
4000 pop1 1.1025 1.00227
4000 pop2 1.0 0.909091
4100 pop1 1.1025 1.00227
4100 pop2 1.0 0.909091
4200 pop1 1.1025 1.00227
4200 pop2 1.0 0.909091
4300 pop1 1.1025 1.00227
4300 pop2 1.0 0.909091
4400 pop1 1.1025 1.00227
4400 pop2 1.0 0.909091
4500 pop1 1.1025 1.00227
4500 pop2 1.0 0.909091
4600 pop1 1.1025 1.00227
4600 pop2 1.0 0.909091
4700 pop1 1.1025 1.00227
4700 pop2 1.0 0.909091
4800 pop1 1.1025 1.00227
4800 pop2 1.0 0.909091
4900 pop1 1.1025 1.00227
4900 pop2 1.0 0.909091
5000 pop1 1.1025 1.00227
5000 pop2 1.0 0.909091
