1 pop1 1.0 0.909091
1 pop2 1.0 0.909091
100 pop1 1.08169 0.983359
100 pop2 1.07969 0.981539
200 pop1 1.08544 0.986766
200 pop2 1.07987 0.981697
300 pop1 1.0808 0.982543
300 pop2 1.08412 0.985561
400 pop1 1.08061 0.982371
400 pop2 1.08337 0.984884
500 pop1 1.08419 0.985624
500 pop2 1.08365 0.985137
600 pop1 1.08617 0.987425
600 pop2 1.07692 0.979018
700 pop1 1.07976 0.981598
700 pop2 1.07861 0.980557
800 pop1 1.0791 0.981
800 pop2 1.0828 0.984366
900 pop1 1.0828 0.984359
900 pop2 1.08436 0.985784
1000 pop1 1.0823 0.98391
1000 pop2 1.07955 0.981409
1100 pop1 1.0885 0.98955
1100 pop2 1.0617 0.965181
1200 pop1 1.08482 0.986199
1200 pop2 1.08561 0.986918
1300 pop1 1.08664 0.98785
1300 pop2 1.08518 0.986529
1400 pop1 1.08476 0.986144
1400 pop2 1.08191 0.983553
1500 pop1 1.0845 0.985913
1500 pop2 1.08497 0.986335
1600 pop1 1.0804 0.982182
1600 pop2 1.08662 0.987839
1700 pop1 1.08546 0.986782
1700 pop2 1.08638 0.987614
1800 pop1 1.08649 0.987717
1800 pop2 1.08365 0.985133
1900 pop1 1.08531 0.986647
1900 pop2 1.08523 0.986574
2000 pop1 1.0833 0.984815
2000 pop2 1.08598 0.987259
2100 pop1 1.08358 0.985072
2100 pop2 1.08608 0.987347
2200 pop1 1.08489 0.986264
2200 pop2 1.08587 0.987152
2300 pop1 1.08264 0.984215
2300 pop2 1.08415 0.985595
2400 pop1 1.08859 0.989626
2400 pop2 1.08853 0.989577
2500 pop1 1.085 0.986363
2500 pop2 1.08872 0.989745
2600 pop1 1.08717 0.988337
2600 pop2 1.08561 0.986916
2700 pop1 1.08577 0.987062
2700 pop2 1.08419 0.985628
2800 pop1 1.08099 0.982719
2800 pop2 1.08633 0.987569
2900 pop1 1.08117 0.982885
2900 pop2 1.08857 0.989613
3000 pop1 1.088 0.989089
3000 pop2 1.08347 0.98497
3100 pop1 1.08404 0.985492
3100 pop2 1.08663 0.98785
3200 pop1 1.08506 0.986418
3200 pop2 1.08489 0.986263
3300 pop1 1.08625 0.987504
3300 pop2 1.08527 0.986608
3400 pop1 1.08503 0.986389
3400 pop2 1.08572 0.987014
3500 pop1 1.08601 0.98728
3500 pop2 1.08594 0.987219
3600 pop1 1.0855 0.986817
3600 pop2 1.08788 0.98898
3700 pop1 1.08753 0.98866
3700 pop2 1.08637 0.987608
3800 pop1 1.08493 0.986296
3800 pop2 1.08488 0.986258
3900 pop1 1.08724 0.9884
3900 pop2 1.08447 0.985881
4000 pop1 1.08571 0.987011
4000 pop2 1.08747 0.988605
4100 pop1 1.08156 0.983239
4100 pop2 1.0879 0.988998
4200 pop1 1.08559 0.986902
4200 pop2 1.08688 0.98807
4300 pop1 1.08334 0.984858
4300 pop2 1.0829 0.984455
4400 pop1 1.08506 0.986417
4400 pop2 1.08853 0.989571
4500 pop1 1.08629 0.987534
4500 pop2 1.08271 0.984286
4600 pop1 1.08762 0.988744
4600 pop2 1.08412 0.985567
4700 pop1 1.07918 0.981076
4700 pop2 1.08765 0.988772
4800 pop1 1.08299 0.984539
4800 pop2 1.08945 0.990409
4900 pop1 1.08917 0.990159
4900 pop2 1.08271 0.984284
5000 pop1 1.08424 0.985669
5000 pop2 1.08556 0.986871
