1 pop1 1.0 0.980392
1 pop2 1.0 0.980392
100 pop1 1.00758 0.98782
100 pop2 1.00763 0.987876
200 pop1 1.00823 0.988463
200 pop2 1.00795 0.988184
300 pop1 1.0094 0.989611
300 pop2 1.00836 0.988592
400 pop1 1.00957 0.989777
400 pop2 1.00877 0.988986
500 pop1 1.00776 0.987998
500 pop2 1.0095 0.989709
600 pop1 1.00567 0.985954
600 pop2 1.00876 0.988979
700 pop1 1.00742 0.987669
700 pop2 1.00991 0.990112
800 pop1 1.00726 0.98751
800 pop2 1.01075 0.990931
900 pop1 1.00805 0.988281
900 pop2 1.00786 0.988097
1000 pop1 1.01143 0.991601
1000 pop2 1.00706 0.98731
1100 pop1 1.01451 0.99462
1100 pop2 0.997309 0.977754
1200 pop1 1.01752 0.997569
1200 pop2 0.997558 0.977998
1300 pop1 1.01903 0.999045
1300 pop2 0.997814 0.978249
1400 pop1 1.01976 0.999761
1400 pop2 0.998891 0.979305
1500 pop1 1.02001 1.00001
1500 pop2 0.999274 0.97968
1600 pop1 1.0201 1.0001
1600 pop2 0.99919 0.979598
1700 pop1 1.0201 1.0001
1700 pop2 0.998903 0.979316
1800 pop1 1.0201 1.0001
1800 pop2 0.999932 0.980326
1900 pop1 1.0201 1.0001
1900 pop2 1.0 0.980392
2000 pop1 1.0201 1.0001
2000 pop2 1.0 0.980392
2100 pop1 1.0201 1.0001
2100 pop2 1.0 0.980392
2200 pop1 1.0201 1.0001
2200 pop2 1.0 0.980392
2300 pop1 1.0201 1.0001
2300 pop2 1.0 0.980392
2400 pop1 1.0201 1.0001
2400 pop2 1.0 0.980392
2500 pop1 1.0201 1.0001
2500 pop2 1.0 0.980392
2600 pop1 1.0201 1.0001
2600 pop2 1.0 0.980392
2700 pop1 1.0201 1.0001
2700 pop2 1.0 0.980392
2800 pop1 1.0201 1.0001
2800 pop2 1.0 0.980392
2900 pop1 1.0201 1.0001
2900 pop2 1.0 0.980392
3000 pop1 1.0201 1.0001
3000 pop2 1.0 0.980392
3100 pop1 1.0201 1.0001
3100 pop2 1.0 0.980392
3200 pop1 1.0201 1.0001
3200 pop2 1.0 0.980392
3300 pop1 1.0201 1.0001
3300 pop2 1.0 0.980392
3400 pop1 1.0201 1.0001
3400 pop2 1.0 0.980392
3500 pop1 1.0201 1.0001
3500 pop2 1.0 0.980392
3600 pop1 1.0201 1.0001
3600 pop2 1.0 0.980392
3700 pop1 1.0201 1.0001
3700 pop2 1.0 0.980392
3800 pop1 1.0201 1.0001
3800 pop2 1.0 0.980392
3900 pop1 1.0201 1.0001
3900 pop2 1.0 0.980392
4000 pop1 1.0201 1.0001
4000 pop2 1.0 0.980392
4100 pop1 1.0201 1.0001
4100 pop2 1.0 0.980392
4200 pop1 1.0201 1.0001
4200 pop2 1.0 0.980392
4300 pop1 1.0201 1.0001
4300 pop2 1.0 0.980392
4400 pop1 1.0201 1.0001
4400 pop2 1.0 0.980392
4500 pop1 1.0201 1.0001
4500 pop2 1.0 0.980392
4600 pop1 1.0201 1.0001
4600 pop2 1.0 0.980392
4700 pop1 1.0201 1.0001
4700 pop2 1.0 0.980392
4800 pop1 1.0201 1.0001
4800 pop2 1.0 0.980392
4900 pop1 1.0201 1.0001
4900 pop2 1.0 0.980392
5000 pop1 1.0201 1.0001
5000 pop2 1.0 0.980392
