1 pop1 1.0 0.980392
1 pop2 1.0 0.980392
100 pop1 1.0057 0.985983
100 pop2 1.00565 0.985927
200 pop1 1.0065 0.986769
200 pop2 1.00504 0.985336
300 pop1 1.0058 0.98608
300 pop2 1.00645 0.986715
400 pop1 1.00533 0.985621
400 pop2 1.00535 0.985634
500 pop1 1.00416 0.984466
500 pop2 1.00359 0.983914
600 pop1 1.00499 0.985283
600 pop2 1.00517 0.985458
700 pop1 1.00405 0.984367
700 pop2 1.00616 0.986427
800 pop1 1.00433 0.984636
800 pop2 1.00485 0.985146
900 pop1 1.00301 0.983345
900 pop2 1.00626 0.98653
1000 pop1 1.00384 0.984158
1000 pop2 1.00479 0.985093
1100 pop1 1.01081 0.990988
1100 pop2 1.00363 0.983948
1200 pop1 1.01125 0.991426
1200 pop2 1.00603 0.986309
1300 pop1 1.01048 0.990672
1300 pop2 1.00876 0.988977
1400 pop1 1.01063 0.990818
1400 pop2 1.0105 0.990688
1500 pop1 1.01178 0.991938
1500 pop2 1.01191 0.992069
1600 pop1 1.0118 0.991964
1600 pop2 1.01304 0.993177
1700 pop1 1.01071 0.990891
1700 pop2 1.01346 0.993586
1800 pop1 1.00927 0.989476
1800 pop2 1.01502 0.995116
1900 pop1 1.00778 0.98802
1900 pop2 1.01563 0.995716
2000 pop1 1.0089 0.98912
2000 pop2 1.01648 0.996552
2100 pop1 1.00806 0.988291
2100 pop2 1.01606 0.996134
2200 pop1 1.00956 0.989764
2200 pop2 1.01458 0.994685
2300 pop1 1.01029 0.990483
2300 pop2 1.01351 0.993633
2400 pop1 1.01197 0.992127
2400 pop2 1.01367 0.99379
2500 pop1 1.00884 0.989057
2500 pop2 1.01542 0.99551
2600 pop1 1.00924 0.989451
2600 pop2 1.01541 0.995498
2700 pop1 1.00834 0.988571
2700 pop2 1.01489 0.994995
2800 pop1 1.00822 0.988455
2800 pop2 1.01505 0.995152
2900 pop1 1.0092 0.989413
2900 pop2 1.01488 0.994978
3000 pop1 1.0091 0.989318
3000 pop2 1.01528 0.995372
3100 pop1 1.0107 0.990883
3100 pop2 1.01209 0.992249
3200 pop1 1.01178 0.99194
3200 pop2 1.01278 0.992919
3300 pop1 1.01175 0.991912
3300 pop2 1.01233 0.992476
3400 pop1 1.01267 0.992819
3400 pop2 1.01156 0.991727
3500 pop1 1.01142 0.991589
3500 pop2 1.01086 0.991042
3600 pop1 1.01313 0.993261
3600 pop2 1.01167 0.991831
3700 pop1 1.01296 0.993098
3700 pop2 1.01233 0.992485
3800 pop1 1.01235 0.992496
3800 pop2 1.01418 0.994292
3900 pop1 1.01285 0.992991
3900 pop2 1.01431 0.994418
4000 pop1 1.01354 0.993664
4000 pop2 1.01266 0.9928
4100 pop1 1.01285 0.99299
4100 pop2 1.01166 0.99182
4200 pop1 1.01291 0.993046
4200 pop2 1.0124 0.992545
4300 pop1 1.01362 0.993742
4300 pop2 1.00937 0.989579
4400 pop1 1.01496 0.995055
4400 pop2 1.00944 0.989648
4500 pop1 1.01461 0.994718
4500 pop2 1.00815 0.988386
4600 pop1 1.01661 0.996677
4600 pop2 1.00662 0.986884
4700 pop1 1.01637 0.996439
4700 pop2 1.00656 0.986822
4800 pop1 1.01699 0.997046
4800 pop2 1.00777 0.988012
4900 pop1 1.01493 0.995027
4900 pop2 1.00923 0.989442
5000 pop1 1.012 0.992154
5000 pop2 1.01126 0.99143
