1 pop1 1.0 0.980392
1 pop2 1.0 0.980392
100 pop1 1.00081 0.981186
100 pop2 1.00009 0.980485
200 pop1 1.00035 0.980734
200 pop2 1.00042 0.980808
300 pop1 0.999 0.979412
300 pop2 1.00114 0.981508
400 pop1 0.997987 0.978419
400 pop2 1.00191 0.982268
500 pop1 0.998557 0.978978
500 pop2 1.00249 0.982831
600 pop1 0.99754 0.97798
600 pop2 1.00251 0.982855
700 pop1 0.997796 0.978232
700 pop2 1.00333 0.983656
800 pop1 0.998237 0.978664
800 pop2 1.00252 0.982861
900 pop1 0.998987 0.979399
900 pop2 1.00169 0.982051
1000 pop1 1.00012 0.980511
1000 pop2 0.99993 0.980323
1100 pop1 1.00634 0.986606
1100 pop2 1.00265 0.982991
1200 pop1 1.00964 0.989847
1200 pop2 1.00314 0.983468
1300 pop1 1.01026 0.990454
1300 pop2 1.00501 0.9853
1400 pop1 1.01029 0.990482
1400 pop2 1.00792 0.988153
1500 pop1 1.00901 0.989228
1500 pop2 1.01044 0.990623
1600 pop1 1.00651 0.986778
1600 pop2 1.01264 0.992784
1700 pop1 1.0065 0.986765
1700 pop2 1.01227 0.992417
1800 pop1 1.00588 0.986155
1800 pop2 1.0129 0.993043
1900 pop1 1.00447 0.984779
1900 pop2 1.0156 0.995683
2000 pop1 1.00264 0.982981
2000 pop2 1.01701 0.997065
2100 pop1 1.00349 0.983812
2100 pop2 1.01643 0.9965
2200 pop1 1.00527 0.985561
2200 pop2 1.01411 0.994227
2300 pop1 1.00625 0.986523
2300 pop2 1.01276 0.992901
2400 pop1 1.00545 0.985733
2400 pop2 1.01389 0.994009
2500 pop1 1.00371 0.984028
2500 pop2 1.01612 0.996198
2600 pop1 1.00351 0.983831
2600 pop2 1.01575 0.995828
2700 pop1 1.00382 0.984136
2700 pop2 1.01548 0.995565
2800 pop1 1.00324 0.983571
2800 pop2 1.01599 0.996065
2900 pop1 1.00413 0.984443
2900 pop2 1.01519 0.995287
3000 pop1 1.00369 0.984009
3000 pop2 1.01581 0.995897
3100 pop1 1.00249 0.98283
3100 pop2 1.01745 0.997502
3200 pop1 1.00221 0.982554
3200 pop2 1.01789 0.997933
3300 pop1 1.00282 0.983154
3300 pop2 1.01706 0.997114
3400 pop1 1.00258 0.982921
3400 pop2 1.01729 0.997339
3500 pop1 1.00309 0.983417
3500 pop2 1.01717 0.997225
3600 pop1 1.00356 0.983884
3600 pop2 1.01675 0.996816
3700 pop1 1.00485 0.985147
3700 pop2 1.01494 0.995038
3800 pop1 1.00512 0.985413
3800 pop2 1.01524 0.995331
3900 pop1 1.00592 0.986194
3900 pop2 1.01421 0.994328
4000 pop1 1.0065 0.986767
4000 pop2 1.01322 0.993352
4100 pop1 1.00607 0.986347
4100 pop2 1.01372 0.993846
4200 pop1 1.00533 0.985622
4200 pop2 1.01518 0.99527
4300 pop1 1.00599 0.98626
4300 pop2 1.01412 0.99423
4400 pop1 1.00567 0.985947
4400 pop2 1.01414 0.994255
4500 pop1 1.00718 0.987433
4500 pop2 1.01316 0.993294
4600 pop1 1.00738 0.987623
4600 pop2 1.01246 0.992611
4700 pop1 1.00921 0.989419
4700 pop2 1.01196 0.992122
4800 pop1 1.00843 0.988655
4800 pop2 1.01184 0.991999
4900 pop1 1.00878 0.988996
4900 pop2 1.01155 0.991715
5000 pop1 1.00777 0.988006
5000 pop2 1.01218 0.992331
