1 pop1 1.0 0.909091
1 pop2 1.0 0.909091
100 pop1 1.01781 0.925284
100 pop2 1.01709 0.924627
200 pop1 1.01838 0.925796
200 pop2 1.00968 0.917889
300 pop1 1.0074 0.91582
300 pop2 1.02098 0.92816
400 pop1 1.02333 0.930305
400 pop2 1.00039 0.909442
500 pop1 1.0057 0.914273
500 pop2 1.02193 0.92903
600 pop1 1.0123 0.92027
600 pop2 1.01692 0.924471
700 pop1 1.01911 0.926467
700 pop2 1.00987 0.918062
800 pop1 1.01355 0.921407
800 pop2 1.01936 0.926691
900 pop1 1.00375 0.912498
900 pop2 1.0213 0.928455
1000 pop1 1.00884 0.917126
1000 pop2 1.01621 0.923829
1100 pop1 1.05675 0.960684
1100 pop2 1.04145 0.946775
1200 pop1 1.05823 0.962026
1200 pop2 1.04887 0.953515
1300 pop1 1.05094 0.955396
1300 pop2 1.05395 0.958132
1400 pop1 1.04925 0.953864
1400 pop2 1.06099 0.964533
1500 pop1 1.05312 0.957384
1500 pop2 1.0577 0.961546
1600 pop1 1.05802 0.961833
1600 pop2 1.05068 0.955161
1700 pop1 1.05535 0.959411
1700 pop2 1.05458 0.958705
1800 pop1 1.05157 0.95597
1800 pop2 1.06165 0.965135
1900 pop1 1.05467 0.958787
1900 pop2 1.06005 0.96368
2000 pop1 1.05227 0.956612
2000 pop2 1.05929 0.96299
2100 pop1 1.0558 0.959817
2100 pop2 1.05377 0.957974
2200 pop1 1.0537 0.957908
2200 pop2 1.05647 0.960424
2300 pop1 1.05725 0.961141
2300 pop2 1.05422 0.958385
2400 pop1 1.06063 0.96421
2400 pop2 1.0523 0.956639
2500 pop1 1.0544 0.958549
2500 pop2 1.05865 0.962411
2600 pop1 1.05463 0.958759
2600 pop2 1.05511 0.95919
2700 pop1 1.05247 0.956789
2700 pop2 1.05862 0.962384
2800 pop1 1.05335 0.957591
2800 pop2 1.05553 0.95957
2900 pop1 1.0549 0.958995
2900 pop2 1.05367 0.957877
3000 pop1 1.05238 0.956705
3000 pop2 1.06164 0.965127
3100 pop1 1.05389 0.958079
3100 pop2 1.05496 0.959052
3200 pop1 1.05661 0.960555
3200 pop2 1.05382 0.958017
3300 pop1 1.0597 0.963365
3300 pop2 1.05276 0.957057
3400 pop1 1.06118 0.964711
3400 pop2 1.05112 0.955567
3500 pop1 1.0656 0.968726
3500 pop2 1.0448 0.949821
3600 pop1 1.05458 0.95871
3600 pop2 1.05472 0.958839
3700 pop1 1.05926 0.962959
3700 pop2 1.05263 0.956936
3800 pop1 1.05817 0.961969
3800 pop2 1.0533 0.957542
3900 pop1 1.05775 0.961595
3900 pop2 1.05432 0.958477
4000 pop1 1.05085 0.955319
4000 pop2 1.05932 0.963022
4100 pop1 1.05347 0.957701
4100 pop2 1.05771 0.961555
4200 pop1 1.05992 0.963565
4200 pop2 1.05153 0.955934
4300 pop1 1.05956 0.963237
4300 pop2 1.05119 0.955628
4400 pop1 1.06198 0.965437
4400 pop2 1.04949 0.954082
4500 pop1 1.05618 0.960163
4500 pop2 1.05189 0.956265
4600 pop1 1.06335 0.966684
4600 pop2 1.04653 0.95139
4700 pop1 1.06106 0.964601
4700 pop2 1.05395 0.958137
4800 pop1 1.05756 0.961421
4800 pop2 1.05281 0.957099
4900 pop1 1.0552 0.95927
4900 pop2 1.05702 0.96093
5000 pop1 1.05415 0.958314
5000 pop2 1.05561 0.959649
