1 pop1 1.0 0.980392
1 pop2 1.0 0.980392
100 pop1 1.00649 0.986758
100 pop2 1.00524 0.985527
200 pop1 1.00578 0.986062
200 pop2 1.00558 0.98586
300 pop1 1.00495 0.985246
300 pop2 1.00538 0.98567
400 pop1 1.00488 0.985174
400 pop2 1.00811 0.988342
500 pop1 1.00449 0.984794
500 pop2 1.00795 0.988187
600 pop1 1.00465 0.984947
600 pop2 1.00657 0.986831
700 pop1 1.00456 0.984866
700 pop2 1.00515 0.985439
800 pop1 1.00594 0.986214
800 pop2 1.00745 0.987699
900 pop1 1.00508 0.985376
900 pop2 1.00603 0.986307
1000 pop1 1.00363 0.983955
1000 pop2 1.00513 0.985422
1100 pop1 1.00865 0.988868
1100 pop2 1.00761 0.987855
1200 pop1 1.01127 0.991444
1200 pop2 1.00956 0.989768
1300 pop1 1.01196 0.992115
1300 pop2 1.01173 0.991892
1400 pop1 1.0107 0.99088
1400 pop2 1.01238 0.992534
1500 pop1 1.01037 0.990555
1500 pop2 1.01384 0.993957
1600 pop1 1.01124 0.991409
1600 pop2 1.01201 0.992165
1700 pop1 1.01273 0.992876
1700 pop2 1.01165 0.991817
1800 pop1 1.01364 0.993762
1800 pop2 1.01002 0.990215
1900 pop1 1.01343 0.993561
1900 pop2 1.01255 0.992691
2000 pop1 1.01243 0.992579
2000 pop2 1.01267 0.992813
2100 pop1 1.01377 0.993894
2100 pop2 1.01113 0.991305
2200 pop1 1.01208 0.992231
2200 pop2 1.01093 0.991108
2300 pop1 1.01258 0.992727
2300 pop2 1.00946 0.989671
2400 pop1 1.01104 0.991213
2400 pop2 1.01245 0.992597
2500 pop1 1.0113 0.991471
2500 pop2 1.0108 0.990982
2600 pop1 1.01177 0.991934
2600 pop2 1.0114 0.991566
2700 pop1 1.01336 0.993489
2700 pop2 1.01302 0.993155
2800 pop1 1.01263 0.992778
2800 pop2 1.01359 0.99372
2900 pop1 1.01114 0.99131
2900 pop2 1.0142 0.994316
3000 pop1 1.00941 0.989617
3000 pop2 1.01496 0.995058
3100 pop1 1.00901 0.989222
3100 pop2 1.01516 0.995256
3200 pop1 1.00882 0.989044
3200 pop2 1.01417 0.994281
3300 pop1 1.00953 0.989736
3300 pop2 1.01476 0.994863
3400 pop1 1.01078 0.990957
3400 pop2 1.01507 0.995164
3500 pop1 1.00957 0.989779
3500 pop2 1.01449 0.994599
3600 pop1 1.01228 0.992431
3600 pop2 1.01341 0.993541
3700 pop1 1.01077 0.990948
3700 pop2 1.01268 0.992827
3800 pop1 1.00863 0.988852
3800 pop2 1.01275 0.992896
3900 pop1 1.00809 0.988322
3900 pop2 1.01451 0.994619
4000 pop1 1.0107 0.990885
4000 pop2 1.01278 0.992919
4100 pop1 1.01088 0.991056
4100 pop2 1.01369 0.993815
4200 pop1 1.011 0.991174
4200 pop2 1.01189 0.99205
4300 pop1 1.01093 0.991108
4300 pop2 1.01438 0.994488
4400 pop1 1.01232 0.992475
4400 pop2 1.0122 0.992356
4500 pop1 1.01165 0.991814
4500 pop2 1.01323 0.993365
4600 pop1 1.01252 0.992666
4600 pop2 1.01355 0.993677
4700 pop1 1.01152 0.991687
4700 pop2 1.01292 0.993058
4800 pop1 1.01152 0.991683
4800 pop2 1.01273 0.992875
4900 pop1 1.00999 0.990189
4900 pop2 1.01398 0.994103
5000 pop1 1.00928 0.989491
5000 pop2 1.0137 0.993824
