1 pop1 1.0 0.833333
1 pop2 1.0 0.833333
100 pop1 1.12861 0.940509
100 pop2 1.12389 0.936576
200 pop1 1.12734 0.939451
200 pop2 1.11886 0.932387
300 pop1 1.12549 0.937908
300 pop2 1.11819 0.931826
400 pop1 1.11375 0.928121
400 pop2 1.12849 0.94041
500 pop1 1.11942 0.932849
500 pop2 1.13052 0.942097
600 pop1 1.12659 0.938826
600 pop2 1.112 0.926667
700 pop1 1.1276 0.939665
700 pop2 1.12264 0.935531
800 pop1 1.11799 0.931659
800 pop2 1.11642 0.930348
900 pop1 1.12817 0.940143
900 pop2 1.12647 0.938723
1000 pop1 1.12749 0.939571
1000 pop2 1.12443 0.937025
1100 pop1 1.14016 0.950133
1100 pop2 1.14569 0.954742
1200 pop1 1.13733 0.947778
1200 pop2 1.14554 0.954616
1300 pop1 1.1453 0.954416
1300 pop2 1.14545 0.954541
1400 pop1 1.145 0.954163
1400 pop2 1.14393 0.953278
1500 pop1 1.14437 0.95364
1500 pop2 1.14737 0.956145
1600 pop1 1.14282 0.952353
1600 pop2 1.14228 0.951904
1700 pop1 1.13884 0.949033
1700 pop2 1.14315 0.952625
1800 pop1 1.13958 0.94965
1800 pop2 1.15044 0.9587
1900 pop1 1.14789 0.956575
1900 pop2 1.13342 0.944515
2000 pop1 1.14338 0.952814
2000 pop2 1.13544 0.946202
2100 pop1 1.13729 0.947738
2100 pop2 1.13989 0.949905
2200 pop1 1.14672 0.955598
2200 pop2 1.14645 0.955379
2300 pop1 1.13543 0.946191
2300 pop2 1.14459 0.953822
2400 pop1 1.14032 0.95027
2400 pop2 1.14018 0.950151
2500 pop1 1.14526 0.954386
2500 pop2 1.1427 0.952252
2600 pop1 1.14263 0.952189
2600 pop2 1.14095 0.950788
2700 pop1 1.13938 0.949482
2700 pop2 1.13831 0.94859
2800 pop1 1.14186 0.951548
2800 pop2 1.14256 0.952134
2900 pop1 1.14671 0.955592
2900 pop2 1.13933 0.949445
3000 pop1 1.15169 0.959742
3000 pop2 1.13874 0.948951
3100 pop1 1.1428 0.952337
3100 pop2 1.13494 0.945786
3200 pop1 1.14518 0.954315
3200 pop2 1.14192 0.951596
3300 pop1 1.13803 0.94836
3300 pop2 1.14523 0.954361
3400 pop1 1.14596 0.954969
3400 pop2 1.14155 0.951288
3500 pop1 1.14404 0.953367
3500 pop2 1.1478 0.956499
3600 pop1 1.15012 0.958436
3600 pop2 1.13841 0.948675
3700 pop1 1.14021 0.950174
3700 pop2 1.1415 0.951246
3800 pop1 1.14236 0.951963
3800 pop2 1.14349 0.952911
3900 pop1 1.13661 0.947177
3900 pop2 1.14687 0.955725
4000 pop1 1.14233 0.951939
4000 pop2 1.14059 0.950488
4100 pop1 1.13915 0.949295
4100 pop2 1.14662 0.95552
4200 pop1 1.14229 0.95191
4200 pop2 1.1423 0.951915
4300 pop1 1.14371 0.953092
4300 pop2 1.14154 0.951285
4400 pop1 1.14247 0.952062
4400 pop2 1.14697 0.95581
4500 pop1 1.13703 0.947523
4500 pop2 1.14128 0.951066
4600 pop1 1.13982 0.949846
4600 pop2 1.14677 0.955645
4700 pop1 1.13326 0.944381
4700 pop2 1.14495 0.954126
4800 pop1 1.13837 0.948642
4800 pop2 1.14888 0.957403
4900 pop1 1.14817 0.956808
4900 pop2 1.13654 0.947117
5000 pop1 1.14922 0.957685
5000 pop2 1.13464 0.945533
