1 pop1 1.0 0.980392
1 pop2 1.0 0.980392
100 pop1 1.00551 0.985795
100 pop2 1.00684 0.987095
200 pop1 1.00817 0.988405
200 pop2 1.00336 0.983688
300 pop1 1.00489 0.985182
300 pop2 1.00611 0.986378
400 pop1 0.999269 0.979675
400 pop2 1.00898 0.9892
500 pop1 1.00162 0.981982
500 pop2 1.00877 0.988985
600 pop1 1.00248 0.982823
600 pop2 1.00888 0.989102
700 pop1 1.0032 0.98353
700 pop2 1.00769 0.98793
800 pop1 1.0038 0.984122
800 pop2 1.00855 0.988772
900 pop1 1.00492 0.985212
900 pop2 1.00713 0.987385
1000 pop1 1.00581 0.986087
1000 pop2 1.00601 0.986281
1100 pop1 1.00655 0.986816
1100 pop2 1.00411 0.984422
1200 pop1 1.01049 0.990673
1200 pop2 1.00935 0.989556
1300 pop1 1.01126 0.99143
1300 pop2 1.0107 0.990885
1400 pop1 1.00969 0.989894
1400 pop2 1.0126 0.99275
1500 pop1 1.00923 0.989441
1500 pop2 1.01506 0.995153
1600 pop1 1.00966 0.989859
1600 pop2 1.0147 0.994805
1700 pop1 1.01156 0.991728
1700 pop2 1.01419 0.994303
1800 pop1 1.01031 0.990504
1800 pop2 1.01465 0.994754
1900 pop1 1.00871 0.988935
1900 pop2 1.01512 0.99522
2000 pop1 1.00926 0.989468
2000 pop2 1.0146 0.99471
2100 pop1 1.00836 0.988586
2100 pop2 1.01402 0.994139
2200 pop1 1.00707 0.987327
2200 pop2 1.01545 0.995542
2300 pop1 1.00894 0.989159
2300 pop2 1.01573 0.995814
2400 pop1 1.00775 0.987987
2400 pop2 1.01534 0.995432
2500 pop1 1.00895 0.98917
2500 pop2 1.01567 0.995752
2600 pop1 1.00948 0.989682
2600 pop2 1.01522 0.99531
2700 pop1 1.01095 0.991126
2700 pop2 1.01303 0.993163
2800 pop1 1.01131 0.991483
2800 pop2 1.01259 0.992732
2900 pop1 1.01211 0.992264
2900 pop2 1.01253 0.992677
3000 pop1 1.01063 0.990817
3000 pop2 1.01361 0.993735
3100 pop1 1.01061 0.990789
3100 pop2 1.01398 0.994097
3200 pop1 1.01143 0.991602
3200 pop2 1.0143 0.994409
3300 pop1 1.01235 0.992501
3300 pop2 1.01351 0.993635
3400 pop1 1.01222 0.99237
3400 pop2 1.01235 0.992496
3500 pop1 1.01159 0.991756
3500 pop2 1.0112 0.991368
3600 pop1 1.01242 0.992565
3600 pop2 1.01222 0.99237
3700 pop1 1.0135 0.993627
3700 pop2 1.01226 0.992409
3800 pop1 1.01425 0.994361
3800 pop2 1.00989 0.990087
3900 pop1 1.01635 0.996419
3900 pop2 1.00885 0.989067
4000 pop1 1.01464 0.994741
4000 pop2 1.0091 0.989315
4100 pop1 1.01445 0.994559
4100 pop2 1.0094 0.98961
4200 pop1 1.01395 0.994072
4200 pop2 1.01248 0.99263
4300 pop1 1.01218 0.992335
4300 pop2 1.01233 0.992476
4400 pop1 1.01185 0.992014
4400 pop2 1.01368 0.993801
4500 pop1 1.00956 0.989768
4500 pop2 1.01182 0.991979
4600 pop1 1.0108 0.990976
4600 pop2 1.01281 0.992949
4700 pop1 1.013 0.993135
4700 pop2 1.01232 0.992472
4800 pop1 1.01482 0.994924
4800 pop2 1.01103 0.991211
4900 pop1 1.01215 0.9923
4900 pop2 1.01095 0.991132
5000 pop1 1.01124 0.991412
5000 pop2 1.01475 0.994851
