1 pop1 1.0 0.980392
1 pop2 1.0 0.980392
100 pop1 1.01001 0.990206
100 pop2 1.00696 0.987217
200 pop1 1.00813 0.988365
200 pop2 1.00988 0.99008
300 pop1 1.00935 0.989559
300 pop2 1.00848 0.988703
400 pop1 1.00907 0.989281
400 pop2 1.00885 0.989071
500 pop1 1.00915 0.989365
500 pop2 1.00714 0.987393
600 pop1 1.00946 0.989664
600 pop2 1.00737 0.987613
700 pop1 1.00699 0.987244
700 pop2 1.00858 0.988807
800 pop1 1.00799 0.988221
800 pop2 1.00947 0.989674
900 pop1 1.00965 0.989849
900 pop2 1.0094 0.989605
1000 pop1 1.00968 0.98988
1000 pop2 1.00844 0.988667
1100 pop1 1.01198 0.992136
1100 pop2 0.996268 0.976733
1200 pop1 1.01431 0.994423
1200 pop2 0.995712 0.976188
1300 pop1 1.01647 0.996539
1300 pop2 0.995061 0.97555
1400 pop1 1.01701 0.997065
1400 pop2 0.996263 0.976728
1500 pop1 1.01654 0.996609
1500 pop2 0.996947 0.977399
1600 pop1 1.01826 0.998298
1600 pop2 0.997592 0.978031
1700 pop1 1.0181 0.998139
1700 pop2 0.998253 0.978679
1800 pop1 1.01958 0.999591
1800 pop2 0.998361 0.978785
1900 pop1 1.02001 1.00001
1900 pop2 0.998875 0.979289
2000 pop1 1.0201 1.0001
2000 pop2 0.999318 0.979723
2100 pop1 1.0201 1.0001
2100 pop2 0.999745 0.980142
2200 pop1 1.0201 1.0001
2200 pop2 1.0 0.980392
2300 pop1 1.0201 1.0001
2300 pop2 1.0 0.980392
2400 pop1 1.0201 1.0001
2400 pop2 1.0 0.980392
2500 pop1 1.0201 1.0001
2500 pop2 1.0 0.980392
2600 pop1 1.0201 1.0001
2600 pop2 1.0 0.980392
2700 pop1 1.0201 1.0001
2700 pop2 1.0 0.980392
2800 pop1 1.0201 1.0001
2800 pop2 1.0 0.980392
2900 pop1 1.0201 1.0001
2900 pop2 1.0 0.980392
3000 pop1 1.0201 1.0001
3000 pop2 1.0 0.980392
3100 pop1 1.0201 1.0001
3100 pop2 1.0 0.980392
3200 pop1 1.0201 1.0001
3200 pop2 1.0 0.980392
3300 pop1 1.0201 1.0001
3300 pop2 1.0 0.980392
3400 pop1 1.0201 1.0001
3400 pop2 1.0 0.980392
3500 pop1 1.0201 1.0001
3500 pop2 1.0 0.980392
3600 pop1 1.0201 1.0001
3600 pop2 1.0 0.980392
3700 pop1 1.0201 1.0001
3700 pop2 1.0 0.980392
3800 pop1 1.0201 1.0001
3800 pop2 1.0 0.980392
3900 pop1 1.0201 1.0001
3900 pop2 1.0 0.980392
4000 pop1 1.0201 1.0001
4000 pop2 1.0 0.980392
4100 pop1 1.0201 1.0001
4100 pop2 1.0 0.980392
4200 pop1 1.0201 1.0001
4200 pop2 1.0 0.980392
4300 pop1 1.0201 1.0001
4300 pop2 1.0 0.980392
4400 pop1 1.0201 1.0001
4400 pop2 1.0 0.980392
4500 pop1 1.0201 1.0001
4500 pop2 1.0 0.980392
4600 pop1 1.0201 1.0001
4600 pop2 1.0 0.980392
4700 pop1 1.0201 1.0001
4700 pop2 1.0 0.980392
4800 pop1 1.0201 1.0001
4800 pop2 1.0 0.980392
4900 pop1 1.0201 1.0001
4900 pop2 1.0 0.980392
5000 pop1 1.0201 1.0001
5000 pop2 1.0 0.980392
