1 pop1 1.0 0.833333
1 pop2 1.0 0.833333
100 pop1 1.19203 0.993355
100 pop2 1.18961 0.99134
200 pop1 1.1918 0.993168
200 pop2 1.19137 0.992806
300 pop1 1.18869 0.990577
300 pop2 1.18879 0.99066
400 pop1 1.19031 0.991923
400 pop2 1.18942 0.99118
500 pop1 1.18724 0.989371
500 pop2 1.1868 0.989001
600 pop1 1.19395 0.994959
600 pop2 1.1892 0.991001
700 pop1 1.19005 0.991706
700 pop2 1.19112 0.992599
800 pop1 1.19199 0.993326
800 pop2 1.18922 0.991017
900 pop1 1.18807 0.990055
900 pop2 1.18838 0.990317
1000 pop1 1.19128 0.992736
1000 pop2 1.18937 0.991139
1100 pop1 1.19133 0.992775
1100 pop2 1.18287 0.985724
1200 pop1 1.19107 0.992561
1200 pop2 1.19361 0.994672
1300 pop1 1.18659 0.988829
1300 pop2 1.18883 0.990693
1400 pop1 1.19381 0.994841
1400 pop2 1.18949 0.99124
1500 pop1 1.1902 0.991835
1500 pop2 1.19429 0.99524
1600 pop1 1.19305 0.99421
1600 pop2 1.19448 0.9954
1700 pop1 1.19278 0.993985
1700 pop2 1.1923 0.993581
1800 pop1 1.18753 0.989608
1800 pop2 1.18904 0.990864
1900 pop1 1.18954 0.991286
1900 pop2 1.18818 0.99015
2000 pop1 1.19449 0.99541
2000 pop2 1.19386 0.994885
2100 pop1 1.19202 0.993348
2100 pop2 1.19239 0.993657
2200 pop1 1.19015 0.991791
2200 pop2 1.1929 0.994085
2300 pop1 1.19122 0.992683
2300 pop2 1.19096 0.992467
2400 pop1 1.19435 0.995288
2400 pop2 1.18933 0.991105
2500 pop1 1.1855 0.987917
2500 pop2 1.19334 0.994451
2600 pop1 1.19481 0.995678
2600 pop2 1.18961 0.99134
2700 pop1 1.19265 0.993873
2700 pop2 1.18988 0.991563
2800 pop1 1.19629 0.996907
2800 pop2 1.19293 0.994106
2900 pop1 1.19374 0.994779
2900 pop2 1.18766 0.989717
3000 pop1 1.18496 0.987465
3000 pop2 1.19139 0.992826
3100 pop1 1.19229 0.993576
3100 pop2 1.1859 0.98825
3200 pop1 1.19077 0.992312
3200 pop2 1.19135 0.992789
3300 pop1 1.19119 0.992656
3300 pop2 1.19295 0.994127
3400 pop1 1.1913 0.992746
3400 pop2 1.19099 0.99249
3500 pop1 1.19467 0.99556
3500 pop2 1.19021 0.991842
3600 pop1 1.18991 0.991591
3600 pop2 1.18936 0.991132
3700 pop1 1.19049 0.992078
3700 pop2 1.19344 0.994534
3800 pop1 1.18921 0.991006
3800 pop2 1.1911 0.992585
3900 pop1 1.18905 0.990873
3900 pop2 1.19094 0.99245
4000 pop1 1.19081 0.992338
4000 pop2 1.18878 0.990649
4100 pop1 1.19061 0.992174
4100 pop2 1.18668 0.988898
4200 pop1 1.18863 0.990521
4200 pop2 1.18916 0.990969
4300 pop1 1.19223 0.993523
4300 pop2 1.19185 0.993209
4400 pop1 1.19169 0.993073
4400 pop2 1.18992 0.991601
4500 pop1 1.19195 0.993291
4500 pop2 1.18968 0.991401
4600 pop1 1.18822 0.990185
4600 pop2 1.19144 0.992869
4700 pop1 1.18615 0.988461
4700 pop2 1.19127 0.992723
4800 pop1 1.19057 0.992143
4800 pop2 1.18614 0.988449
4900 pop1 1.19259 0.993826
4900 pop2 1.18771 0.989759
5000 pop1 1.18818 0.990153
5000 pop2 1.1913 0.992747
