1 pop1 1.0 0.980392
1 pop2 1.0 0.980392
100 pop1 1.00108 0.981446
100 pop2 1.002 0.982356
200 pop1 0.99954 0.979941
200 pop2 1.00138 0.981748
300 pop1 1.00215 0.982504
300 pop2 1.00004 0.980431
400 pop1 1.00392 0.984232
400 pop2 0.998475 0.978897
500 pop1 1.00378 0.984093
500 pop2 0.997917 0.97835
600 pop1 1.0049 0.985193
600 pop2 0.99633 0.976795
700 pop1 1.00503 0.98532
700 pop2 0.997245 0.977691
800 pop1 1.00505 0.985343
800 pop2 0.997283 0.977729
900 pop1 1.00508 0.985368
900 pop2 0.998592 0.979011
1000 pop1 1.00539 0.985678
1000 pop2 0.996534 0.976994
1100 pop1 1.00693 0.987186
1100 pop2 1.00109 0.98146
1200 pop1 1.00974 0.989945
1200 pop2 1.00449 0.984793
1300 pop1 1.00956 0.989761
1300 pop2 1.00822 0.988449
1400 pop1 1.00945 0.989655
1400 pop2 1.0092 0.989416
1500 pop1 1.00825 0.988483
1500 pop2 1.0099 0.990098
1600 pop1 1.00801 0.988241
1600 pop2 1.01131 0.991484
1700 pop1 1.00761 0.987857
1700 pop2 1.01291 0.993047
1800 pop1 1.00662 0.986886
1800 pop2 1.01268 0.99282
1900 pop1 1.00543 0.985718
1900 pop2 1.01352 0.993652
2000 pop1 1.00466 0.984964
2000 pop2 1.01552 0.995604
2100 pop1 1.00443 0.984734
2100 pop2 1.01603 0.996106
2200 pop1 1.00385 0.98417
2200 pop2 1.0158 0.995884
2300 pop1 1.00266 0.982997
2300 pop2 1.017 0.997057
2400 pop1 1.00216 0.982507
2400 pop2 1.01766 0.997704
2500 pop1 1.00204 0.982389
2500 pop2 1.01746 0.99751
2600 pop1 1.00191 0.982266
2600 pop2 1.0178 0.997848
2700 pop1 1.0015 0.98186
2700 pop2 1.01862 0.998647
2800 pop1 1.00253 0.982868
2800 pop2 1.01779 0.99783
2900 pop1 1.00308 0.983407
2900 pop2 1.01672 0.996783
3000 pop1 1.00194 0.982297
3000 pop2 1.01796 0.998001
3100 pop1 1.00261 0.982952
3100 pop2 1.01792 0.997965
3200 pop1 1.00253 0.982869
3200 pop2 1.0177 0.997742
3300 pop1 1.00208 0.982427
3300 pop2 1.01817 0.998208
3400 pop1 1.00129 0.981652
3400 pop2 1.01888 0.9989
3500 pop1 1.00087 0.981241
3500 pop2 1.01885 0.998871
3600 pop1 1.00138 0.981745
3600 pop2 1.01868 0.998703
3700 pop1 1.00275 0.983087
3700 pop2 1.01734 0.997396
3800 pop1 1.00313 0.983457
3800 pop2 1.01661 0.996679
3900 pop1 1.0037 0.984021
3900 pop2 1.01573 0.995816
4000 pop1 1.00308 0.983409
4000 pop2 1.01728 0.997329
4100 pop1 1.00397 0.984289
4100 pop2 1.01559 0.995672
4200 pop1 1.00478 0.985079
4200 pop2 1.01614 0.996218
4300 pop1 1.00528 0.985573
4300 pop2 1.01557 0.99566
4400 pop1 1.00453 0.984832
4400 pop2 1.01608 0.996152
4500 pop1 1.00547 0.985754
4500 pop2 1.01528 0.995374
4600 pop1 1.00525 0.985536
4600 pop2 1.01525 0.995348
4700 pop1 1.00445 0.984754
4700 pop2 1.01608 0.996158
4800 pop1 1.00404 0.984353
4800 pop2 1.01691 0.996968
4900 pop1 1.00282 0.983159
4900 pop2 1.01712 0.997173
5000 pop1 1.00383 0.984143
5000 pop2 1.01649 0.99656
