1 pop1 1.0 0.980392
1 pop2 1.0 0.980392
100 pop1 1.0005 0.980883
100 pop2 1.00215 0.982499
200 pop1 1.00145 0.98181
200 pop2 1.00054 0.980923
300 pop1 1.00534 0.985624
300 pop2 0.997608 0.978047
400 pop1 1.00543 0.985712
400 pop2 0.996366 0.97683
500 pop1 1.00474 0.985037
500 pop2 0.99634 0.976804
600 pop1 1.00417 0.984479
600 pop2 0.997448 0.97789
700 pop1 1.0029 0.983239
700 pop2 0.998788 0.979204
800 pop1 1.00284 0.983178
800 pop2 0.999292 0.979698
900 pop1 1.00428 0.98459
900 pop2 0.999133 0.979543
1000 pop1 0.999287 0.979693
1000 pop2 1.00185 0.98221
1100 pop1 1.00852 0.988747
1100 pop2 0.994491 0.974991
1200 pop1 1.01315 0.993288
1200 pop2 0.993598 0.974116
1300 pop1 1.01689 0.996956
1300 pop2 0.993433 0.973954
1400 pop1 1.01959 0.999594
1400 pop2 0.992988 0.973517
1500 pop1 1.01952 0.999528
1500 pop2 0.994118 0.974626
1600 pop1 1.01991 0.999914
1600 pop2 0.994819 0.975313
1700 pop1 1.01991 0.999912
1700 pop2 0.996015 0.976485
1800 pop1 1.02009 1.00008
1800 pop2 0.996134 0.976602
1900 pop1 1.02011 1.00011
1900 pop2 0.996737 0.977193
2000 pop1 1.0201 1.0001
2000 pop2 0.998165 0.978593
2100 pop1 1.0201 1.0001
2100 pop2 0.998492 0.978913
2200 pop1 1.0201 1.0001
2200 pop2 0.998244 0.978671
2300 pop1 1.0201 1.0001
2300 pop2 0.999294 0.9797
2400 pop1 1.0201 1.0001
2400 pop2 0.999593 0.979993
2500 pop1 1.0201 1.0001
2500 pop2 0.999725 0.980122
2600 pop1 1.0201 1.0001
2600 pop2 0.99982 0.980216
2700 pop1 1.0201 1.0001
2700 pop2 0.999868 0.980263
2800 pop1 1.0201 1.0001
2800 pop2 0.999677 0.980075
2900 pop1 1.0201 1.0001
2900 pop2 0.999968 0.980361
3000 pop1 1.0201 1.0001
3000 pop2 1.0 0.980392
3100 pop1 1.0201 1.0001
3100 pop2 1.0 0.980392
3200 pop1 1.0201 1.0001
3200 pop2 1.0 0.980392
3300 pop1 1.0201 1.0001
3300 pop2 1.0 0.980392
3400 pop1 1.0201 1.0001
3400 pop2 1.0 0.980392
3500 pop1 1.0201 1.0001
3500 pop2 1.0 0.980392
3600 pop1 1.0201 1.0001
3600 pop2 1.0 0.980392
3700 pop1 1.0201 1.0001
3700 pop2 1.0 0.980392
3800 pop1 1.0201 1.0001
3800 pop2 1.0 0.980392
3900 pop1 1.0201 1.0001
3900 pop2 1.0 0.980392
4000 pop1 1.0201 1.0001
4000 pop2 1.0 0.980392
4100 pop1 1.0201 1.0001
4100 pop2 1.0 0.980392
4200 pop1 1.0201 1.0001
4200 pop2 1.0 0.980392
4300 pop1 1.0201 1.0001
4300 pop2 1.0 0.980392
4400 pop1 1.0201 1.0001
4400 pop2 1.0 0.980392
4500 pop1 1.0201 1.0001
4500 pop2 1.0 0.980392
4600 pop1 1.0201 1.0001
4600 pop2 1.0 0.980392
4700 pop1 1.0201 1.0001
4700 pop2 1.0 0.980392
4800 pop1 1.0201 1.0001
4800 pop2 1.0 0.980392
4900 pop1 1.0201 1.0001
4900 pop2 1.0 0.980392
5000 pop1 1.0201 1.0001
5000 pop2 1.0 0.980392
