1 pop1 1.0 0.833333
1 pop2 1.0 0.833333
100 pop1 1.18918 0.990987
100 pop2 1.19089 0.992409
200 pop1 1.19143 0.99286
200 pop2 1.19131 0.992761
300 pop1 1.18923 0.991026
300 pop2 1.19074 0.99228
400 pop1 1.1862 0.988504
400 pop2 1.18615 0.988456
500 pop1 1.19503 0.995858
500 pop2 1.19434 0.995286
600 pop1 1.18928 0.99107
600 pop2 1.19031 0.991923
700 pop1 1.19157 0.992976
700 pop2 1.19451 0.995427
800 pop1 1.19071 0.992259
800 pop2 1.19262 0.993849
900 pop1 1.19249 0.993743
900 pop2 1.19123 0.992692
1000 pop1 1.19213 0.993439
1000 pop2 1.19106 0.992551
1100 pop1 1.19585 0.996545
1100 pop2 0.992098 0.826748
1200 pop1 1.1994 0.999499
1200 pop2 0.992777 0.827314
1300 pop1 1.20086 1.00072
1300 pop2 0.991004 0.825837
1400 pop1 1.20237 1.00197
1400 pop2 0.990836 0.825696
1500 pop1 1.20052 1.00043
1500 pop2 0.99386 0.828216
1600 pop1 1.20208 1.00173
1600 pop2 0.995865 0.829887
1700 pop1 1.20418 1.00349
1700 pop2 0.99457 0.828809
1800 pop1 1.20267 1.00223
1800 pop2 0.995054 0.829211
1900 pop1 1.20162 1.00135
1900 pop2 0.993084 0.82757
2000 pop1 1.20932 1.00776
2000 pop2 0.995562 0.829635
2100 pop1 1.20933 1.00778
2100 pop2 0.997788 0.83149
2200 pop1 1.21027 1.00856
2200 pop2 0.998557 0.832131
2300 pop1 1.21039 1.00866
2300 pop2 0.9986 0.832167
2400 pop1 1.21014 1.00845
2400 pop2 0.999922 0.833268
2500 pop1 1.21 1.00833
2500 pop2 1.0 0.833333
2600 pop1 1.21 1.00833
2600 pop2 1.0 0.833333
2700 pop1 1.21 1.00833
2700 pop2 1.0 0.833333
2800 pop1 1.21 1.00833
2800 pop2 1.0 0.833333
2900 pop1 1.21 1.00833
2900 pop2 1.0 0.833333
3000 pop1 1.21 1.00833
3000 pop2 1.0 0.833333
3100 pop1 1.21 1.00833
3100 pop2 1.0 0.833333
3200 pop1 1.21 1.00833
3200 pop2 1.0 0.833333
3300 pop1 1.21 1.00833
3300 pop2 1.0 0.833333
3400 pop1 1.21 1.00833
3400 pop2 1.0 0.833333
3500 pop1 1.21 1.00833
3500 pop2 1.0 0.833333
3600 pop1 1.21 1.00833
3600 pop2 1.0 0.833333
3700 pop1 1.21 1.00833
3700 pop2 1.0 0.833333
3800 pop1 1.21 1.00833
3800 pop2 1.0 0.833333
3900 pop1 1.21 1.00833
3900 pop2 1.0 0.833333
4000 pop1 1.21 1.00833
4000 pop2 1.0 0.833333
4100 pop1 1.21 1.00833
4100 pop2 1.0 0.833333
4200 pop1 1.21 1.00833
4200 pop2 1.0 0.833333
4300 pop1 1.21 1.00833
4300 pop2 1.0 0.833333
4400 pop1 1.21 1.00833
4400 pop2 1.0 0.833333
4500 pop1 1.21 1.00833
4500 pop2 1.0 0.833333
4600 pop1 1.21 1.00833
4600 pop2 1.0 0.833333
4700 pop1 1.21 1.00833
4700 pop2 1.0 0.833333
4800 pop1 1.21 1.00833
4800 pop2 1.0 0.833333
4900 pop1 1.21 1.00833
4900 pop2 1.0 0.833333
5000 pop1 1.21 1.00833
5000 pop2 1.0 0.833333
