1 pop1 1.0 0.909091
1 pop2 1.0 0.909091
100 pop1 1.03609 0.941902
100 pop2 1.0333 0.939368
200 pop1 1.0388 0.944367
200 pop2 1.02946 0.935868
300 pop1 1.03939 0.944898
300 pop2 1.03225 0.938408
400 pop1 1.02985 0.936228
400 pop2 1.03727 0.942975
500 pop1 1.04169 0.946988
500 pop2 1.03134 0.93758
600 pop1 1.03359 0.939629
600 pop2 1.03926 0.94478
700 pop1 1.02828 0.934798
700 pop2 1.03632 0.942112
800 pop1 1.03327 0.939338
800 pop2 1.03702 0.942743
900 pop1 1.03421 0.94019
900 pop2 1.0325 0.938634
1000 pop1 1.03558 0.941439
1000 pop2 1.0349 0.940821
1100 pop1 1.06263 0.966027
1100 pop2 1.048 0.952725
1200 pop1 1.0526 0.956913
1200 pop2 1.06539 0.968534
1300 pop1 1.05557 0.959607
1300 pop2 1.06827 0.97115
1400 pop1 1.0543 0.958457
1400 pop2 1.06872 0.971566
1500 pop1 1.05455 0.958682
1500 pop2 1.06869 0.971536
1600 pop1 1.05258 0.956888
1600 pop2 1.0675 0.970457
1700 pop1 1.06128 0.964796
1700 pop2 1.06313 0.966481
1800 pop1 1.06406 0.967327
1800 pop2 1.06136 0.964875
1900 pop1 1.06173 0.965206
1900 pop2 1.06098 0.964526
2000 pop1 1.06199 0.965444
2000 pop2 1.0638 0.967092
2100 pop1 1.05655 0.960504
2100 pop2 1.06547 0.968606
2200 pop1 1.06192 0.965382
2200 pop2 1.06742 0.970384
2300 pop1 1.05807 0.961883
2300 pop2 1.06439 0.967631
2400 pop1 1.06731 0.970282
2400 pop2 1.06014 0.963766
2500 pop1 1.0651 0.968275
2500 pop2 1.06049 0.96408
2600 pop1 1.06496 0.968142
2600 pop2 1.05741 0.961277
2700 pop1 1.06323 0.96657
2700 pop2 1.06049 0.964084
2800 pop1 1.0704 0.973087
2800 pop2 1.05358 0.957799
2900 pop1 1.06446 0.967694
2900 pop2 1.0557 0.959728
3000 pop1 1.05892 0.962654
3000 pop2 1.06143 0.964933
3100 pop1 1.05528 0.959348
3100 pop2 1.06599 0.969083
3200 pop1 1.05305 0.957318
3200 pop2 1.06941 0.972192
3300 pop1 1.0588 0.962549
3300 pop2 1.06276 0.966149
3400 pop1 1.06224 0.965674
3400 pop2 1.06599 0.969085
3500 pop1 1.06149 0.96499
3500 pop2 1.0596 0.963273
3600 pop1 1.06573 0.968848
3600 pop2 1.06114 0.964675
3700 pop1 1.06507 0.968242
3700 pop2 1.0597 0.963367
3800 pop1 1.06806 0.97096
3800 pop2 1.05563 0.959668
3900 pop1 1.07018 0.972895
3900 pop2 1.05499 0.959085
4000 pop1 1.06659 0.969627
4000 pop2 1.05533 0.959389
4100 pop1 1.0716 0.974184
4100 pop2 1.05619 0.96017
4200 pop1 1.06423 0.967482
4200 pop2 1.05603 0.96003
4300 pop1 1.06448 0.967713
4300 pop2 1.06348 0.966799
4400 pop1 1.06848 0.971346
4400 pop2 1.05629 0.960259
4500 pop1 1.06196 0.965415
4500 pop2 1.05822 0.962021
4600 pop1 1.06329 0.966626
4600 pop2 1.0641 0.967363
4700 pop1 1.06608 0.969165
4700 pop2 1.05641 0.96037
4800 pop1 1.06413 0.967395
4800 pop2 1.06192 0.96538
4900 pop1 1.06158 0.96507
4900 pop2 1.06339 0.966717
5000 pop1 1.05819 0.961995
5000 pop2 1.06172 0.965198
