1 pop1 1.0 0.980392
1 pop2 1.0 0.980392
100 pop1 1.00546 0.985748
100 pop2 1.00781 0.988047
200 pop1 1.00561 0.985891
200 pop2 1.00435 0.984657
300 pop1 1.00456 0.98486
300 pop2 1.00397 0.984286
400 pop1 1.00628 0.986551
400 pop2 1.006 0.98627
500 pop1 1.0068 0.987055
500 pop2 1.00428 0.984591
600 pop1 1.00534 0.985629
600 pop2 1.00436 0.984663
700 pop1 1.00501 0.985302
700 pop2 1.00671 0.986971
800 pop1 1.00659 0.986856
800 pop2 1.00614 0.986414
900 pop1 1.00649 0.986755
900 pop2 1.00372 0.984041
1000 pop1 1.00676 0.987021
1000 pop2 1.00525 0.985537
1100 pop1 1.00779 0.988027
1100 pop2 1.00664 0.986903
1200 pop1 1.01107 0.991249
1200 pop2 1.01 0.990201
1300 pop1 1.01258 0.992729
1300 pop2 1.00775 0.987994
1400 pop1 1.01225 0.992399
1400 pop2 1.01056 0.990746
1500 pop1 1.01162 0.991787
1500 pop2 1.01331 0.993441
1600 pop1 1.00975 0.989949
1600 pop2 1.01408 0.994194
1700 pop1 1.01151 0.991677
1700 pop2 1.01317 0.993308
1800 pop1 1.01197 0.992125
1800 pop2 1.01235 0.992499
1900 pop1 1.0108 0.990983
1900 pop2 1.01392 0.994037
2000 pop1 1.01179 0.991947
2000 pop2 1.01414 0.994256
2100 pop1 1.01029 0.990479
2100 pop2 1.01546 0.995545
2200 pop1 1.00949 0.989699
2200 pop2 1.01396 0.994079
2300 pop1 1.01212 0.992272
2300 pop2 1.01279 0.992934
2400 pop1 1.00961 0.98981
2400 pop2 1.01354 0.993664
2500 pop1 1.01113 0.991299
2500 pop2 1.01337 0.993499
2600 pop1 1.01044 0.990628
2600 pop2 1.01363 0.993757
2700 pop1 1.01172 0.991885
2700 pop2 1.01206 0.992213
2800 pop1 1.01157 0.991735
2800 pop2 1.0111 0.991272
2900 pop1 1.01208 0.992234
2900 pop2 1.01247 0.992619
3000 pop1 1.01113 0.991307
3000 pop2 1.01187 0.992031
3100 pop1 1.01141 0.991581
3100 pop2 1.01302 0.993159
3200 pop1 1.01143 0.991596
3200 pop2 1.01353 0.993661
3300 pop1 1.01024 0.990436
3300 pop2 1.01363 0.993755
3400 pop1 1.01157 0.991731
3400 pop2 1.01419 0.9943
3500 pop1 1.01033 0.990523
3500 pop2 1.01517 0.995264
3600 pop1 1.01104 0.991216
3600 pop2 1.01375 0.993874
3700 pop1 1.01123 0.991402
3700 pop2 1.01418 0.994296
3800 pop1 1.01108 0.991259
3800 pop2 1.01485 0.994952
3900 pop1 1.01139 0.991557
3900 pop2 1.01279 0.992931
4000 pop1 1.01025 0.990444
4000 pop2 1.01297 0.993112
4100 pop1 1.01142 0.991585
4100 pop2 1.01344 0.993573
4200 pop1 1.01117 0.991339
4200 pop2 1.01193 0.992085
4300 pop1 1.01067 0.990852
4300 pop2 1.01481 0.994912
4400 pop1 1.01155 0.991715
4400 pop2 1.01284 0.992984
4500 pop1 1.01144 0.991604
4500 pop2 1.01303 0.993168
4600 pop1 1.01238 0.992531
4600 pop2 1.0115 0.991668
4700 pop1 1.01403 0.994152
4700 pop2 1.01171 0.991876
4800 pop1 1.01321 0.993339
4800 pop2 1.01127 0.991446
4900 pop1 1.01225 0.9924
4900 pop2 1.01256 0.992701
5000 pop1 1.01331 0.993442
5000 pop2 1.01154 0.991703
