1 pop1 1.0 0.980392
1 pop2 1.0 0.980392
100 pop1 1.00169 0.982047
100 pop2 1.00052 0.9809
200 pop1 1.00275 0.983084
200 pop2 0.998735 0.979152
300 pop1 1.00439 0.984699
300 pop2 0.996315 0.976779
400 pop1 1.00648 0.986741
400 pop2 0.994466 0.974967
500 pop1 1.00605 0.986326
500 pop2 0.994894 0.975386
600 pop1 1.00458 0.984881
600 pop2 0.996061 0.97653
700 pop1 1.00401 0.984322
700 pop2 0.997548 0.977988
800 pop1 1.00402 0.984336
800 pop2 0.996835 0.977289
900 pop1 1.00278 0.983119
900 pop2 0.997895 0.978328
1000 pop1 1.0023 0.982646
1000 pop2 0.999051 0.979462
1100 pop1 1.00446 0.984769
1100 pop2 1.0061 0.986376
1200 pop1 1.00523 0.98552
1200 pop2 1.00977 0.989971
1300 pop1 1.00532 0.985603
1300 pop2 1.01225 0.992401
1400 pop1 1.00577 0.986048
1400 pop2 1.01294 0.993078
1500 pop1 1.0057 0.985978
1500 pop2 1.01325 0.993385
1600 pop1 1.0053 0.985592
1600 pop2 1.01428 0.994395
1700 pop1 1.00433 0.984635
1700 pop2 1.01553 0.99562
1800 pop1 1.00422 0.984529
1800 pop2 1.01544 0.995532
1900 pop1 1.00388 0.984192
1900 pop2 1.01615 0.996226
2000 pop1 1.00309 0.983421
2000 pop2 1.0171 0.997161
2100 pop1 1.00401 0.984324
2100 pop2 1.01639 0.996459
2200 pop1 1.00412 0.98443
2200 pop2 1.01668 0.996746
2300 pop1 1.00414 0.984451
2300 pop2 1.01636 0.996436
2400 pop1 1.00369 0.984013
2400 pop2 1.01643 0.996501
2500 pop1 1.00315 0.983485
2500 pop2 1.01689 0.996955
2600 pop1 1.00236 0.982702
2600 pop2 1.01791 0.997956
2700 pop1 1.00211 0.982465
2700 pop2 1.01819 0.99823
2800 pop1 1.00271 0.983044
2800 pop2 1.01713 0.997184
2900 pop1 1.00339 0.983716
2900 pop2 1.01655 0.996614
3000 pop1 1.0027 0.983035
3000 pop2 1.01718 0.997235
3100 pop1 1.00301 0.983344
3100 pop2 1.01761 0.99766
3200 pop1 1.00359 0.983912
3200 pop2 1.01689 0.996947
3300 pop1 1.00352 0.983845
3300 pop2 1.01663 0.996691
3400 pop1 1.00326 0.983587
3400 pop2 1.0167 0.996765
3500 pop1 1.00399 0.984303
3500 pop2 1.01666 0.996726
3600 pop1 1.00365 0.983975
3600 pop2 1.01649 0.99656
3700 pop1 1.00461 0.984913
3700 pop2 1.01602 0.996095
3800 pop1 1.00465 0.984952
3800 pop2 1.01581 0.99589
3900 pop1 1.00569 0.985969
3900 pop2 1.01468 0.994784
4000 pop1 1.0058 0.986075
4000 pop2 1.01434 0.994453
4100 pop1 1.00635 0.986617
4100 pop2 1.01381 0.993932
4200 pop1 1.00742 0.98767
4200 pop2 1.013 0.993139
4300 pop1 1.00557 0.985849
4300 pop2 1.01482 0.994918
4400 pop1 1.00645 0.98672
4400 pop2 1.01327 0.993407
4500 pop1 1.00643 0.986692
4500 pop2 1.0142 0.994314
4600 pop1 1.00587 0.98615
4600 pop2 1.01435 0.994464
4700 pop1 1.0067 0.986957
4700 pop2 1.01301 0.993146
4800 pop1 1.00696 0.987218
4800 pop2 1.01379 0.993912
4900 pop1 1.00623 0.986498
4900 pop2 1.01438 0.994488
5000 pop1 1.0072 0.987448
5000 pop2 1.01298 0.993123
