1 pop1 1.0 0.980392
1 pop2 1.0 0.980392
100 pop1 1.00064 0.981015
100 pop2 1.00135 0.981712
200 pop1 1.00235 0.982696
200 pop2 0.998581 0.979001
300 pop1 0.998782 0.979198
300 pop2 1.00261 0.982954
400 pop1 0.998102 0.978532
400 pop2 1.00331 0.983637
500 pop1 0.99902 0.979432
500 pop2 1.00414 0.984452
600 pop1 0.998894 0.979308
600 pop2 1.00284 0.983175
700 pop1 0.996684 0.977141
700 pop2 1.00513 0.985421
800 pop1 0.997187 0.977634
800 pop2 1.00444 0.984743
900 pop1 0.997667 0.978105
900 pop2 1.00428 0.984587
1000 pop1 0.998085 0.978514
1000 pop2 1.00365 0.983966
1100 pop1 1.00549 0.985774
1100 pop2 0.996359 0.976823
1200 pop1 1.01067 0.990854
1200 pop2 0.996226 0.976692
1300 pop1 1.01606 0.996138
1300 pop2 0.995422 0.975904
1400 pop1 1.01732 0.997376
1400 pop2 0.995384 0.975867
1500 pop1 1.01827 0.998305
1500 pop2 0.996886 0.977339
1600 pop1 1.01894 0.998959
1600 pop2 0.997638 0.978077
1700 pop1 1.01936 0.999377
1700 pop2 0.997559 0.977999
1800 pop1 1.02 1.0
1800 pop2 0.998293 0.978718
1900 pop1 1.0201 1.0001
1900 pop2 0.999222 0.979629
2000 pop1 1.0201 1.0001
2000 pop2 0.999218 0.979625
2100 pop1 1.0201 1.0001
2100 pop2 0.999553 0.979954
2200 pop1 1.0201 1.0001
2200 pop2 0.999633 0.980032
2300 pop1 1.0201 1.0001
2300 pop2 0.999789 0.980185
2400 pop1 1.0201 1.0001
2400 pop2 0.999944 0.980337
2500 pop1 1.0201 1.0001
2500 pop2 0.999864 0.980259
2600 pop1 1.0201 1.0001
2600 pop2 1.0 0.980392
2700 pop1 1.0201 1.0001
2700 pop2 1.0 0.980392
2800 pop1 1.0201 1.0001
2800 pop2 1.0 0.980392
2900 pop1 1.0201 1.0001
2900 pop2 1.0 0.980392
3000 pop1 1.0201 1.0001
3000 pop2 1.0 0.980392
3100 pop1 1.0201 1.0001
3100 pop2 1.0 0.980392
3200 pop1 1.0201 1.0001
3200 pop2 1.0 0.980392
3300 pop1 1.0201 1.0001
3300 pop2 1.0 0.980392
3400 pop1 1.0201 1.0001
3400 pop2 1.0 0.980392
3500 pop1 1.0201 1.0001
3500 pop2 1.0 0.980392
3600 pop1 1.0201 1.0001
3600 pop2 1.0 0.980392
3700 pop1 1.0201 1.0001
3700 pop2 1.0 0.980392
3800 pop1 1.0201 1.0001
3800 pop2 1.0 0.980392
3900 pop1 1.0201 1.0001
3900 pop2 1.0 0.980392
4000 pop1 1.0201 1.0001
4000 pop2 1.0 0.980392
4100 pop1 1.0201 1.0001
4100 pop2 1.0 0.980392
4200 pop1 1.0201 1.0001
4200 pop2 1.0 0.980392
4300 pop1 1.0201 1.0001
4300 pop2 1.0 0.980392
4400 pop1 1.0201 1.0001
4400 pop2 1.0 0.980392
4500 pop1 1.0201 1.0001
4500 pop2 1.0 0.980392
4600 pop1 1.0201 1.0001
4600 pop2 1.0 0.980392
4700 pop1 1.0201 1.0001
4700 pop2 1.0 0.980392
4800 pop1 1.0201 1.0001
4800 pop2 1.0 0.980392
4900 pop1 1.0201 1.0001
4900 pop2 1.0 0.980392
5000 pop1 1.0201 1.0001
5000 pop2 1.0 0.980392
