1 pop1 1.0 0.909091
1 pop2 1.0 0.909091
100 pop1 1.08282 0.984384
100 pop2 1.08132 0.983017
200 pop1 1.08717 0.988334
200 pop2 1.08 0.981815
300 pop1 1.08345 0.984954
300 pop2 1.07893 0.980841
400 pop1 1.08267 0.984245
400 pop2 1.08239 0.983995
500 pop1 1.08426 0.985687
500 pop2 1.08235 0.983951
600 pop1 1.08043 0.982213
600 pop2 1.08101 0.982733
700 pop1 1.08122 0.982928
700 pop2 1.08583 0.987122
800 pop1 1.0853 0.986639
800 pop2 1.08341 0.984917
900 pop1 1.08292 0.984477
900 pop2 1.08192 0.983566
1000 pop1 1.07972 0.981566
1000 pop2 1.08434 0.985762
1100 pop1 1.08569 0.986993
1100 pop2 1.07006 0.972784
1200 pop1 1.08688 0.988075
1200 pop2 1.08643 0.98766
1300 pop1 1.08629 0.987536
1300 pop2 1.08471 0.986101
1400 pop1 1.08648 0.987708
1400 pop2 1.08532 0.986651
1500 pop1 1.08877 0.989792
1500 pop2 1.08456 0.98596
1600 pop1 1.08382 0.985288
1600 pop2 1.08551 0.986827
1700 pop1 1.08531 0.986643
1700 pop2 1.08613 0.987389
1800 pop1 1.08756 0.988691
1800 pop2 1.08608 0.987344
1900 pop1 1.08507 0.986428
1900 pop2 1.08644 0.987676
2000 pop1 1.08763 0.988757
2000 pop2 1.08492 0.986289
2100 pop1 1.08435 0.985773
2100 pop2 1.08242 0.984016
2200 pop1 1.08387 0.985335
2200 pop2 1.08802 0.989111
2300 pop1 1.08743 0.988574
2300 pop2 1.08255 0.984137
2400 pop1 1.08219 0.983813
2400 pop2 1.08496 0.986325
2500 pop1 1.0835 0.984999
2500 pop2 1.08501 0.98637
2600 pop1 1.08718 0.988346
2600 pop2 1.0835 0.985003
2700 pop1 1.08217 0.983788
2700 pop2 1.08305 0.984592
2800 pop1 1.08324 0.984766
2800 pop2 1.08353 0.985029
2900 pop1 1.08403 0.985483
2900 pop2 1.08397 0.985424
3000 pop1 1.08561 0.986914
3000 pop2 1.08505 0.986408
3100 pop1 1.08772 0.988836
3100 pop2 1.0847 0.986092
3200 pop1 1.08524 0.986583
3200 pop2 1.08533 0.986668
3300 pop1 1.0863 0.987545
3300 pop2 1.08717 0.988333
3400 pop1 1.08571 0.987011
3400 pop2 1.08456 0.985963
3500 pop1 1.0863 0.987542
3500 pop2 1.08731 0.988465
3600 pop1 1.08537 0.986698
3600 pop2 1.08465 0.986045
3700 pop1 1.08526 0.986602
3700 pop2 1.08554 0.986856
3800 pop1 1.08058 0.982346
3800 pop2 1.08528 0.986619
3900 pop1 1.08567 0.98697
3900 pop2 1.08453 0.985939
4000 pop1 1.08421 0.985643
4000 pop2 1.08619 0.98745
4100 pop1 1.0864 0.98764
4100 pop2 1.08583 0.987116
4200 pop1 1.08634 0.987583
4200 pop2 1.08626 0.987506
4300 pop1 1.08406 0.98551
4300 pop2 1.08671 0.987917
4400 pop1 1.08255 0.984139
4400 pop2 1.08479 0.986169
4500 pop1 1.08627 0.98752
4500 pop2 1.08638 0.987617
4600 pop1 1.08772 0.988833
4600 pop2 1.0832 0.984726
4700 pop1 1.08346 0.984965
4700 pop2 1.08643 0.987659
4800 pop1 1.08454 0.985946
4800 pop2 1.08762 0.988742
4900 pop1 1.08599 0.987267
4900 pop2 1.0817 0.983364
5000 pop1 1.08346 0.984961
5000 pop2 1.08466 0.986057
