1 pop1 1.0 0.980392
1 pop2 1.0 0.980392
100 pop1 1.00279 0.983123
100 pop2 1.00102 0.981395
200 pop1 1.00093 0.981308
200 pop2 1.00197 0.982324
300 pop1 1.0035 0.983826
300 pop2 1.00054 0.980922
400 pop1 1.00588 0.986159
400 pop2 0.99759 0.97803
500 pop1 1.00328 0.983606
500 pop2 0.999873 0.980268
600 pop1 1.00465 0.984951
600 pop2 0.998805 0.97922
700 pop1 1.00597 0.986246
700 pop2 0.995577 0.976056
800 pop1 1.00642 0.986689
800 pop2 0.997294 0.977739
900 pop1 1.00638 0.986648
900 pop2 0.995209 0.975695
1000 pop1 1.00345 0.983773
1000 pop2 0.999596 0.979996
1100 pop1 1.00995 0.990144
1100 pop2 0.994662 0.975159
1200 pop1 1.01407 0.994188
1200 pop2 0.993189 0.973715
1300 pop1 1.01524 0.995333
1300 pop2 0.993516 0.974036
1400 pop1 1.01546 0.995553
1400 pop2 0.992898 0.973429
1500 pop1 1.01716 0.99722
1500 pop2 0.992201 0.972746
1600 pop1 1.01791 0.997954
1600 pop2 0.992305 0.972848
1700 pop1 1.01915 0.999169
1700 pop2 0.992622 0.973159
1800 pop1 1.0187 0.998726
1800 pop2 0.992466 0.973006
1900 pop1 1.01892 0.998945
1900 pop2 0.993599 0.974116
2000 pop1 1.02003 1.00002
2000 pop2 0.994724 0.975219
2100 pop1 1.02001 1.00001
2100 pop2 0.996309 0.976773
2200 pop1 1.02011 1.00011
2200 pop2 0.996447 0.976909
2300 pop1 1.0201 1.0001
2300 pop2 0.997959 0.978391
2400 pop1 1.0201 1.0001
2400 pop2 0.998795 0.979211
2500 pop1 1.0201 1.0001
2500 pop2 0.998448 0.978871
2600 pop1 1.0201 1.0001
2600 pop2 0.999454 0.979856
2700 pop1 1.0201 1.0001
2700 pop2 0.999944 0.980337
2800 pop1 1.0201 1.0001
2800 pop2 0.99996 0.980353
2900 pop1 1.0201 1.0001
2900 pop2 0.999745 0.980142
3000 pop1 1.0201 1.0001
3000 pop2 0.999936 0.98033
3100 pop1 1.0201 1.0001
3100 pop2 1.0 0.980392
3200 pop1 1.0201 1.0001
3200 pop2 1.0 0.980392
3300 pop1 1.0201 1.0001
3300 pop2 1.0 0.980392
3400 pop1 1.0201 1.0001
3400 pop2 1.0 0.980392
3500 pop1 1.0201 1.0001
3500 pop2 1.0 0.980392
3600 pop1 1.0201 1.0001
3600 pop2 1.0 0.980392
3700 pop1 1.0201 1.0001
3700 pop2 1.0 0.980392
3800 pop1 1.0201 1.0001
3800 pop2 1.0 0.980392
3900 pop1 1.0201 1.0001
3900 pop2 1.0 0.980392
4000 pop1 1.0201 1.0001
4000 pop2 1.0 0.980392
4100 pop1 1.0201 1.0001
4100 pop2 1.0 0.980392
4200 pop1 1.0201 1.0001
4200 pop2 1.0 0.980392
4300 pop1 1.0201 1.0001
4300 pop2 1.0 0.980392
4400 pop1 1.0201 1.0001
4400 pop2 1.0 0.980392
4500 pop1 1.0201 1.0001
4500 pop2 1.0 0.980392
4600 pop1 1.0201 1.0001
4600 pop2 1.0 0.980392
4700 pop1 1.0201 1.0001
4700 pop2 1.0 0.980392
4800 pop1 1.0201 1.0001
4800 pop2 1.0 0.980392
4900 pop1 1.0201 1.0001
4900 pop2 1.0 0.980392
5000 pop1 1.0201 1.0001
5000 pop2 1.0 0.980392
