1 pop1 1.0 0.909091
1 pop2 1.0 0.909091
100 pop1 1.08055 0.982321
100 pop2 1.0835 0.984999
200 pop1 1.08494 0.986306
200 pop2 1.08181 0.983462
300 pop1 1.08321 0.984735
300 pop2 1.08274 0.98431
400 pop1 1.07922 0.981111
400 pop2 1.08168 0.983346
500 pop1 1.08638 0.987618
500 pop2 1.07976 0.981603
600 pop1 1.08461 0.986006
600 pop2 1.08405 0.985503
700 pop1 1.08341 0.984915
700 pop2 1.08342 0.98493
800 pop1 1.08254 0.984127
800 pop2 1.08491 0.986284
900 pop1 1.08492 0.986294
900 pop2 1.08412 0.985566
1000 pop1 1.08108 0.982803
1000 pop2 1.08026 0.982054
1100 pop1 1.08851 0.98955
1100 pop2 1.06638 0.969436
1200 pop1 1.08354 0.985037
1200 pop2 1.08478 0.986159
1300 pop1 1.08906 0.990052
1300 pop2 1.08293 0.984479
1400 pop1 1.08886 0.98987
1400 pop2 1.08374 0.985219
1500 pop1 1.0854 0.986731
1500 pop2 1.08717 0.988336
1600 pop1 1.08603 0.9873
1600 pop2 1.08412 0.985561
1700 pop1 1.08284 0.9844
1700 pop2 1.08794 0.989034
1800 pop1 1.08458 0.985982
1800 pop2 1.08892 0.989925
1900 pop1 1.08836 0.989414
1900 pop2 1.08245 0.984048
2000 pop1 1.08342 0.984923
2000 pop2 1.08773 0.988844
2100 pop1 1.08638 0.987622
2100 pop2 1.08305 0.984591
2200 pop1 1.08146 0.983146
2200 pop2 1.08241 0.984013
2300 pop1 1.08186 0.983513
2300 pop2 1.08829 0.989353
2400 pop1 1.08364 0.985129
2400 pop2 1.08582 0.987109
2500 pop1 1.0843 0.985725
2500 pop2 1.08414 0.98558
2600 pop1 1.08387 0.985334
2600 pop2 1.08228 0.983891
2700 pop1 1.08324 0.984765
2700 pop2 1.08468 0.986069
2800 pop1 1.08904 0.990039
2800 pop2 1.0843 0.98573
2900 pop1 1.08601 0.987286
2900 pop2 1.08388 0.985343
3000 pop1 1.08341 0.984922
3000 pop2 1.08407 0.985519
3100 pop1 1.0859 0.987182
3100 pop2 1.08519 0.986532
3200 pop1 1.08678 0.987978
3200 pop2 1.08996 0.990872
3300 pop1 1.08354 0.985034
3300 pop2 1.08509 0.986447
3400 pop1 1.08519 0.986539
3400 pop2 1.08602 0.987292
3500 pop1 1.08955 0.990501
3500 pop2 1.08657 0.987795
3600 pop1 1.08242 0.984018
3600 pop2 1.0861 0.987366
3700 pop1 1.08456 0.985963
3700 pop2 1.08528 0.986615
3800 pop1 1.08231 0.983922
3800 pop2 1.08404 0.985491
3900 pop1 1.08719 0.988352
3900 pop2 1.08505 0.986411
4000 pop1 1.08335 0.984862
4000 pop2 1.08937 0.990335
4100 pop1 1.0861 0.987364
4100 pop2 1.08228 0.983892
4200 pop1 1.08538 0.98671
4200 pop2 1.08576 0.987052
4300 pop1 1.08506 0.986419
4300 pop2 1.08542 0.986741
4400 pop1 1.08204 0.983671
4400 pop2 1.08492 0.986292
4500 pop1 1.08314 0.984668
4500 pop2 1.08712 0.988289
4600 pop1 1.08559 0.986903
4600 pop2 1.08207 0.983701
4700 pop1 1.0893 0.990272
4700 pop2 1.08412 0.985568
4800 pop1 1.08523 0.986574
4800 pop2 1.0873 0.988456
4900 pop1 1.08612 0.987383
4900 pop2 1.08462 0.986017
5000 pop1 1.08483 0.986207
5000 pop2 1.08766 0.988783
