1 pop1 1.0 0.980392
1 pop2 1.0 0.980392
100 pop1 1.00636 0.986629
100 pop2 1.00421 0.984517
200 pop1 1.0054 0.985683
200 pop2 1.00657 0.986831
300 pop1 1.00079 0.98117
300 pop2 1.00911 0.989319
400 pop1 1.0014 0.981766
400 pop2 1.01123 0.991402
500 pop1 1.00256 0.982903
500 pop2 1.00768 0.98792
600 pop1 1.00038 0.980767
600 pop2 1.00724 0.98749
700 pop1 1.00235 0.982693
700 pop2 1.00844 0.988665
800 pop1 1.002 0.982348
800 pop2 1.0073 0.987552
900 pop1 0.999602 0.980001
900 pop2 1.00876 0.988983
1000 pop1 1.00378 0.984101
1000 pop2 1.00776 0.987999
1100 pop1 1.00759 0.987832
1100 pop2 1.00639 0.986655
1200 pop1 1.00962 0.989826
1200 pop2 1.01092 0.991102
1300 pop1 1.00999 0.990191
1300 pop2 1.0112 0.991375
1400 pop1 1.01028 0.990467
1400 pop2 1.01233 0.99248
1500 pop1 1.00929 0.989502
1500 pop2 1.01319 0.993319
1600 pop1 1.01045 0.990634
1600 pop2 1.01395 0.994072
1700 pop1 1.00899 0.989201
1700 pop2 1.01517 0.995263
1800 pop1 1.01177 0.991931
1800 pop2 1.01338 0.993514
1900 pop1 1.01038 0.990573
1900 pop2 1.01326 0.993388
2000 pop1 1.01281 0.99295
2000 pop2 1.01315 0.993287
2100 pop1 1.01102 0.991195
2100 pop2 1.0143 0.994411
2200 pop1 1.01187 0.992029
2200 pop2 1.01233 0.992477
2300 pop1 1.01156 0.991728
2300 pop2 1.0118 0.991957
2400 pop1 1.01164 0.991804
2400 pop2 1.01208 0.992239
2500 pop1 1.01172 0.991887
2500 pop2 1.01579 0.995872
2600 pop1 1.01216 0.992309
2600 pop2 1.01271 0.992855
2700 pop1 1.0125 0.992646
2700 pop2 1.01271 0.992852
2800 pop1 1.01252 0.992666
2800 pop2 1.01237 0.99252
2900 pop1 1.00979 0.989993
2900 pop2 1.0133 0.993435
3000 pop1 1.01053 0.990718
3000 pop2 1.0131 0.993235
3100 pop1 1.01222 0.992372
3100 pop2 1.01358 0.993702
3200 pop1 1.01291 0.99305
3200 pop2 1.01257 0.992713
3300 pop1 1.01473 0.994829
3300 pop2 1.01105 0.99123
3400 pop1 1.01441 0.994521
3400 pop2 1.01144 0.991605
3500 pop1 1.01471 0.994809
3500 pop2 1.00943 0.989636
3600 pop1 1.01566 0.995741
3600 pop2 1.00972 0.989924
3700 pop1 1.01555 0.995642
3700 pop2 1.00895 0.989163
3800 pop1 1.01475 0.994849
3800 pop2 1.0096 0.989802
3900 pop1 1.01344 0.993569
3900 pop2 1.0089 0.98912
4000 pop1 1.01452 0.994631
4000 pop2 1.00873 0.988947
4100 pop1 1.01551 0.995602
4100 pop2 1.00799 0.988225
4200 pop1 1.01568 0.995765
4200 pop2 1.00997 0.990169
4300 pop1 1.01299 0.993125
4300 pop2 1.01044 0.99063
4400 pop1 1.01349 0.993613
4400 pop2 1.01173 0.991893
4500 pop1 1.01381 0.99393
4500 pop2 1.01069 0.990871
4600 pop1 1.01428 0.994393
4600 pop2 1.01019 0.990386
4700 pop1 1.01441 0.99452
4700 pop2 1.00974 0.98994
4800 pop1 1.01359 0.993715
4800 pop2 1.0106 0.990784
4900 pop1 1.01246 0.99261
4900 pop2 1.01106 0.991238
5000 pop1 1.00957 0.989779
5000 pop2 1.01473 0.994834
