1 pop1 1.0 0.980392
1 pop2 1.0 0.980392
100 pop1 1.0033 0.983624
100 pop2 0.998691 0.979108
200 pop1 1.004 0.98431
200 pop2 0.997979 0.978411
300 pop1 1.00183 0.982187
300 pop2 0.999576 0.979977
400 pop1 1.00077 0.981145
400 pop2 1.00144 0.981804
500 pop1 1.00044 0.980825
500 pop2 1.00131 0.981678
600 pop1 0.997278 0.977723
600 pop2 1.00379 0.984107
700 pop1 0.996841 0.977295
700 pop2 1.00508 0.98537
800 pop1 0.995284 0.975769
800 pop2 1.00603 0.986301
900 pop1 0.996006 0.976477
900 pop2 1.00612 0.986391
1000 pop1 0.995504 0.975984
1000 pop2 1.0054 0.985682
1100 pop1 1.00109 0.981459
1100 pop2 1.00432 0.984623
1200 pop1 1.00467 0.984974
1200 pop2 1.00806 0.988297
1300 pop1 1.00438 0.984684
1300 pop2 1.01056 0.990747
1400 pop1 1.00678 0.98704
1400 pop2 1.01154 0.991707
1500 pop1 1.00519 0.985482
1500 pop2 1.01414 0.994258
1600 pop1 1.00651 0.986773
1600 pop2 1.01238 0.992528
1700 pop1 1.00647 0.986739
1700 pop2 1.01385 0.993974
1800 pop1 1.00385 0.984171
1800 pop2 1.01648 0.996548
1900 pop1 1.00585 0.986132
1900 pop2 1.01435 0.994462
2000 pop1 1.00377 0.98409
2000 pop2 1.01609 0.996167
2100 pop1 1.00368 0.984003
2100 pop2 1.01679 0.996858
2200 pop1 1.00308 0.983413
2200 pop2 1.01725 0.997303
2300 pop1 1.00367 0.983986
2300 pop2 1.01696 0.99702
2400 pop1 1.00547 0.98576
2400 pop2 1.01573 0.995815
2500 pop1 1.00606 0.986333
2500 pop2 1.01417 0.994283
2600 pop1 1.00645 0.986713
2600 pop2 1.01333 0.993458
2700 pop1 1.00702 0.987274
2700 pop2 1.01383 0.993952
2800 pop1 1.0072 0.987456
2800 pop2 1.01333 0.993459
2900 pop1 1.00777 0.988014
2900 pop2 1.0135 0.993625
3000 pop1 1.00761 0.987851
3000 pop2 1.01387 0.993991
3100 pop1 1.0076 0.987843
3100 pop2 1.01317 0.9933
3200 pop1 1.0076 0.987847
3200 pop2 1.01302 0.993155
3300 pop1 1.0068 0.987059
3300 pop2 1.0141 0.994212
3400 pop1 1.00696 0.987217
3400 pop2 1.01436 0.994468
3500 pop1 1.00671 0.986968
3500 pop2 1.01406 0.994179
3600 pop1 1.00683 0.987091
3600 pop2 1.01399 0.994103
3700 pop1 1.0059 0.986174
3700 pop2 1.01464 0.994748
3800 pop1 1.00589 0.98617
3800 pop2 1.01473 0.994835
3900 pop1 1.00528 0.985565
3900 pop2 1.01559 0.995673
4000 pop1 1.00475 0.98505
4000 pop2 1.01608 0.996158
4100 pop1 1.00513 0.985426
4100 pop2 1.01567 0.995751
4200 pop1 1.00693 0.987182
4200 pop2 1.01377 0.993892
4300 pop1 1.00736 0.987605
4300 pop2 1.01445 0.994554
4400 pop1 1.00826 0.988495
4400 pop2 1.01334 0.993473
4500 pop1 1.00709 0.987341
4500 pop2 1.01329 0.993418
4600 pop1 1.00884 0.989058
4600 pop2 1.01202 0.992176
4700 pop1 1.00885 0.989065
4700 pop2 1.01216 0.992317
4800 pop1 1.00916 0.989374
4800 pop2 1.01129 0.991461
4900 pop1 1.00807 0.988306
4900 pop2 1.0129 0.993044
5000 pop1 1.00628 0.986546
5000 pop2 1.0143 0.994414
