1 pop1 1.0 0.980392
1 pop2 1.0 0.980392
100 pop1 1.00486 0.985153
100 pop2 0.999988 0.980381
200 pop1 1.00651 0.986771
200 pop2 0.997475 0.977916
300 pop1 1.00728 0.987533
300 pop2 0.997406 0.977849
400 pop1 1.00314 0.983474
400 pop2 1.00134 0.981709
500 pop1 1.00391 0.984223
500 pop2 1.00038 0.980762
600 pop1 1.00507 0.985365
600 pop2 0.998744 0.97916
700 pop1 1.00388 0.984191
700 pop2 0.998834 0.979249
800 pop1 1.00877 0.988989
800 pop2 0.995829 0.976303
900 pop1 1.00715 0.987404
900 pop2 0.996758 0.977214
1000 pop1 1.00642 0.986683
1000 pop2 0.997434 0.977877
1100 pop1 1.01213 0.992286
1100 pop2 0.996412 0.976874
1200 pop1 1.0162 0.996278
1200 pop2 0.996753 0.977209
1300 pop1 1.01795 0.997988
1300 pop2 0.997255 0.977701
1400 pop1 1.01787 0.997909
1400 pop2 0.997618 0.978057
1500 pop1 1.0189 0.998925
1500 pop2 0.99832 0.978745
1600 pop1 1.01997 0.999967
1600 pop2 0.998771 0.979187
1700 pop1 1.0199 0.999904
1700 pop2 0.998899 0.979312
1800 pop1 1.02004 1.00004
1800 pop2 0.999785 0.980181
1900 pop1 1.0201 1.0001
1900 pop2 0.99984 0.980236
2000 pop1 1.0201 1.0001
2000 pop2 1.0 0.980392
2100 pop1 1.0201 1.0001
2100 pop2 1.0 0.980392
2200 pop1 1.0201 1.0001
2200 pop2 1.0 0.980392
2300 pop1 1.0201 1.0001
2300 pop2 1.0 0.980392
2400 pop1 1.0201 1.0001
2400 pop2 1.0 0.980392
2500 pop1 1.0201 1.0001
2500 pop2 1.0 0.980392
2600 pop1 1.0201 1.0001
2600 pop2 1.0 0.980392
2700 pop1 1.0201 1.0001
2700 pop2 1.0 0.980392
2800 pop1 1.0201 1.0001
2800 pop2 1.0 0.980392
2900 pop1 1.0201 1.0001
2900 pop2 1.0 0.980392
3000 pop1 1.0201 1.0001
3000 pop2 1.0 0.980392
3100 pop1 1.0201 1.0001
3100 pop2 1.0 0.980392
3200 pop1 1.0201 1.0001
3200 pop2 1.0 0.980392
3300 pop1 1.0201 1.0001
3300 pop2 1.0 0.980392
3400 pop1 1.0201 1.0001
3400 pop2 1.0 0.980392
3500 pop1 1.0201 1.0001
3500 pop2 1.0 0.980392
3600 pop1 1.0201 1.0001
3600 pop2 1.0 0.980392
3700 pop1 1.0201 1.0001
3700 pop2 1.0 0.980392
3800 pop1 1.0201 1.0001
3800 pop2 1.0 0.980392
3900 pop1 1.0201 1.0001
3900 pop2 1.0 0.980392
4000 pop1 1.0201 1.0001
4000 pop2 1.0 0.980392
4100 pop1 1.0201 1.0001
4100 pop2 1.0 0.980392
4200 pop1 1.0201 1.0001
4200 pop2 1.0 0.980392
4300 pop1 1.0201 1.0001
4300 pop2 1.0 0.980392
4400 pop1 1.0201 1.0001
4400 pop2 1.0 0.980392
4500 pop1 1.0201 1.0001
4500 pop2 1.0 0.980392
4600 pop1 1.0201 1.0001
4600 pop2 1.0 0.980392
4700 pop1 1.0201 1.0001
4700 pop2 1.0 0.980392
4800 pop1 1.0201 1.0001
4800 pop2 1.0 0.980392
4900 pop1 1.0201 1.0001
4900 pop2 1.0 0.980392
5000 pop1 1.0201 1.0001
5000 pop2 1.0 0.980392
