1 pop1 1.0 0.980392
1 pop2 1.0 0.980392
100 pop1 1.00145 0.981813
100 pop2 0.99922 0.979628
200 pop1 0.99895 0.979362
200 pop2 1.00217 0.982524
300 pop1 1.0015 0.981859
300 pop2 0.999413 0.979817
400 pop1 1.00342 0.983744
400 pop2 0.998185 0.978613
500 pop1 1.00445 0.984759
500 pop2 0.996505 0.976965
600 pop1 1.00432 0.984629
600 pop2 0.99667 0.977128
700 pop1 1.00495 0.985248
700 pop2 0.996275 0.97674
800 pop1 1.00566 0.985942
800 pop2 0.994549 0.975048
900 pop1 1.00671 0.986974
900 pop2 0.993508 0.974027
1000 pop1 1.00597 0.98624
1000 pop2 0.994229 0.974734
1100 pop1 1.00904 0.989257
1100 pop2 1.0046 0.984898
1200 pop1 1.01014 0.990331
1200 pop2 1.00848 0.988708
1300 pop1 1.00953 0.989733
1300 pop2 1.00938 0.989591
1400 pop1 1.00944 0.989651
1400 pop2 1.0084 0.988626
1500 pop1 1.00963 0.989831
1500 pop2 1.00961 0.989815
1600 pop1 1.00864 0.988859
1600 pop2 1.01064 0.990828
1700 pop1 1.00829 0.988521
1700 pop2 1.01213 0.992284
1800 pop1 1.0077 0.987944
1800 pop2 1.01246 0.992607
1900 pop1 1.00633 0.986598
1900 pop2 1.01436 0.994472
2000 pop1 1.0057 0.985981
2000 pop2 1.01433 0.994437
2100 pop1 1.00549 0.985779
2100 pop2 1.01476 0.99486
2200 pop1 1.00598 0.986258
2200 pop2 1.01429 0.994398
2300 pop1 1.0058 0.98608
2300 pop2 1.01466 0.994766
2400 pop1 1.00592 0.986199
2400 pop2 1.01419 0.994308
2500 pop1 1.00449 0.984791
2500 pop2 1.01536 0.995449
2600 pop1 1.0041 0.984412
2600 pop2 1.01609 0.996164
2700 pop1 1.00466 0.984958
2700 pop2 1.0158 0.995884
2800 pop1 1.00346 0.983784
2800 pop2 1.01676 0.99682
2900 pop1 1.00487 0.985171
2900 pop2 1.01504 0.995137
3000 pop1 1.00562 0.985903
3000 pop2 1.01503 0.99513
3100 pop1 1.00613 0.9864
3100 pop2 1.01463 0.99473
3200 pop1 1.00527 0.985555
3200 pop2 1.01524 0.995335
3300 pop1 1.00693 0.987183
3300 pop2 1.01308 0.993218
3400 pop1 1.00798 0.98822
3400 pop2 1.01248 0.992626
3500 pop1 1.00874 0.988963
3500 pop2 1.01182 0.991983
3600 pop1 1.00998 0.990179
3600 pop2 1.01066 0.990843
3700 pop1 1.01178 0.99194
3700 pop2 1.00908 0.989297
3800 pop1 1.01218 0.992336
3800 pop2 1.00813 0.988366
3900 pop1 1.01025 0.990439
3900 pop2 1.0102 0.990396
4000 pop1 1.01036 0.990549
4000 pop2 1.00986 0.99006
4100 pop1 1.01056 0.990747
4100 pop2 1.01089 0.991071
4200 pop1 1.01111 0.991285
4200 pop2 1.00923 0.989438
4300 pop1 1.01055 0.990731
4300 pop2 1.01017 0.990364
4400 pop1 1.01026 0.990453
4400 pop2 1.01077 0.990948
4500 pop1 1.00976 0.989963
4500 pop2 1.01038 0.990565
4600 pop1 1.01009 0.990285
4600 pop2 1.01027 0.990459
4700 pop1 1.0104 0.990586
4700 pop2 1.00963 0.989833
4800 pop1 1.0105 0.990685
4800 pop2 1.00963 0.989832
4900 pop1 1.00963 0.989829
4900 pop2 1.01053 0.990715
5000 pop1 1.00784 0.988075
5000 pop2 1.01226 0.99241
