1 pop1 1.0 0.980392
1 pop2 1.0 0.980392
100 pop1 1.00089 0.981267
100 pop2 1.00167 0.982029
200 pop1 1.00152 0.981878
200 pop2 1.00135 0.981714
300 pop1 1.00082 0.981198
300 pop2 1.00297 0.983301
400 pop1 1.002 0.982349
400 pop2 1.00243 0.982776
500 pop1 0.999798 0.980194
500 pop2 1.00441 0.984713
600 pop1 0.9969 0.977353
600 pop2 1.00592 0.986193
700 pop1 0.999421 0.979825
700 pop2 1.0036 0.983919
800 pop1 1.00109 0.981461
800 pop2 1.00323 0.983559
900 pop1 0.998707 0.979125
900 pop2 1.00582 0.986103
1000 pop1 0.999296 0.979702
1000 pop2 1.00447 0.984775
1100 pop1 1.00573 0.986007
1100 pop2 0.997369 0.977813
1200 pop1 1.0104 0.990585
1200 pop2 0.996752 0.977208
1300 pop1 1.01402 0.99414
1300 pop2 0.99689 0.977344
1400 pop1 1.01623 0.996299
1400 pop2 0.996598 0.977057
1500 pop1 1.01892 0.998937
1500 pop2 0.99679 0.977245
1600 pop1 1.01931 0.999322
1600 pop2 0.998121 0.97855
1700 pop1 1.01975 0.999753
1700 pop2 0.99872 0.979137
1800 pop1 1.02005 1.00005
1800 pop2 0.999027 0.979438
1900 pop1 1.0201 1.0001
1900 pop2 0.999437 0.979841
2000 pop1 1.0201 1.0001
2000 pop2 0.999561 0.979962
2100 pop1 1.0201 1.0001
2100 pop2 0.999402 0.979806
2200 pop1 1.0201 1.0001
2200 pop2 0.999605 0.980005
2300 pop1 1.0201 1.0001
2300 pop2 0.999832 0.980228
2400 pop1 1.0201 1.0001
2400 pop2 0.999812 0.980208
2500 pop1 1.0201 1.0001
2500 pop2 0.999932 0.980326
2600 pop1 1.0201 1.0001
2600 pop2 1.0 0.980392
2700 pop1 1.0201 1.0001
2700 pop2 1.0 0.980392
2800 pop1 1.0201 1.0001
2800 pop2 1.0 0.980392
2900 pop1 1.0201 1.0001
2900 pop2 1.0 0.980392
3000 pop1 1.0201 1.0001
3000 pop2 1.0 0.980392
3100 pop1 1.0201 1.0001
3100 pop2 1.0 0.980392
3200 pop1 1.0201 1.0001
3200 pop2 1.0 0.980392
3300 pop1 1.0201 1.0001
3300 pop2 1.0 0.980392
3400 pop1 1.0201 1.0001
3400 pop2 1.0 0.980392
3500 pop1 1.0201 1.0001
3500 pop2 1.0 0.980392
3600 pop1 1.0201 1.0001
3600 pop2 1.0 0.980392
3700 pop1 1.0201 1.0001
3700 pop2 1.0 0.980392
3800 pop1 1.0201 1.0001
3800 pop2 1.0 0.980392
3900 pop1 1.0201 1.0001
3900 pop2 1.0 0.980392
4000 pop1 1.0201 1.0001
4000 pop2 1.0 0.980392
4100 pop1 1.0201 1.0001
4100 pop2 1.0 0.980392
4200 pop1 1.0201 1.0001
4200 pop2 1.0 0.980392
4300 pop1 1.0201 1.0001
4300 pop2 1.0 0.980392
4400 pop1 1.0201 1.0001
4400 pop2 1.0 0.980392
4500 pop1 1.0201 1.0001
4500 pop2 1.0 0.980392
4600 pop1 1.0201 1.0001
4600 pop2 1.0 0.980392
4700 pop1 1.0201 1.0001
4700 pop2 1.0 0.980392
4800 pop1 1.0201 1.0001
4800 pop2 1.0 0.980392
4900 pop1 1.0201 1.0001
4900 pop2 1.0 0.980392
5000 pop1 1.0201 1.0001
5000 pop2 1.0 0.980392
