1 pop1 1.0 0.833333
1 pop2 1.0 0.833333
100 pop1 1.19214 0.993448
100 pop2 1.19025 0.991873
200 pop1 1.19213 0.993438
200 pop2 1.1874 0.989498
300 pop1 1.19621 0.996844
300 pop2 1.19481 0.995675
400 pop1 1.19348 0.994571
400 pop2 1.19332 0.994431
500 pop1 1.19396 0.994966
500 pop2 1.18988 0.99157
600 pop1 1.19397 0.994976
600 pop2 1.19117 0.992645
700 pop1 1.18997 0.99164
700 pop2 1.19029 0.991908
800 pop1 1.18965 0.991379
800 pop2 1.19117 0.992644
900 pop1 1.19536 0.996134
900 pop2 1.19036 0.991967
1000 pop1 1.19414 0.995113
1000 pop2 1.18856 0.990467
1100 pop1 1.20114 1.00095
1100 pop2 0.99069 0.825575
1200 pop1 1.19693 0.99744
1200 pop2 0.993105 0.827588
1300 pop1 1.20376 1.00314
1300 pop2 0.994211 0.828509
1400 pop1 1.20542 1.00452
1400 pop2 0.995549 0.829624
1500 pop1 1.20599 1.00499
1500 pop2 0.996724 0.830603
1600 pop1 1.2067 1.00558
1600 pop2 0.999844 0.833203
1700 pop1 1.20819 1.00683
1700 pop2 1.0 0.833333
1800 pop1 1.20914 1.00762
1800 pop2 1.0 0.833333
1900 pop1 1.21 1.00833
1900 pop2 1.0 0.833333
2000 pop1 1.21 1.00833
2000 pop2 1.0 0.833333
2100 pop1 1.21 1.00833
2100 pop2 1.0 0.833333
2200 pop1 1.21 1.00833
2200 pop2 1.0 0.833333
2300 pop1 1.21 1.00833
2300 pop2 1.0 0.833333
2400 pop1 1.21 1.00833
2400 pop2 1.0 0.833333
2500 pop1 1.21 1.00833
2500 pop2 1.0 0.833333
2600 pop1 1.21 1.00833
2600 pop2 1.0 0.833333
2700 pop1 1.21 1.00833
2700 pop2 1.0 0.833333
2800 pop1 1.21 1.00833
2800 pop2 1.0 0.833333
2900 pop1 1.21 1.00833
2900 pop2 1.0 0.833333
3000 pop1 1.21 1.00833
3000 pop2 1.0 0.833333
3100 pop1 1.21 1.00833
3100 pop2 1.0 0.833333
3200 pop1 1.21 1.00833
3200 pop2 1.0 0.833333
3300 pop1 1.21 1.00833
3300 pop2 1.0 0.833333
3400 pop1 1.21 1.00833
3400 pop2 1.0 0.833333
3500 pop1 1.21 1.00833
3500 pop2 1.0 0.833333
3600 pop1 1.21 1.00833
3600 pop2 1.0 0.833333
3700 pop1 1.21 1.00833
3700 pop2 1.0 0.833333
3800 pop1 1.21 1.00833
3800 pop2 1.0 0.833333
3900 pop1 1.21 1.00833
3900 pop2 1.0 0.833333
4000 pop1 1.21 1.00833
4000 pop2 1.0 0.833333
4100 pop1 1.21 1.00833
4100 pop2 1.0 0.833333
4200 pop1 1.21 1.00833
4200 pop2 1.0 0.833333
4300 pop1 1.21 1.00833
4300 pop2 1.0 0.833333
4400 pop1 1.21 1.00833
4400 pop2 1.0 0.833333
4500 pop1 1.21 1.00833
4500 pop2 1.0 0.833333
4600 pop1 1.21 1.00833
4600 pop2 1.0 0.833333
4700 pop1 1.21 1.00833
4700 pop2 1.0 0.833333
4800 pop1 1.21 1.00833
4800 pop2 1.0 0.833333
4900 pop1 1.21 1.00833
4900 pop2 1.0 0.833333
5000 pop1 1.21 1.00833
5000 pop2 1.0 0.833333
