1 pop1 1.0 0.909091
1 pop2 1.0 0.909091
100 pop1 1.03213 0.938303
100 pop2 1.0325 0.938634
200 pop1 1.03197 0.938155
200 pop2 1.03251 0.938645
300 pop1 1.02484 0.931669
300 pop2 1.0365 0.94227
400 pop1 1.03456 0.940511
400 pop2 1.03542 0.941291
500 pop1 1.03124 0.937491
500 pop2 1.03187 0.938065
600 pop1 1.03334 0.939402
600 pop2 1.03681 0.942554
700 pop1 1.03691 0.942644
700 pop2 1.02745 0.934043
800 pop1 1.0465 0.951365
800 pop2 1.0318 0.938
900 pop1 1.03755 0.94323
900 pop2 1.03366 0.939693
1000 pop1 1.03533 0.941209
1000 pop2 1.03545 0.941322
1100 pop1 1.06972 0.972472
1100 pop2 1.04947 0.954062
1200 pop1 1.0648 0.967998
1200 pop2 1.05991 0.963551
1300 pop1 1.06002 0.963659
1300 pop2 1.06488 0.968074
1400 pop1 1.06021 0.963832
1400 pop2 1.06496 0.968146
1500 pop1 1.05744 0.961307
1500 pop2 1.06558 0.968708
1600 pop1 1.05848 0.962255
1600 pop2 1.06897 0.971795
1700 pop1 1.05716 0.961058
1700 pop2 1.06561 0.968734
1800 pop1 1.06316 0.966513
1800 pop2 1.06078 0.964347
1900 pop1 1.06057 0.964151
1900 pop2 1.06399 0.967265
2000 pop1 1.06453 0.967757
2000 pop2 1.06285 0.966223
2100 pop1 1.059 0.962729
2100 pop2 1.06219 0.965625
2200 pop1 1.05509 0.959168
2200 pop2 1.06564 0.968766
2300 pop1 1.06341 0.96674
2300 pop2 1.0566 0.960548
2400 pop1 1.06229 0.965719
2400 pop2 1.05968 0.963348
2500 pop1 1.06264 0.96604
2500 pop2 1.06073 0.964297
2600 pop1 1.06135 0.964863
2600 pop2 1.06378 0.967069
2700 pop1 1.06754 0.970494
2700 pop2 1.05839 0.962174
2800 pop1 1.06452 0.967744
2800 pop2 1.05579 0.959812
2900 pop1 1.06298 0.966348
2900 pop2 1.06134 0.964852
3000 pop1 1.04951 0.954099
3000 pop2 1.06888 0.971705
3100 pop1 1.0551 0.95918
3100 pop2 1.06874 0.971584
3200 pop1 1.06533 0.968485
3200 pop2 1.05974 0.963404
3300 pop1 1.05883 0.96257
3300 pop2 1.06357 0.966886
3400 pop1 1.05854 0.962312
3400 pop2 1.06442 0.967657
3500 pop1 1.05947 0.963157
3500 pop2 1.06225 0.965686
3600 pop1 1.05947 0.963155
3600 pop2 1.06086 0.96442
3700 pop1 1.06208 0.965526
3700 pop2 1.06177 0.96525
3800 pop1 1.06059 0.96417
3800 pop2 1.05978 0.96344
3900 pop1 1.05877 0.962518
3900 pop2 1.06596 0.969054
4000 pop1 1.05817 0.961977
4000 pop2 1.06474 0.967947
4100 pop1 1.05756 0.961414
4100 pop2 1.0668 0.969817
4200 pop1 1.06282 0.9662
4200 pop2 1.0568 0.960724
4300 pop1 1.06798 0.970894
4300 pop2 1.05603 0.960026
4400 pop1 1.05921 0.962919
4400 pop2 1.06565 0.968769
4500 pop1 1.06223 0.965663
4500 pop2 1.06249 0.965903
4600 pop1 1.06294 0.966311
4600 pop2 1.05843 0.962206
4700 pop1 1.05768 0.961525
4700 pop2 1.06752 0.970476
4800 pop1 1.06077 0.96434
4800 pop2 1.06316 0.966507
4900 pop1 1.06176 0.96524
4900 pop2 1.06237 0.965794
5000 pop1 1.06101 0.964554
5000 pop2 1.06421 0.967464
