1 pop1 1.0 0.980392
1 pop2 1.0 0.980392
100 pop1 1.00129 0.981659
100 pop2 1.00155 0.981911
200 pop1 0.997599 0.978039
200 pop2 1.00442 0.98473
300 pop1 0.99722 0.977667
300 pop2 1.00518 0.985469
400 pop1 0.998486 0.978908
400 pop2 1.00514 0.985431
500 pop1 0.999645 0.980044
500 pop2 1.00346 0.983786
600 pop1 1.00039 0.980774
600 pop2 1.00133 0.981697
700 pop1 1.00247 0.982811
700 pop2 1.00244 0.982789
800 pop1 1.0024 0.982744
800 pop2 1.00246 0.982807
900 pop1 1.00196 0.982318
900 pop2 1.00318 0.983512
1000 pop1 1.00357 0.983888
1000 pop2 1.0006 0.980979
1100 pop1 1.00947 0.989678
1100 pop2 0.994976 0.975466
1200 pop1 1.01415 0.994264
1200 pop2 0.994612 0.97511
1300 pop1 1.01745 0.9975
1300 pop2 0.993394 0.973915
1400 pop1 1.0182 0.998235
1400 pop2 0.992879 0.97341
1500 pop1 1.01877 0.998797
1500 pop2 0.993519 0.974038
1600 pop1 1.01827 0.998305
1600 pop2 0.993864 0.974377
1700 pop1 1.0193 0.999314
1700 pop2 0.995424 0.975906
1800 pop1 1.01925 0.999269
1800 pop2 0.997057 0.977507
1900 pop1 1.01959 0.999601
1900 pop2 0.997273 0.977718
2000 pop1 1.0201 1.0001
2000 pop2 0.998265 0.978691
2100 pop1 1.0201 1.0001
2100 pop2 0.998572 0.978992
2200 pop1 1.0201 1.0001
2200 pop2 0.998987 0.979399
2300 pop1 1.0201 1.0001
2300 pop2 0.999745 0.980142
2400 pop1 1.0201 1.0001
2400 pop2 0.999924 0.980318
2500 pop1 1.0201 1.0001
2500 pop2 1.0 0.980392
2600 pop1 1.0201 1.0001
2600 pop2 1.0 0.980392
2700 pop1 1.0201 1.0001
2700 pop2 1.0 0.980392
2800 pop1 1.0201 1.0001
2800 pop2 1.0 0.980392
2900 pop1 1.0201 1.0001
2900 pop2 1.0 0.980392
3000 pop1 1.0201 1.0001
3000 pop2 1.0 0.980392
3100 pop1 1.0201 1.0001
3100 pop2 1.0 0.980392
3200 pop1 1.0201 1.0001
3200 pop2 1.0 0.980392
3300 pop1 1.0201 1.0001
3300 pop2 1.0 0.980392
3400 pop1 1.0201 1.0001
3400 pop2 1.0 0.980392
3500 pop1 1.0201 1.0001
3500 pop2 1.0 0.980392
3600 pop1 1.0201 1.0001
3600 pop2 1.0 0.980392
3700 pop1 1.0201 1.0001
3700 pop2 1.0 0.980392
3800 pop1 1.0201 1.0001
3800 pop2 1.0 0.980392
3900 pop1 1.0201 1.0001
3900 pop2 1.0 0.980392
4000 pop1 1.0201 1.0001
4000 pop2 1.0 0.980392
4100 pop1 1.0201 1.0001
4100 pop2 1.0 0.980392
4200 pop1 1.0201 1.0001
4200 pop2 1.0 0.980392
4300 pop1 1.0201 1.0001
4300 pop2 1.0 0.980392
4400 pop1 1.0201 1.0001
4400 pop2 1.0 0.980392
4500 pop1 1.0201 1.0001
4500 pop2 1.0 0.980392
4600 pop1 1.0201 1.0001
4600 pop2 1.0 0.980392
4700 pop1 1.0201 1.0001
4700 pop2 1.0 0.980392
4800 pop1 1.0201 1.0001
4800 pop2 1.0 0.980392
4900 pop1 1.0201 1.0001
4900 pop2 1.0 0.980392
5000 pop1 1.0201 1.0001
5000 pop2 1.0 0.980392
