1 pop1 1.0 0.980392
1 pop2 1.0 0.980392
100 pop1 1.00412 0.984432
100 pop2 0.999997 0.98039
200 pop1 1.00578 0.986058
200 pop2 1.00045 0.980829
300 pop1 1.00468 0.984982
300 pop2 0.998981 0.979393
400 pop1 1.00346 0.983785
400 pop2 1.00046 0.980846
500 pop1 1.00615 0.986422
500 pop2 0.998668 0.979086
600 pop1 1.00168 0.982044
600 pop2 1.00098 0.981352
700 pop1 1.00207 0.982426
700 pop2 1.00206 0.982415
800 pop1 1.00134 0.981706
800 pop2 1.00212 0.982475
900 pop1 1.00203 0.982381
900 pop2 1.00115 0.981519
1000 pop1 1.00262 0.982961
1000 pop2 1.00186 0.982215
1100 pop1 1.00694 0.987196
1100 pop2 0.995488 0.975969
1200 pop1 1.0153 0.995389
1200 pop2 0.994483 0.974984
1300 pop1 1.01733 0.997384
1300 pop2 0.995992 0.976462
1400 pop1 1.01942 0.999429
1400 pop2 0.996593 0.977052
1500 pop1 1.0196 0.999613
1500 pop2 0.998536 0.978957
1600 pop1 1.02005 1.00005
1600 pop2 0.999274 0.97968
1700 pop1 1.0201 1.0001
1700 pop2 0.999509 0.979911
1800 pop1 1.0201 1.0001
1800 pop2 0.999916 0.98031
1900 pop1 1.0201 1.0001
1900 pop2 0.999789 0.980185
2000 pop1 1.0201 1.0001
2000 pop2 0.999876 0.980271
2100 pop1 1.0201 1.0001
2100 pop2 0.999884 0.980279
2200 pop1 1.0201 1.0001
2200 pop2 0.999844 0.98024
2300 pop1 1.0201 1.0001
2300 pop2 0.999892 0.980287
2400 pop1 1.0201 1.0001
2400 pop2 0.999964 0.980357
2500 pop1 1.0201 1.0001
2500 pop2 0.999972 0.980365
2600 pop1 1.0201 1.0001
2600 pop2 1.0 0.980392
2700 pop1 1.0201 1.0001
2700 pop2 1.0 0.980392
2800 pop1 1.0201 1.0001
2800 pop2 1.0 0.980392
2900 pop1 1.0201 1.0001
2900 pop2 1.0 0.980392
3000 pop1 1.0201 1.0001
3000 pop2 1.0 0.980392
3100 pop1 1.0201 1.0001
3100 pop2 1.0 0.980392
3200 pop1 1.0201 1.0001
3200 pop2 1.0 0.980392
3300 pop1 1.0201 1.0001
3300 pop2 1.0 0.980392
3400 pop1 1.0201 1.0001
3400 pop2 1.0 0.980392
3500 pop1 1.0201 1.0001
3500 pop2 1.0 0.980392
3600 pop1 1.0201 1.0001
3600 pop2 1.0 0.980392
3700 pop1 1.0201 1.0001
3700 pop2 1.0 0.980392
3800 pop1 1.0201 1.0001
3800 pop2 1.0 0.980392
3900 pop1 1.0201 1.0001
3900 pop2 1.0 0.980392
4000 pop1 1.0201 1.0001
4000 pop2 1.0 0.980392
4100 pop1 1.0201 1.0001
4100 pop2 1.0 0.980392
4200 pop1 1.0201 1.0001
4200 pop2 1.0 0.980392
4300 pop1 1.0201 1.0001
4300 pop2 1.0 0.980392
4400 pop1 1.0201 1.0001
4400 pop2 1.0 0.980392
4500 pop1 1.0201 1.0001
4500 pop2 1.0 0.980392
4600 pop1 1.0201 1.0001
4600 pop2 1.0 0.980392
4700 pop1 1.0201 1.0001
4700 pop2 1.0 0.980392
4800 pop1 1.0201 1.0001
4800 pop2 1.0 0.980392
4900 pop1 1.0201 1.0001
4900 pop2 1.0 0.980392
5000 pop1 1.0201 1.0001
5000 pop2 1.0 0.980392
