1 pop1 1.0 0.980392
1 pop2 1.0 0.980392
100 pop1 1.00742 0.987668
100 pop2 1.0067 0.986957
200 pop1 1.00989 0.990087
200 pop2 1.00798 0.988216
300 pop1 1.00551 0.985792
300 pop2 1.00861 0.98883
400 pop1 1.0102 0.990395
400 pop2 1.0076 0.987845
500 pop1 1.00933 0.989535
500 pop2 1.00586 0.986135
600 pop1 1.00925 0.989462
600 pop2 1.00878 0.988999
700 pop1 1.00825 0.988479
700 pop2 1.00921 0.98942
800 pop1 1.00743 0.987676
800 pop2 1.00746 0.987704
900 pop1 1.00769 0.987929
900 pop2 1.00581 0.986083
1000 pop1 1.00609 0.986361
1000 pop2 1.0092 0.989409
1100 pop1 1.00984 0.990043
1100 pop2 0.996889 0.977342
1200 pop1 1.01544 0.99553
1200 pop2 0.997433 0.977875
1300 pop1 1.01678 0.996846
1300 pop2 0.997329 0.977773
1400 pop1 1.01939 0.999405
1400 pop2 0.997783 0.978218
1500 pop1 1.01921 0.999221
1500 pop2 0.998274 0.9787
1600 pop1 1.01985 0.999857
1600 pop2 0.998875 0.979289
1700 pop1 1.02001 1.00001
1700 pop2 0.999138 0.979547
1800 pop1 1.0201 1.0001
1800 pop2 0.999633 0.980032
1900 pop1 1.0201 1.0001
1900 pop2 0.999346 0.979751
2000 pop1 1.0201 1.0001
2000 pop2 0.999769 0.980165
2100 pop1 1.0201 1.0001
2100 pop2 0.999561 0.979962
2200 pop1 1.0201 1.0001
2200 pop2 0.999489 0.979891
2300 pop1 1.0201 1.0001
2300 pop2 0.999362 0.979766
2400 pop1 1.0201 1.0001
2400 pop2 0.9998 0.980197
2500 pop1 1.0201 1.0001
2500 pop2 0.999924 0.980318
2600 pop1 1.0201 1.0001
2600 pop2 1.0 0.980392
2700 pop1 1.0201 1.0001
2700 pop2 1.0 0.980392
2800 pop1 1.0201 1.0001
2800 pop2 1.0 0.980392
2900 pop1 1.0201 1.0001
2900 pop2 1.0 0.980392
3000 pop1 1.0201 1.0001
3000 pop2 1.0 0.980392
3100 pop1 1.0201 1.0001
3100 pop2 1.0 0.980392
3200 pop1 1.0201 1.0001
3200 pop2 1.0 0.980392
3300 pop1 1.0201 1.0001
3300 pop2 1.0 0.980392
3400 pop1 1.0201 1.0001
3400 pop2 1.0 0.980392
3500 pop1 1.0201 1.0001
3500 pop2 1.0 0.980392
3600 pop1 1.0201 1.0001
3600 pop2 1.0 0.980392
3700 pop1 1.0201 1.0001
3700 pop2 1.0 0.980392
3800 pop1 1.0201 1.0001
3800 pop2 1.0 0.980392
3900 pop1 1.0201 1.0001
3900 pop2 1.0 0.980392
4000 pop1 1.0201 1.0001
4000 pop2 1.0 0.980392
4100 pop1 1.0201 1.0001
4100 pop2 1.0 0.980392
4200 pop1 1.0201 1.0001
4200 pop2 1.0 0.980392
4300 pop1 1.0201 1.0001
4300 pop2 1.0 0.980392
4400 pop1 1.0201 1.0001
4400 pop2 1.0 0.980392
4500 pop1 1.0201 1.0001
4500 pop2 1.0 0.980392
4600 pop1 1.0201 1.0001
4600 pop2 1.0 0.980392
4700 pop1 1.0201 1.0001
4700 pop2 1.0 0.980392
4800 pop1 1.0201 1.0001
4800 pop2 1.0 0.980392
4900 pop1 1.0201 1.0001
4900 pop2 1.0 0.980392
5000 pop1 1.0201 1.0001
5000 pop2 1.0 0.980392
