1 pop1 1.0 0.980392
1 pop2 1.0 0.980392
100 pop1 1.00215 0.982503
100 pop2 1.00245 0.982799
200 pop1 1.0032 0.983526
200 pop2 1.00079 0.981171
300 pop1 1.00418 0.984485
300 pop2 0.997845 0.978279
400 pop1 1.00482 0.985114
400 pop2 0.998558 0.978978
500 pop1 1.0074 0.987649
500 pop2 0.996714 0.97717
600 pop1 1.00491 0.985207
600 pop2 0.998923 0.979336
700 pop1 1.00144 0.981805
700 pop2 1.0012 0.98157
800 pop1 1.00578 0.986057
800 pop2 0.999253 0.97966
900 pop1 1.00912 0.989331
900 pop2 0.994867 0.97536
1000 pop1 1.0106 0.990781
1000 pop2 0.992729 0.973264
1100 pop1 1.01427 0.994384
1100 pop2 0.994191 0.974697
1200 pop1 1.01645 0.996519
1200 pop2 0.994507 0.975006
1300 pop1 1.01808 0.998115
1300 pop2 0.994063 0.974572
1400 pop1 1.01941 0.999417
1400 pop2 0.994486 0.974986
1500 pop1 1.01973 0.999732
1500 pop2 0.994656 0.975153
1600 pop1 1.01991 0.999913
1600 pop2 0.994799 0.975293
1700 pop1 1.02011 1.00011
1700 pop2 0.995144 0.975632
1800 pop1 1.02011 1.00011
1800 pop2 0.995005 0.975495
1900 pop1 1.02011 1.00011
1900 pop2 0.995112 0.9756
2000 pop1 1.02011 1.00011
2000 pop2 0.995404 0.975886
2100 pop1 1.02011 1.00011
2100 pop2 0.995559 0.976038
2200 pop1 1.02011 1.00011
2200 pop2 0.996217 0.976684
2300 pop1 1.02011 1.00011
2300 pop2 0.996577 0.977036
2400 pop1 1.02011 1.0001
2400 pop2 0.997418 0.977861
2500 pop1 1.02011 1.0001
2500 pop2 0.997466 0.977908
2600 pop1 1.02011 1.0001
2600 pop2 0.997446 0.977889
2700 pop1 1.0201 1.0001
2700 pop2 0.998368 0.978792
2800 pop1 1.0201 1.0001
2800 pop2 0.999126 0.979535
2900 pop1 1.0201 1.0001
2900 pop2 0.999569 0.97997
3000 pop1 1.0201 1.0001
3000 pop2 0.999796 0.980193
3100 pop1 1.0201 1.0001
3100 pop2 0.999709 0.980107
3200 pop1 1.0201 1.0001
3200 pop2 0.999924 0.980318
3300 pop1 1.0201 1.0001
3300 pop2 1.0 0.980392
3400 pop1 1.0201 1.0001
3400 pop2 1.0 0.980392
3500 pop1 1.0201 1.0001
3500 pop2 1.0 0.980392
3600 pop1 1.0201 1.0001
3600 pop2 1.0 0.980392
3700 pop1 1.0201 1.0001
3700 pop2 1.0 0.980392
3800 pop1 1.0201 1.0001
3800 pop2 1.0 0.980392
3900 pop1 1.0201 1.0001
3900 pop2 1.0 0.980392
4000 pop1 1.0201 1.0001
4000 pop2 1.0 0.980392
4100 pop1 1.0201 1.0001
4100 pop2 1.0 0.980392
4200 pop1 1.0201 1.0001
4200 pop2 1.0 0.980392
4300 pop1 1.0201 1.0001
4300 pop2 1.0 0.980392
4400 pop1 1.0201 1.0001
4400 pop2 1.0 0.980392
4500 pop1 1.0201 1.0001
4500 pop2 1.0 0.980392
4600 pop1 1.0201 1.0001
4600 pop2 1.0 0.980392
4700 pop1 1.0201 1.0001
4700 pop2 1.0 0.980392
4800 pop1 1.0201 1.0001
4800 pop2 1.0 0.980392
4900 pop1 1.0201 1.0001
4900 pop2 1.0 0.980392
5000 pop1 1.0201 1.0001
5000 pop2 1.0 0.980392
