1 pop1 1.0 0.980392
1 pop2 1.0 0.980392
100 pop1 1.0028 0.983137
100 pop2 1.00063 0.981007
200 pop1 1.00058 0.980961
200 pop2 1.00326 0.983584
300 pop1 1.00047 0.980853
300 pop2 1.0033 0.983623
400 pop1 1.00176 0.982122
400 pop2 1.002 0.98235
500 pop1 1.00197 0.982326
500 pop2 1.00168 0.982038
600 pop1 1.00171 0.982069
600 pop2 1.00204 0.982392
700 pop1 1.00328 0.983607
700 pop2 1.00092 0.981297
800 pop1 1.00309 0.983419
800 pop2 1.00029 0.980675
900 pop1 1.00427 0.984575
900 pop2 0.998309 0.978734
1000 pop1 1.00613 0.986406
1000 pop2 0.996832 0.977286
1100 pop1 1.0128 0.992941
1100 pop2 0.994186 0.974693
1200 pop1 1.01608 0.99616
1200 pop2 0.993354 0.973877
1300 pop1 1.01659 0.996658
1300 pop2 0.992584 0.973121
1400 pop1 1.018 0.99804
1400 pop2 0.992598 0.973135
1500 pop1 1.01864 0.998663
1500 pop2 0.992435 0.972976
1600 pop1 1.02008 1.00008
1600 pop2 0.992537 0.973075
1700 pop1 1.02012 1.00011
1700 pop2 0.99405 0.974559
1800 pop1 1.02011 1.00011
1800 pop2 0.995162 0.975649
1900 pop1 1.02011 1.00011
1900 pop2 0.996122 0.976591
2000 pop1 1.02011 1.0001
2000 pop2 0.997607 0.978046
2100 pop1 1.0201 1.0001
2100 pop2 0.998472 0.978895
2200 pop1 1.0201 1.0001
2200 pop2 0.999294 0.9797
2300 pop1 1.0201 1.0001
2300 pop2 0.999517 0.979919
2400 pop1 1.0201 1.0001
2400 pop2 1.0 0.980392
2500 pop1 1.0201 1.0001
2500 pop2 1.0 0.980392
2600 pop1 1.0201 1.0001
2600 pop2 1.0 0.980392
2700 pop1 1.0201 1.0001
2700 pop2 1.0 0.980392
2800 pop1 1.0201 1.0001
2800 pop2 1.0 0.980392
2900 pop1 1.0201 1.0001
2900 pop2 1.0 0.980392
3000 pop1 1.0201 1.0001
3000 pop2 1.0 0.980392
3100 pop1 1.0201 1.0001
3100 pop2 1.0 0.980392
3200 pop1 1.0201 1.0001
3200 pop2 1.0 0.980392
3300 pop1 1.0201 1.0001
3300 pop2 1.0 0.980392
3400 pop1 1.0201 1.0001
3400 pop2 1.0 0.980392
3500 pop1 1.0201 1.0001
3500 pop2 1.0 0.980392
3600 pop1 1.0201 1.0001
3600 pop2 1.0 0.980392
3700 pop1 1.0201 1.0001
3700 pop2 1.0 0.980392
3800 pop1 1.0201 1.0001
3800 pop2 1.0 0.980392
3900 pop1 1.0201 1.0001
3900 pop2 1.0 0.980392
4000 pop1 1.0201 1.0001
4000 pop2 1.0 0.980392
4100 pop1 1.0201 1.0001
4100 pop2 1.0 0.980392
4200 pop1 1.0201 1.0001
4200 pop2 1.0 0.980392
4300 pop1 1.0201 1.0001
4300 pop2 1.0 0.980392
4400 pop1 1.0201 1.0001
4400 pop2 1.0 0.980392
4500 pop1 1.0201 1.0001
4500 pop2 1.0 0.980392
4600 pop1 1.0201 1.0001
4600 pop2 1.0 0.980392
4700 pop1 1.0201 1.0001
4700 pop2 1.0 0.980392
4800 pop1 1.0201 1.0001
4800 pop2 1.0 0.980392
4900 pop1 1.0201 1.0001
4900 pop2 1.0 0.980392
5000 pop1 1.0201 1.0001
5000 pop2 1.0 0.980392
