1 pop1 1.0 0.909091
1 pop2 1.0 0.909091
100 pop1 1.03037 0.936704
100 pop2 1.03849 0.944081
200 pop1 1.03157 0.937788
200 pop2 1.03553 0.941394
300 pop1 1.0386 0.944179
300 pop2 1.03736 0.943052
400 pop1 1.03841 0.944011
400 pop2 1.03141 0.937642
500 pop1 1.04146 0.946778
500 pop2 1.03116 0.937417
600 pop1 1.0296 0.935996
600 pop2 1.0357 0.941543
700 pop1 1.02915 0.935591
700 pop2 1.03807 0.943703
800 pop1 1.04177 0.947067
800 pop2 1.0382 0.943814
900 pop1 1.03618 0.941986
900 pop2 1.03818 0.9438
1000 pop1 1.03578 0.94162
1000 pop2 1.03525 0.941136
1100 pop1 1.06813 0.971029
1100 pop2 1.04887 0.953522
1200 pop1 1.05739 0.96126
1200 pop2 1.06658 0.969614
1300 pop1 1.05218 0.956531
1300 pop2 1.07146 0.974059
1400 pop1 1.05521 0.959284
1400 pop2 1.06566 0.968782
1500 pop1 1.05609 0.960078
1500 pop2 1.06492 0.968111
1600 pop1 1.05418 0.958347
1600 pop2 1.06514 0.968309
1700 pop1 1.05141 0.955823
1700 pop2 1.06324 0.96658
1800 pop1 1.05854 0.962312
1800 pop2 1.06335 0.966679
1900 pop1 1.06567 0.968787
1900 pop2 1.05653 0.960479
2000 pop1 1.06791 0.970827
2000 pop2 1.05904 0.96276
2100 pop1 1.05884 0.962585
2100 pop2 1.06343 0.96675
2200 pop1 1.06349 0.966813
2200 pop2 1.06187 0.965335
2300 pop1 1.06199 0.965444
2300 pop2 1.05638 0.960344
2400 pop1 1.06576 0.968876
2400 pop2 1.06091 0.964467
2500 pop1 1.06534 0.968487
2500 pop2 1.05997 0.963606
2600 pop1 1.06398 0.967252
2600 pop2 1.05663 0.960571
2700 pop1 1.05615 0.960137
2700 pop2 1.06434 0.967585
2800 pop1 1.06573 0.968848
2800 pop2 1.05799 0.961809
2900 pop1 1.05996 0.963598
2900 pop2 1.06153 0.965028
3000 pop1 1.05835 0.962132
3000 pop2 1.06015 0.963773
3100 pop1 1.05572 0.959747
3100 pop2 1.06921 0.972005
3200 pop1 1.05671 0.960647
3200 pop2 1.0639 0.967183
3300 pop1 1.06488 0.968073
3300 pop2 1.0581 0.961909
3400 pop1 1.0628 0.966179
3400 pop2 1.05962 0.963295
3500 pop1 1.0638 0.967088
3500 pop2 1.06208 0.965528
3600 pop1 1.06721 0.970187
3600 pop2 1.05868 0.962437
3700 pop1 1.05827 0.962064
3700 pop2 1.06355 0.966861
3800 pop1 1.05942 0.963106
3800 pop2 1.06229 0.965721
3900 pop1 1.05893 0.962662
3900 pop2 1.06444 0.967674
4000 pop1 1.05849 0.962266
4000 pop2 1.06529 0.968446
4100 pop1 1.06385 0.967136
4100 pop2 1.06173 0.965214
4200 pop1 1.06359 0.966899
4200 pop2 1.05714 0.961034
4300 pop1 1.06381 0.967101
4300 pop2 1.06039 0.963993
4400 pop1 1.06033 0.963934
4400 pop2 1.06194 0.965402
4500 pop1 1.06867 0.97152
4500 pop2 1.05549 0.959537
4600 pop1 1.05525 0.959317
4600 pop2 1.06882 0.971652
4700 pop1 1.0607 0.964274
4700 pop2 1.06628 0.969344
4800 pop1 1.05705 0.960954
4800 pop2 1.06982 0.972566
4900 pop1 1.05632 0.960286
4900 pop2 1.06585 0.968951
5000 pop1 1.05662 0.960562
5000 pop2 1.06623 0.969299
