1 pop1 1.0 0.833333
1 pop2 1.0 0.833333
100 pop1 1.12257 0.935473
100 pop2 1.12255 0.935458
200 pop1 1.12271 0.935595
200 pop2 1.12109 0.934243
300 pop1 1.11713 0.930938
300 pop2 1.13247 0.943727
400 pop1 1.12003 0.933357
400 pop2 1.13128 0.942732
500 pop1 1.12181 0.934843
500 pop2 1.12062 0.933848
600 pop1 1.12728 0.9394
600 pop2 1.11945 0.932876
700 pop1 1.12282 0.935681
700 pop2 1.12037 0.933641
800 pop1 1.12308 0.935901
800 pop2 1.12772 0.939768
900 pop1 1.12856 0.940467
900 pop2 1.1155 0.929585
1000 pop1 1.11523 0.929356
1000 pop2 1.12546 0.937886
1100 pop1 1.14339 0.952827
1100 pop2 1.14462 0.953854
1200 pop1 1.13923 0.949362
1200 pop2 1.14792 0.9566
1300 pop1 1.14524 0.954365
1300 pop2 1.13739 0.947829
1400 pop1 1.13574 0.946448
1400 pop2 1.15381 0.961506
1500 pop1 1.14196 0.951632
1500 pop2 1.14465 0.953875
1600 pop1 1.14173 0.95144
1600 pop2 1.14552 0.954599
1700 pop1 1.14372 0.953096
1700 pop2 1.14774 0.956449
1800 pop1 1.14519 0.954328
1800 pop2 1.14112 0.950935
1900 pop1 1.14024 0.950197
1900 pop2 1.14049 0.950411
2000 pop1 1.14526 0.954387
2000 pop2 1.14068 0.950567
2100 pop1 1.14504 0.954199
2100 pop2 1.14524 0.95437
2200 pop1 1.14371 0.95309
2200 pop2 1.13864 0.94887
2300 pop1 1.13207 0.943391
2300 pop2 1.15176 0.959803
2400 pop1 1.14175 0.951454
2400 pop2 1.14336 0.952802
2500 pop1 1.14562 0.954682
2500 pop2 1.13236 0.943637
2600 pop1 1.13822 0.948516
2600 pop2 1.14278 0.952318
2700 pop1 1.13672 0.947266
2700 pop2 1.14226 0.951886
2800 pop1 1.14322 0.952681
2800 pop2 1.1457 0.954749
2900 pop1 1.14896 0.957468
2900 pop2 1.14094 0.950782
3000 pop1 1.14615 0.955121
3000 pop2 1.14605 0.955039
3100 pop1 1.1416 0.951333
3100 pop2 1.1395 0.949583
3200 pop1 1.14312 0.952598
3200 pop2 1.14134 0.951118
3300 pop1 1.13343 0.944526
3300 pop2 1.14715 0.955962
3400 pop1 1.1371 0.947584
3400 pop2 1.14346 0.952887
3500 pop1 1.1353 0.946081
3500 pop2 1.14656 0.955465
3600 pop1 1.14293 0.952439
3600 pop2 1.13954 0.949618
3700 pop1 1.14955 0.957955
3700 pop2 1.13713 0.947611
3800 pop1 1.13951 0.94959
3800 pop2 1.14234 0.951952
3900 pop1 1.15036 0.958633
3900 pop2 1.13603 0.946689
4000 pop1 1.13928 0.9494
4000 pop2 1.14752 0.95627
4100 pop1 1.14793 0.956612
4100 pop2 1.14569 0.95474
4200 pop1 1.13989 0.949911
4200 pop2 1.15269 0.960572
4300 pop1 1.13804 0.948367
4300 pop2 1.14342 0.95285
4400 pop1 1.13801 0.948345
4400 pop2 1.14461 0.953845
4500 pop1 1.14231 0.951925
4500 pop2 1.14487 0.95406
4600 pop1 1.14102 0.950846
4600 pop2 1.13663 0.947194
4700 pop1 1.1408 0.95067
4700 pop2 1.13672 0.94727
4800 pop1 1.14751 0.956261
4800 pop2 1.14036 0.950297
4900 pop1 1.1383 0.948587
4900 pop2 1.14275 0.952292
5000 pop1 1.13615 0.946789
5000 pop2 1.14628 0.955236
