1 pop1 1.0 0.980392
1 pop2 1.0 0.980392
100 pop1 1.00794 0.988174
100 pop2 1.0064 0.986668
200 pop1 1.00864 0.988866
200 pop2 1.00669 0.986949
300 pop1 1.00712 0.987368
300 pop2 1.00452 0.984826
400 pop1 1.00596 0.986236
400 pop2 1.00659 0.986853
500 pop1 1.00357 0.983893
500 pop2 1.00622 0.986486
600 pop1 1.00698 0.987232
600 pop2 1.00644 0.986709
700 pop1 1.00439 0.9847
700 pop2 1.00608 0.98635
800 pop1 1.00167 0.982025
800 pop2 1.00926 0.989474
900 pop1 1.00142 0.981786
900 pop2 1.00733 0.987583
1000 pop1 1.00308 0.983407
1000 pop2 1.00883 0.989047
1100 pop1 1.0054 0.985691
1100 pop2 1.00678 0.987037
1200 pop1 1.00986 0.990056
1200 pop2 1.0082 0.98843
1300 pop1 1.01095 0.99113
1300 pop2 1.01086 0.99104
1400 pop1 1.01181 0.991974
1400 pop2 1.01046 0.990643
1500 pop1 1.01223 0.992379
1500 pop2 1.01223 0.992384
1600 pop1 1.01111 0.991283
1600 pop2 1.01225 0.992401
1700 pop1 1.01017 0.990361
1700 pop2 1.0136 0.993722
1800 pop1 1.01159 0.991756
1800 pop2 1.0127 0.992847
1900 pop1 1.01191 0.992071
1900 pop2 1.01381 0.993929
2000 pop1 1.01182 0.991976
2000 pop2 1.01175 0.991912
2100 pop1 1.0115 0.991664
2100 pop2 1.01185 0.992005
2200 pop1 1.01226 0.992408
2200 pop2 1.01306 0.993197
2300 pop1 1.01164 0.991802
2300 pop2 1.01222 0.992371
2400 pop1 1.01288 0.993016
2400 pop2 1.01021 0.990404
2500 pop1 1.01243 0.992576
2500 pop2 1.01212 0.992272
2600 pop1 1.01116 0.991335
2600 pop2 1.01279 0.992932
2700 pop1 1.00888 0.989097
2700 pop2 1.01436 0.994474
2800 pop1 1.00896 0.989181
2800 pop2 1.01455 0.994655
2900 pop1 1.00907 0.989284
2900 pop2 1.01397 0.994086
3000 pop1 1.01039 0.990579
3000 pop2 1.01417 0.994289
3100 pop1 1.00955 0.989757
3100 pop2 1.01332 0.99345
3200 pop1 1.00844 0.988668
3200 pop2 1.0144 0.994509
3300 pop1 1.0082 0.98843
3300 pop2 1.01567 0.995754
3400 pop1 1.01027 0.990464
3400 pop2 1.01494 0.995034
3500 pop1 1.01086 0.991035
3500 pop2 1.01327 0.9934
3600 pop1 1.01058 0.990768
3600 pop2 1.01122 0.991391
3700 pop1 1.01176 0.99192
3700 pop2 1.01262 0.992764
3800 pop1 1.01258 0.992727
3800 pop2 1.01198 0.992137
3900 pop1 1.01255 0.992698
3900 pop2 1.00963 0.989836
4000 pop1 1.01312 0.993258
4000 pop2 1.00985 0.990053
4100 pop1 1.01233 0.992479
4100 pop2 1.01146 0.991623
4200 pop1 1.01259 0.992733
4200 pop2 1.01049 0.99068
4300 pop1 1.01245 0.992598
4300 pop2 1.01146 0.991624
4400 pop1 1.01236 0.99251
4400 pop2 1.0123 0.992451
4500 pop1 1.01111 0.991286
4500 pop2 1.01267 0.992815
4600 pop1 1.01145 0.991615
4600 pop2 1.01286 0.992997
4700 pop1 1.01162 0.991781
4700 pop2 1.01405 0.994168
4800 pop1 1.01214 0.99229
4800 pop2 1.01235 0.992503
4900 pop1 1.01308 0.993219
4900 pop2 1.01117 0.991347
5000 pop1 1.01352 0.99365
5000 pop2 1.01025 0.990438
