1 pop1 1.0 0.980392
1 pop2 1.0 0.980392
100 pop1 1.00715 0.987401
100 pop2 1.00984 0.990038
200 pop1 1.00992 0.990114
200 pop2 1.00883 0.989046
300 pop1 1.00926 0.989473
300 pop2 1.00355 0.983874
400 pop1 1.00846 0.988687
400 pop2 1.00746 0.987709
500 pop1 1.00902 0.989238
500 pop2 1.00948 0.989689
600 pop1 1.00717 0.987419
600 pop2 1.00795 0.988186
700 pop1 1.00684 0.987098
700 pop2 1.0087 0.98892
800 pop1 1.01073 0.990907
800 pop2 1.00742 0.987667
900 pop1 1.01027 0.990458
900 pop2 1.00771 0.987953
1000 pop1 1.01 0.9902
1000 pop2 1.00779 0.988032
1100 pop1 1.01132 0.991492
1100 pop2 0.995732 0.976208
1200 pop1 1.01663 0.996699
1200 pop2 0.994488 0.974988
1300 pop1 1.01633 0.996398
1300 pop2 0.994371 0.974874
1400 pop1 1.01628 0.99635
1400 pop2 0.994227 0.974732
1500 pop1 1.01737 0.997425
1500 pop2 0.994383 0.974886
1600 pop1 1.01541 0.995498
1600 pop2 0.994606 0.975104
1700 pop1 1.01562 0.995702
1700 pop2 0.995651 0.976129
1800 pop1 1.01526 0.995354
1800 pop2 0.99484 0.975333
1900 pop1 1.01677 0.996831
1900 pop2 0.994874 0.975367
2000 pop1 1.017 0.997057
2000 pop2 0.995912 0.976385
2100 pop1 1.0166 0.996666
2100 pop2 0.996237 0.976703
2200 pop1 1.01898 0.999003
2200 pop2 0.996974 0.977425
2300 pop1 1.0192 0.999214
2300 pop2 0.996719 0.977176
2400 pop1 1.01924 0.999251
2400 pop2 0.998312 0.978737
2500 pop1 1.01987 0.999872
2500 pop2 0.998903 0.979316
2600 pop1 1.01978 0.999785
2600 pop2 0.998819 0.979234
2700 pop1 1.01995 0.999951
2700 pop2 0.999174 0.979582
2800 pop1 1.01977 0.999778
2800 pop2 0.999002 0.979414
2900 pop1 1.02003 1.00003
2900 pop2 0.999453 0.979856
3000 pop1 1.01983 0.999832
3000 pop2 0.999378 0.979782
3100 pop1 1.0201 1.0001
3100 pop2 0.99992 0.980314
3200 pop1 1.0201 1.0001
3200 pop2 1.0 0.980392
3300 pop1 1.0201 1.0001
3300 pop2 1.0 0.980392
3400 pop1 1.0201 1.0001
3400 pop2 1.0 0.980392
3500 pop1 1.0201 1.0001
3500 pop2 1.0 0.980392
3600 pop1 1.0201 1.0001
3600 pop2 1.0 0.980392
3700 pop1 1.0201 1.0001
3700 pop2 1.0 0.980392
3800 pop1 1.0201 1.0001
3800 pop2 1.0 0.980392
3900 pop1 1.0201 1.0001
3900 pop2 1.0 0.980392
4000 pop1 1.0201 1.0001
4000 pop2 1.0 0.980392
4100 pop1 1.0201 1.0001
4100 pop2 1.0 0.980392
4200 pop1 1.0201 1.0001
4200 pop2 1.0 0.980392
4300 pop1 1.0201 1.0001
4300 pop2 1.0 0.980392
4400 pop1 1.0201 1.0001
4400 pop2 1.0 0.980392
4500 pop1 1.0201 1.0001
4500 pop2 1.0 0.980392
4600 pop1 1.0201 1.0001
4600 pop2 1.0 0.980392
4700 pop1 1.0201 1.0001
4700 pop2 1.0 0.980392
4800 pop1 1.0201 1.0001
4800 pop2 1.0 0.980392
4900 pop1 1.0201 1.0001
4900 pop2 1.0 0.980392
5000 pop1 1.0201 1.0001
5000 pop2 1.0 0.980392
