1 pop1 1.0 0.833333
1 pop2 1.0 0.833333
100 pop1 1.19512 0.995935
100 pop2 1.18876 0.990629
200 pop1 1.19011 0.991761
200 pop2 1.18554 0.987952
300 pop1 1.19192 0.993264
300 pop2 1.18962 0.99135
400 pop1 1.19417 0.995146
400 pop2 1.19405 0.99504
500 pop1 1.18967 0.991392
500 pop2 1.19156 0.992968
600 pop1 1.19476 0.995633
600 pop2 1.19372 0.994763
700 pop1 1.19464 0.995532
700 pop2 1.19509 0.995905
800 pop1 1.19308 0.994236
800 pop2 1.19611 0.996761
900 pop1 1.19142 0.992846
900 pop2 1.19296 0.99413
1000 pop1 1.19036 0.991963
1000 pop2 1.19048 0.992067
1100 pop1 1.20261 1.00217
1100 pop2 0.992276 0.826897
1200 pop1 1.19992 0.999929
1200 pop2 0.993877 0.828231
1300 pop1 1.20547 1.00456
1300 pop2 0.994336 0.828614
1400 pop1 1.20658 1.00549
1400 pop2 0.997972 0.831643
1500 pop1 1.20834 1.00695
1500 pop2 0.999064 0.832553
1600 pop1 1.2098 1.00817
1600 pop2 0.998635 0.832196
1700 pop1 1.20991 1.00826
1700 pop2 0.999688 0.833073
1800 pop1 1.21031 1.00859
1800 pop2 0.998479 0.832066
1900 pop1 1.2101 1.00842
1900 pop2 0.99922 0.832683
2000 pop1 1.21013 1.00844
2000 pop2 0.999025 0.832521
2100 pop1 1.21006 1.00838
2100 pop2 0.999922 0.833268
2200 pop1 1.21 1.00833
2200 pop2 1.0 0.833333
2300 pop1 1.21 1.00833
2300 pop2 1.0 0.833333
2400 pop1 1.21 1.00833
2400 pop2 1.0 0.833333
2500 pop1 1.21 1.00833
2500 pop2 1.0 0.833333
2600 pop1 1.21 1.00833
2600 pop2 1.0 0.833333
2700 pop1 1.21 1.00833
2700 pop2 1.0 0.833333
2800 pop1 1.21 1.00833
2800 pop2 1.0 0.833333
2900 pop1 1.21 1.00833
2900 pop2 1.0 0.833333
3000 pop1 1.21 1.00833
3000 pop2 1.0 0.833333
3100 pop1 1.21 1.00833
3100 pop2 1.0 0.833333
3200 pop1 1.21 1.00833
3200 pop2 1.0 0.833333
3300 pop1 1.21 1.00833
3300 pop2 1.0 0.833333
3400 pop1 1.21 1.00833
3400 pop2 1.0 0.833333
3500 pop1 1.21 1.00833
3500 pop2 1.0 0.833333
3600 pop1 1.21 1.00833
3600 pop2 1.0 0.833333
3700 pop1 1.21 1.00833
3700 pop2 1.0 0.833333
3800 pop1 1.21 1.00833
3800 pop2 1.0 0.833333
3900 pop1 1.21 1.00833
3900 pop2 1.0 0.833333
4000 pop1 1.21 1.00833
4000 pop2 1.0 0.833333
4100 pop1 1.21 1.00833
4100 pop2 1.0 0.833333
4200 pop1 1.21 1.00833
4200 pop2 1.0 0.833333
4300 pop1 1.21 1.00833
4300 pop2 1.0 0.833333
4400 pop1 1.21 1.00833
4400 pop2 1.0 0.833333
4500 pop1 1.21 1.00833
4500 pop2 1.0 0.833333
4600 pop1 1.21 1.00833
4600 pop2 1.0 0.833333
4700 pop1 1.21 1.00833
4700 pop2 1.0 0.833333
4800 pop1 1.21 1.00833
4800 pop2 1.0 0.833333
4900 pop1 1.21 1.00833
4900 pop2 1.0 0.833333
5000 pop1 1.21 1.00833
5000 pop2 1.0 0.833333
