1 pop1 1.0 0.980392
1 pop2 1.0 0.980392
100 pop1 1.0068 0.987055
100 pop2 1.00962 0.989828
200 pop1 1.00597 0.986249
200 pop2 1.00921 0.98942
300 pop1 1.00685 0.987107
300 pop2 1.00818 0.988412
400 pop1 1.00665 0.98691
400 pop2 1.00879 0.989013
500 pop1 1.0049 0.985197
500 pop2 1.01036 0.990554
600 pop1 1.00336 0.983687
600 pop2 1.00973 0.98993
700 pop1 1.00568 0.985959
700 pop2 1.01082 0.990997
800 pop1 1.00907 0.989282
800 pop2 1.00997 0.990168
900 pop1 1.01024 0.990433
900 pop2 1.01045 0.990635
1000 pop1 1.01189 0.99205
1000 pop2 1.00685 0.987104
1100 pop1 1.01333 0.993459
1100 pop2 0.995605 0.976083
1200 pop1 1.01473 0.99483
1200 pop2 0.996518 0.976979
1300 pop1 1.01581 0.995891
1300 pop2 0.99647 0.976931
1400 pop1 1.0154 0.995492
1400 pop2 0.99631 0.976774
1500 pop1 1.01641 0.996484
1500 pop2 0.996534 0.976994
1600 pop1 1.01772 0.997766
1600 pop2 0.995589 0.976068
1700 pop1 1.01858 0.998612
1700 pop2 0.995015 0.975505
1800 pop1 1.01795 0.997994
1800 pop2 0.996237 0.976703
1900 pop1 1.0187 0.998726
1900 pop2 0.996011 0.976481
2000 pop1 1.01831 0.998339
2000 pop2 0.996452 0.976914
2100 pop1 1.01836 0.998394
2100 pop2 0.996986 0.977437
2200 pop1 1.01859 0.998621
2200 pop2 0.998576 0.978996
2300 pop1 1.01989 0.999889
2300 pop2 0.998927 0.97934
2400 pop1 1.02001 1.00001
2400 pop2 0.999394 0.979798
2500 pop1 1.0201 1.0001
2500 pop2 0.999398 0.979802
2600 pop1 1.0201 1.0001
2600 pop2 0.999725 0.980122
2700 pop1 1.0201 1.0001
2700 pop2 0.999992 0.980384
2800 pop1 1.0201 1.0001
2800 pop2 1.0 0.980392
2900 pop1 1.0201 1.0001
2900 pop2 1.0 0.980392
3000 pop1 1.0201 1.0001
3000 pop2 1.0 0.980392
3100 pop1 1.0201 1.0001
3100 pop2 1.0 0.980392
3200 pop1 1.0201 1.0001
3200 pop2 1.0 0.980392
3300 pop1 1.0201 1.0001
3300 pop2 1.0 0.980392
3400 pop1 1.0201 1.0001
3400 pop2 1.0 0.980392
3500 pop1 1.0201 1.0001
3500 pop2 1.0 0.980392
3600 pop1 1.0201 1.0001
3600 pop2 1.0 0.980392
3700 pop1 1.0201 1.0001
3700 pop2 1.0 0.980392
3800 pop1 1.0201 1.0001
3800 pop2 1.0 0.980392
3900 pop1 1.0201 1.0001
3900 pop2 1.0 0.980392
4000 pop1 1.0201 1.0001
4000 pop2 1.0 0.980392
4100 pop1 1.0201 1.0001
4100 pop2 1.0 0.980392
4200 pop1 1.0201 1.0001
4200 pop2 1.0 0.980392
4300 pop1 1.0201 1.0001
4300 pop2 1.0 0.980392
4400 pop1 1.0201 1.0001
4400 pop2 1.0 0.980392
4500 pop1 1.0201 1.0001
4500 pop2 1.0 0.980392
4600 pop1 1.0201 1.0001
4600 pop2 1.0 0.980392
4700 pop1 1.0201 1.0001
4700 pop2 1.0 0.980392
4800 pop1 1.0201 1.0001
4800 pop2 1.0 0.980392
4900 pop1 1.0201 1.0001
4900 pop2 1.0 0.980392
5000 pop1 1.0201 1.0001
5000 pop2 1.0 0.980392
