1 pop1 1.0 0.980392
1 pop2 1.0 0.980392
100 pop1 1.0006 0.980977
100 pop2 1.00052 0.980902
200 pop1 1.00229 0.982641
200 pop2 0.999075 0.979486
300 pop1 1.00254 0.98288
300 pop2 0.998653 0.979071
400 pop1 1.00162 0.98198
400 pop2 0.999492 0.979894
500 pop1 1.00143 0.981798
500 pop2 0.998537 0.978957
600 pop1 1.00116 0.981526
600 pop2 0.999036 0.979447
700 pop1 1.00198 0.982329
700 pop2 0.999001 0.979413
800 pop1 1.00302 0.983352
800 pop2 0.998363 0.978788
900 pop1 1.00156 0.981918
900 pop2 0.999027 0.979439
1000 pop1 1.001 0.981373
1000 pop2 0.999822 0.980217
1100 pop1 1.0057 0.985976
1100 pop2 1.00381 0.984125
1200 pop1 1.0081 0.988338
1200 pop2 1.00617 0.986441
1300 pop1 1.00836 0.988584
1300 pop2 1.00815 0.988384
1400 pop1 1.00816 0.988393
1400 pop2 1.00921 0.989421
1500 pop1 1.00765 0.987892
1500 pop2 1.01168 0.991842
1600 pop1 1.00554 0.985824
1600 pop2 1.01392 0.994038
1700 pop1 1.00426 0.984567
1700 pop2 1.0153 0.995392
1800 pop1 1.00438 0.984683
1800 pop2 1.01549 0.995575
1900 pop1 1.00559 0.985875
1900 pop2 1.01436 0.994473
2000 pop1 1.00549 0.985777
2000 pop2 1.01456 0.994668
2100 pop1 1.00576 0.986035
2100 pop2 1.01351 0.993641
2200 pop1 1.0055 0.98578
2200 pop2 1.0147 0.994801
2300 pop1 1.00452 0.984823
2300 pop2 1.01506 0.995155
2400 pop1 1.00333 0.983659
2400 pop2 1.01644 0.996505
2500 pop1 1.00305 0.983381
2500 pop2 1.01734 0.997389
2600 pop1 1.0026 0.98294
2600 pop2 1.01731 0.997365
2700 pop1 1.00188 0.982238
2700 pop2 1.01764 0.99769
2800 pop1 1.00231 0.982657
2800 pop2 1.01742 0.997469
2900 pop1 1.00182 0.982172
2900 pop2 1.0179 0.997942
3000 pop1 1.00224 0.982592
3000 pop2 1.01755 0.9976
3100 pop1 1.0024 0.982745
3100 pop2 1.01803 0.998067
3200 pop1 1.00162 0.981977
3200 pop2 1.01827 0.9983
3300 pop1 1.00174 0.982103
3300 pop2 1.0185 0.998533
3400 pop1 1.00082 0.981201
3400 pop2 1.01929 0.999304
3500 pop1 1.00054 0.980924
3500 pop2 1.01951 0.999523
3600 pop1 1.00024 0.980628
3600 pop2 1.01971 0.999711
3700 pop1 1.00048 0.980863
3700 pop2 1.01974 0.999741
3800 pop1 1.00053 0.980915
3800 pop2 1.01956 0.999573
3900 pop1 1.00105 0.981425
3900 pop2 1.01915 0.999168
4000 pop1 1.00151 0.981869
4000 pop2 1.01857 0.998599
4100 pop1 1.00096 0.981329
4100 pop2 1.01911 0.999123
4200 pop1 1.00076 0.981141
4200 pop2 1.01913 0.999146
4300 pop1 1.00111 0.98148
4300 pop2 1.01877 0.998797
4400 pop1 1.0006 0.980981
4400 pop2 1.01933 0.999343
4500 pop1 1.00034 0.980726
4500 pop2 1.01971 0.999717
4600 pop1 1.00002 0.980409
4600 pop2 1.01995 0.999949
4700 pop1 0.99991 0.980304
4700 pop2 1.02011 1.00011
4800 pop1 0.999908 0.980302
4800 pop2 1.02011 1.00011
4900 pop1 0.999908 0.980302
4900 pop2 1.02011 1.00011
5000 pop1 0.999909 0.980303
5000 pop2 1.02011 1.00011
