1 pop1 1.0 0.833333
1 pop2 1.0 0.833333
100 pop1 1.19169 0.993076
100 pop2 1.18908 0.990897
200 pop1 1.192 0.99333
200 pop2 1.19468 0.99557
300 pop1 1.19219 0.99349
300 pop2 1.19514 0.995949
400 pop1 1.18977 0.991471
400 pop2 1.19251 0.993758
500 pop1 1.19009 0.991746
500 pop2 1.18696 0.989135
600 pop1 1.18786 0.989882
600 pop2 1.19315 0.994293
700 pop1 1.18858 0.990484
700 pop2 1.18993 0.991612
800 pop1 1.19129 0.99274
800 pop2 1.18916 0.990965
900 pop1 1.19161 0.993008
900 pop2 1.18873 0.990605
1000 pop1 1.19248 0.993737
1000 pop2 1.19234 0.993616
1100 pop1 1.20463 1.00386
1100 pop2 0.99922 0.832683
1200 pop1 1.20743 1.00619
1200 pop2 0.999844 0.833203
1300 pop1 1.20994 1.00828
1300 pop2 0.999922 0.833268
1400 pop1 1.20828 1.0069
1400 pop2 1.0 0.833333
1500 pop1 1.20914 1.00762
1500 pop2 1.0 0.833333
1600 pop1 1.21 1.00833
1600 pop2 1.0 0.833333
1700 pop1 1.21 1.00833
1700 pop2 1.0 0.833333
1800 pop1 1.21 1.00833
1800 pop2 1.0 0.833333
1900 pop1 1.21 1.00833
1900 pop2 1.0 0.833333
2000 pop1 1.21 1.00833
2000 pop2 1.0 0.833333
2100 pop1 1.21 1.00833
2100 pop2 1.0 0.833333
2200 pop1 1.21 1.00833
2200 pop2 1.0 0.833333
2300 pop1 1.21 1.00833
2300 pop2 1.0 0.833333
2400 pop1 1.21 1.00833
2400 pop2 1.0 0.833333
2500 pop1 1.21 1.00833
2500 pop2 1.0 0.833333
2600 pop1 1.21 1.00833
2600 pop2 1.0 0.833333
2700 pop1 1.21 1.00833
2700 pop2 1.0 0.833333
2800 pop1 1.21 1.00833
2800 pop2 1.0 0.833333
2900 pop1 1.21 1.00833
2900 pop2 1.0 0.833333
3000 pop1 1.21 1.00833
3000 pop2 1.0 0.833333
3100 pop1 1.21 1.00833
3100 pop2 1.0 0.833333
3200 pop1 1.21 1.00833
3200 pop2 1.0 0.833333
3300 pop1 1.21 1.00833
3300 pop2 1.0 0.833333
3400 pop1 1.21 1.00833
3400 pop2 1.0 0.833333
3500 pop1 1.21 1.00833
3500 pop2 1.0 0.833333
3600 pop1 1.21 1.00833
3600 pop2 1.0 0.833333
3700 pop1 1.21 1.00833
3700 pop2 1.0 0.833333
3800 pop1 1.21 1.00833
3800 pop2 1.0 0.833333
3900 pop1 1.21 1.00833
3900 pop2 1.0 0.833333
4000 pop1 1.21 1.00833
4000 pop2 1.0 0.833333
4100 pop1 1.21 1.00833
4100 pop2 1.0 0.833333
4200 pop1 1.21 1.00833
4200 pop2 1.0 0.833333
4300 pop1 1.21 1.00833
4300 pop2 1.0 0.833333
4400 pop1 1.21 1.00833
4400 pop2 1.0 0.833333
4500 pop1 1.21 1.00833
4500 pop2 1.0 0.833333
4600 pop1 1.21 1.00833
4600 pop2 1.0 0.833333
4700 pop1 1.21 1.00833
4700 pop2 1.0 0.833333
4800 pop1 1.21 1.00833
4800 pop2 1.0 0.833333
4900 pop1 1.21 1.00833
4900 pop2 1.0 0.833333
5000 pop1 1.21 1.00833
5000 pop2 1.0 0.833333
