1 pop1 1.0 0.980392
1 pop2 1.0 0.980392
100 pop1 1.00176 0.982122
100 pop2 1.00018 0.980571
200 pop1 1.00205 0.982405
200 pop2 0.999974 0.980367
300 pop1 1.00464 0.984941
300 pop2 0.996437 0.976899
400 pop1 1.00469 0.984995
400 pop2 0.997981 0.978413
500 pop1 1.00441 0.984719
500 pop2 0.997246 0.977692
600 pop1 1.0008 0.981175
600 pop2 0.99991 0.980304
700 pop1 1.00125 0.981621
700 pop2 1.00093 0.981305
800 pop1 0.99969 0.980089
800 pop2 1.00177 0.982124
900 pop1 1.00097 0.981339
900 pop2 1.00155 0.981912
1000 pop1 0.995818 0.976292
1000 pop2 1.00541 0.985696
1100 pop1 1.00668 0.986946
1100 pop2 0.995679 0.976156
1200 pop1 1.01352 0.993645
1200 pop2 0.995309 0.975793
1300 pop1 1.01793 0.997972
1300 pop2 0.994156 0.974662
1400 pop1 1.01815 0.998183
1400 pop2 0.995172 0.975659
1500 pop1 1.01938 0.999391
1500 pop2 0.995309 0.975793
1600 pop1 1.01997 0.999968
1600 pop2 0.995041 0.97553
1700 pop1 1.02011 1.00011
1700 pop2 0.995312 0.975796
1800 pop1 1.02011 1.00011
1800 pop2 0.99532 0.975804
1900 pop1 1.02011 1.00011
1900 pop2 0.995427 0.975909
2000 pop1 1.02011 1.00011
2000 pop2 0.995092 0.975581
2100 pop1 1.02011 1.00011
2100 pop2 0.995491 0.975972
2200 pop1 1.02011 1.00011
2200 pop2 0.995687 0.976164
2300 pop1 1.02011 1.00011
2300 pop2 0.995874 0.976347
2400 pop1 1.02011 1.00011
2400 pop2 0.996537 0.976997
2500 pop1 1.02011 1.00011
2500 pop2 0.997243 0.977689
2600 pop1 1.0201 1.0001
2600 pop2 0.998332 0.978757
2700 pop1 1.0201 1.0001
2700 pop2 0.998799 0.979215
2800 pop1 1.0201 1.0001
2800 pop2 0.999386 0.97979
2900 pop1 1.0201 1.0001
2900 pop2 0.99988 0.980275
3000 pop1 1.0201 1.0001
3000 pop2 0.999848 0.980243
3100 pop1 1.0201 1.0001
3100 pop2 1.0 0.980392
3200 pop1 1.0201 1.0001
3200 pop2 1.0 0.980392
3300 pop1 1.0201 1.0001
3300 pop2 1.0 0.980392
3400 pop1 1.0201 1.0001
3400 pop2 1.0 0.980392
3500 pop1 1.0201 1.0001
3500 pop2 1.0 0.980392
3600 pop1 1.0201 1.0001
3600 pop2 1.0 0.980392
3700 pop1 1.0201 1.0001
3700 pop2 1.0 0.980392
3800 pop1 1.0201 1.0001
3800 pop2 1.0 0.980392
3900 pop1 1.0201 1.0001
3900 pop2 1.0 0.980392
4000 pop1 1.0201 1.0001
4000 pop2 1.0 0.980392
4100 pop1 1.0201 1.0001
4100 pop2 1.0 0.980392
4200 pop1 1.0201 1.0001
4200 pop2 1.0 0.980392
4300 pop1 1.0201 1.0001
4300 pop2 1.0 0.980392
4400 pop1 1.0201 1.0001
4400 pop2 1.0 0.980392
4500 pop1 1.0201 1.0001
4500 pop2 1.0 0.980392
4600 pop1 1.0201 1.0001
4600 pop2 1.0 0.980392
4700 pop1 1.0201 1.0001
4700 pop2 1.0 0.980392
4800 pop1 1.0201 1.0001
4800 pop2 1.0 0.980392
4900 pop1 1.0201 1.0001
4900 pop2 1.0 0.980392
5000 pop1 1.0201 1.0001
5000 pop2 1.0 0.980392
