1 pop1 1.0 0.980392
1 pop2 1.0 0.980392
100 pop1 1.00117 0.981536
100 pop2 1.00173 0.982093
200 pop1 1.0032 0.983529
200 pop2 0.999902 0.980296
300 pop1 1.00392 0.984239
300 pop2 0.997865 0.978299
400 pop1 1.00318 0.98351
400 pop2 0.998601 0.979021
500 pop1 1.00329 0.983614
500 pop2 0.996815 0.977269
600 pop1 1.00178 0.982137
600 pop2 1.00008 0.980468
700 pop1 0.999244 0.979651
700 pop2 1.00186 0.982216
800 pop1 1.004 0.98431
800 pop2 0.998572 0.978992
900 pop1 1.00187 0.982229
900 pop2 1.00004 0.980435
1000 pop1 1.00412 0.984431
1000 pop2 0.998056 0.978486
1100 pop1 1.01042 0.990605
1100 pop2 0.994836 0.975329
1200 pop1 1.01416 0.994273
1200 pop2 0.994313 0.974817
1300 pop1 1.01518 0.995274
1300 pop2 0.994201 0.974707
1400 pop1 1.01633 0.996399
1400 pop2 0.994974 0.975465
1500 pop1 1.0189 0.99892
1500 pop2 0.994006 0.974516
1600 pop1 1.01935 0.999361
1600 pop2 0.994725 0.975221
1700 pop1 1.0198 0.999802
1700 pop2 0.994974 0.975465
1800 pop1 1.01997 0.999975
1800 pop2 0.995504 0.975984
1900 pop1 1.02011 1.00011
1900 pop2 0.995269 0.975754
2000 pop1 1.02011 1.00011
2000 pop2 0.994974 0.975465
2100 pop1 1.02011 1.00011
2100 pop2 0.995536 0.976016
2200 pop1 1.02011 1.00011
2200 pop2 0.996058 0.976527
2300 pop1 1.02011 1.00011
2300 pop2 0.996573 0.977032
2400 pop1 1.02011 1.00011
2400 pop2 0.996928 0.97738
2500 pop1 1.02011 1.00011
2500 pop2 0.99664 0.977098
2600 pop1 1.02011 1.0001
2600 pop2 0.997391 0.977834
2700 pop1 1.0201 1.0001
2700 pop2 0.998276 0.978702
2800 pop1 1.0201 1.0001
2800 pop2 0.999354 0.979758
2900 pop1 1.0201 1.0001
2900 pop2 0.999334 0.979739
3000 pop1 1.0201 1.0001
3000 pop2 0.999769 0.980165
3100 pop1 1.0201 1.0001
3100 pop2 0.9999 0.980294
3200 pop1 1.0201 1.0001
3200 pop2 0.999741 0.980138
3300 pop1 1.0201 1.0001
3300 pop2 0.99992 0.980314
3400 pop1 1.0201 1.0001
3400 pop2 0.999984 0.980376
3500 pop1 1.0201 1.0001
3500 pop2 1.0 0.980392
3600 pop1 1.0201 1.0001
3600 pop2 1.0 0.980392
3700 pop1 1.0201 1.0001
3700 pop2 1.0 0.980392
3800 pop1 1.0201 1.0001
3800 pop2 1.0 0.980392
3900 pop1 1.0201 1.0001
3900 pop2 1.0 0.980392
4000 pop1 1.0201 1.0001
4000 pop2 1.0 0.980392
4100 pop1 1.0201 1.0001
4100 pop2 1.0 0.980392
4200 pop1 1.0201 1.0001
4200 pop2 1.0 0.980392
4300 pop1 1.0201 1.0001
4300 pop2 1.0 0.980392
4400 pop1 1.0201 1.0001
4400 pop2 1.0 0.980392
4500 pop1 1.0201 1.0001
4500 pop2 1.0 0.980392
4600 pop1 1.0201 1.0001
4600 pop2 1.0 0.980392
4700 pop1 1.0201 1.0001
4700 pop2 1.0 0.980392
4800 pop1 1.0201 1.0001
4800 pop2 1.0 0.980392
4900 pop1 1.0201 1.0001
4900 pop2 1.0 0.980392
5000 pop1 1.0201 1.0001
5000 pop2 1.0 0.980392
