1 pop1 1.0 0.980392
1 pop2 1.0 0.980392
100 pop1 1.00369 0.984014
100 pop2 0.99721 0.977657
200 pop1 1.00449 0.984798
200 pop2 0.99889 0.979304
300 pop1 1.00532 0.985609
300 pop2 0.997981 0.978413
400 pop1 1.0038 0.984121
400 pop2 0.997914 0.978347
500 pop1 1.00549 0.985773
500 pop2 0.996038 0.976508
600 pop1 1.00779 0.988034
600 pop2 0.993356 0.973878
700 pop1 1.00585 0.986123
700 pop2 0.995261 0.975746
800 pop1 1.00464 0.984943
800 pop2 0.996235 0.976701
900 pop1 1.00574 0.986016
900 pop2 0.996029 0.976499
1000 pop1 1.00473 0.98503
1000 pop2 0.997414 0.977857
1100 pop1 1.00857 0.988796
1100 pop2 1.0013 0.981663
1200 pop1 1.01036 0.990548
1200 pop2 1.00185 0.982204
1300 pop1 1.01241 0.992555
1300 pop2 1.00188 0.982237
1400 pop1 1.01443 0.994535
1400 pop2 1.00253 0.982876
1500 pop1 1.015 0.9951
1500 pop2 1.00301 0.983347
1600 pop1 1.01429 0.994404
1600 pop2 1.00546 0.985746
1700 pop1 1.01338 0.993512
1700 pop2 1.00591 0.986182
1800 pop1 1.01472 0.994821
1800 pop2 1.00515 0.985437
1900 pop1 1.01346 0.993591
1900 pop2 1.00753 0.98777
2000 pop1 1.01328 0.993416
2000 pop2 1.00706 0.987314
2100 pop1 1.01373 0.99385
2100 pop2 1.0064 0.98667
2200 pop1 1.01442 0.994528
2200 pop2 1.00655 0.986811
2300 pop1 1.01376 0.993878
2300 pop2 1.00683 0.98709
2400 pop1 1.01229 0.99244
2400 pop2 1.00846 0.988682
2500 pop1 1.00978 0.989977
2500 pop2 1.01084 0.991021
2600 pop1 1.01016 0.990353
2600 pop2 1.01099 0.991171
2700 pop1 1.01034 0.990527
2700 pop2 1.01042 0.990611
2800 pop1 1.012 0.992158
2800 pop2 1.00906 0.989273
2900 pop1 1.01025 0.990443
2900 pop2 1.01032 0.990512
3000 pop1 1.01022 0.990408
3000 pop2 1.01057 0.990757
3100 pop1 1.0102 0.990397
3100 pop2 1.01097 0.991143
3200 pop1 1.00901 0.989225
3200 pop2 1.0114 0.991573
3300 pop1 1.00925 0.989463
3300 pop2 1.01129 0.991463
3400 pop1 1.00974 0.989938
3400 pop2 1.0113 0.991475
3500 pop1 1.00935 0.989562
3500 pop2 1.01224 0.992393
3600 pop1 1.01019 0.990385
3600 pop2 1.01114 0.991312
3700 pop1 1.01047 0.990658
3700 pop2 1.00992 0.990114
3800 pop1 1.01142 0.991592
3800 pop2 1.00953 0.989739
3900 pop1 1.01173 0.991889
3900 pop2 1.00992 0.990118
4000 pop1 1.00979 0.989992
4000 pop2 1.01071 0.990894
4100 pop1 1.00913 0.989347
4100 pop2 1.01247 0.992618
4200 pop1 1.0084 0.98863
4200 pop2 1.01303 0.993166
4300 pop1 1.00803 0.988267
4300 pop2 1.01346 0.993585
4400 pop1 1.00754 0.987789
4400 pop2 1.01299 0.993124
4500 pop1 1.00815 0.988378
4500 pop2 1.01257 0.992717
4600 pop1 1.00741 0.987654
4600 pop2 1.01303 0.993163
4700 pop1 1.00905 0.989265
4700 pop2 1.01208 0.992231
4800 pop1 1.00827 0.988497
4800 pop2 1.01256 0.992709
4900 pop1 1.00718 0.987432
4900 pop2 1.01358 0.993711
5000 pop1 1.00724 0.987491
5000 pop2 1.01278 0.992917
