1 pop1 1.0 0.980392
1 pop2 1.0 0.980392
100 pop1 1.0021 0.982453
100 pop2 0.998982 0.979394
200 pop1 1.00077 0.981143
200 pop2 0.999668 0.980066
300 pop1 1.00274 0.983074
300 pop2 0.997852 0.978286
400 pop1 1.0014 0.981765
400 pop2 0.998989 0.979401
500 pop1 1.00239 0.982735
500 pop2 0.997663 0.978101
600 pop1 1.00266 0.982999
600 pop2 0.998093 0.978523
700 pop1 1.00265 0.982992
700 pop2 0.998351 0.978775
800 pop1 1.00201 0.982364
800 pop2 0.999293 0.979699
900 pop1 1.00312 0.983456
900 pop2 0.998037 0.978468
1000 pop1 1.00243 0.982771
1000 pop2 0.998284 0.978709
1100 pop1 1.00528 0.985572
1100 pop2 0.997922 0.978355
1200 pop1 1.00872 0.988938
1200 pop2 1.0009 0.981274
1300 pop1 1.01128 0.99145
1300 pop2 1.00236 0.982702
1400 pop1 1.01226 0.992409
1400 pop2 1.00389 0.984206
1500 pop1 1.01359 0.993717
1500 pop2 1.0039 0.984219
1600 pop1 1.01133 0.991503
1600 pop2 1.00727 0.987521
1700 pop1 1.01013 0.990324
1700 pop2 1.00861 0.988829
1800 pop1 1.01084 0.991024
1800 pop2 1.00927 0.989484
1900 pop1 1.00959 0.989798
1900 pop2 1.01042 0.990612
2000 pop1 1.00991 0.990104
2000 pop2 1.01024 0.990429
2100 pop1 1.0077 0.987939
2100 pop2 1.01175 0.991914
2200 pop1 1.00731 0.987555
2200 pop2 1.01269 0.992838
2300 pop1 1.00662 0.986886
2300 pop2 1.01304 0.99318
2400 pop1 1.00587 0.986148
2400 pop2 1.01476 0.994858
2500 pop1 1.00598 0.986255
2500 pop2 1.01414 0.994259
2600 pop1 1.00546 0.985748
2600 pop2 1.01487 0.99497
2700 pop1 1.00586 0.986136
2700 pop2 1.01459 0.994694
2800 pop1 1.00696 0.98722
2800 pop2 1.01363 0.993758
2900 pop1 1.00642 0.98669
2900 pop2 1.01446 0.994567
3000 pop1 1.00723 0.987477
3000 pop2 1.01265 0.992791
3100 pop1 1.00702 0.987274
3100 pop2 1.01331 0.993444
3200 pop1 1.00763 0.987872
3200 pop2 1.01252 0.992665
3300 pop1 1.00694 0.9872
3300 pop2 1.01312 0.993259
3400 pop1 1.00921 0.989425
3400 pop2 1.011 0.991175
3500 pop1 1.00975 0.989951
3500 pop2 1.01069 0.990871
3600 pop1 1.00833 0.988561
3600 pop2 1.01179 0.991948
3700 pop1 1.00715 0.987399
3700 pop2 1.01229 0.992442
3800 pop1 1.00854 0.988764
3800 pop2 1.01164 0.991804
3900 pop1 1.00831 0.988535
3900 pop2 1.01149 0.991658
4000 pop1 1.0085 0.988725
4000 pop2 1.01121 0.991386
4100 pop1 1.00635 0.98662
4100 pop2 1.01347 0.993602
4200 pop1 1.00498 0.985271
4200 pop2 1.01526 0.995357
4300 pop1 1.00629 0.98656
4300 pop2 1.01288 0.993022
4400 pop1 1.00582 0.986093
4400 pop2 1.01478 0.99488
4500 pop1 1.00553 0.985812
4500 pop2 1.01449 0.994595
4600 pop1 1.00609 0.986362
4600 pop2 1.014 0.994113
4700 pop1 1.00641 0.986674
4700 pop2 1.01389 0.994006
4800 pop1 1.00584 0.986121
4800 pop2 1.01416 0.994272
4900 pop1 1.00673 0.986987
4900 pop2 1.01373 0.993854
5000 pop1 1.00689 0.987149
5000 pop2 1.01317 0.993302
