1 pop1 1.0 0.833333
1 pop2 1.0 0.833333
100 pop1 1.19158 0.992984
100 pop2 1.19393 0.994946
200 pop1 1.19409 0.995077
200 pop2 1.19395 0.994957
300 pop1 1.1925 0.993749
300 pop2 1.19044 0.992033
400 pop1 1.19099 0.992488
400 pop2 1.19055 0.992122
500 pop1 1.19111 0.992588
500 pop2 1.19 0.991671
600 pop1 1.19252 0.99377
600 pop2 1.19022 0.991854
700 pop1 1.19352 0.994598
700 pop2 1.18819 0.990156
800 pop1 1.19197 0.993308
800 pop2 1.19283 0.994027
900 pop1 1.19191 0.993256
900 pop2 1.19174 0.993118
1000 pop1 1.19243 0.993691
1000 pop2 1.19241 0.993676
1100 pop1 1.19433 0.995277
1100 pop2 0.988522 0.823769
1200 pop1 1.20088 1.00073
1200 pop2 0.98913 0.824275
1300 pop1 1.19956 0.999631
1300 pop2 0.989338 0.824448
1400 pop1 1.19704 0.997532
1400 pop2 0.992904 0.82742
1500 pop1 1.20399 1.00332
1500 pop2 0.992514 0.827095
1600 pop1 1.20114 1.00095
1600 pop2 0.994563 0.828802
1700 pop1 1.20426 1.00355
1700 pop2 0.996802 0.830668
1800 pop1 1.20775 1.00646
1800 pop2 0.995406 0.829505
1900 pop1 1.20957 1.00797
1900 pop2 0.997153 0.830961
2000 pop1 1.20995 1.00829
2000 pop2 0.999298 0.832748
2100 pop1 1.21011 1.00843
2100 pop2 0.999376 0.832813
2200 pop1 1.20972 1.0081
2200 pop2 0.999493 0.832911
2300 pop1 1.21005 1.00837
2300 pop2 1.0 0.833333
2400 pop1 1.21 1.00833
2400 pop2 1.0 0.833333
2500 pop1 1.21 1.00833
2500 pop2 1.0 0.833333
2600 pop1 1.21 1.00833
2600 pop2 1.0 0.833333
2700 pop1 1.21 1.00833
2700 pop2 1.0 0.833333
2800 pop1 1.21 1.00833
2800 pop2 1.0 0.833333
2900 pop1 1.21 1.00833
2900 pop2 1.0 0.833333
3000 pop1 1.21 1.00833
3000 pop2 1.0 0.833333
3100 pop1 1.21 1.00833
3100 pop2 1.0 0.833333
3200 pop1 1.21 1.00833
3200 pop2 1.0 0.833333
3300 pop1 1.21 1.00833
3300 pop2 1.0 0.833333
3400 pop1 1.21 1.00833
3400 pop2 1.0 0.833333
3500 pop1 1.21 1.00833
3500 pop2 1.0 0.833333
3600 pop1 1.21 1.00833
3600 pop2 1.0 0.833333
3700 pop1 1.21 1.00833
3700 pop2 1.0 0.833333
3800 pop1 1.21 1.00833
3800 pop2 1.0 0.833333
3900 pop1 1.21 1.00833
3900 pop2 1.0 0.833333
4000 pop1 1.21 1.00833
4000 pop2 1.0 0.833333
4100 pop1 1.21 1.00833
4100 pop2 1.0 0.833333
4200 pop1 1.21 1.00833
4200 pop2 1.0 0.833333
4300 pop1 1.21 1.00833
4300 pop2 1.0 0.833333
4400 pop1 1.21 1.00833
4400 pop2 1.0 0.833333
4500 pop1 1.21 1.00833
4500 pop2 1.0 0.833333
4600 pop1 1.21 1.00833
4600 pop2 1.0 0.833333
4700 pop1 1.21 1.00833
4700 pop2 1.0 0.833333
4800 pop1 1.21 1.00833
4800 pop2 1.0 0.833333
4900 pop1 1.21 1.00833
4900 pop2 1.0 0.833333
5000 pop1 1.21 1.00833
5000 pop2 1.0 0.833333
