1 pop1 1.0 0.833333
1 pop2 1.0 0.833333
100 pop1 1.12514 0.937615
100 pop2 1.1239 0.936581
200 pop1 1.12858 0.940481
200 pop2 1.12733 0.939445
300 pop1 1.12525 0.937708
300 pop2 1.12524 0.937699
400 pop1 1.11738 0.931149
400 pop2 1.1235 0.936251
500 pop1 1.12852 0.94043
500 pop2 1.11644 0.93037
600 pop1 1.1205 0.933748
600 pop2 1.12691 0.939093
700 pop1 1.12129 0.934406
700 pop2 1.12407 0.936722
800 pop1 1.1294 0.941169
800 pop2 1.11709 0.930909
900 pop1 1.12538 0.937814
900 pop2 1.13318 0.944314
1000 pop1 1.11845 0.932039
1000 pop2 1.11662 0.93052
1100 pop1 1.13703 0.947528
1100 pop2 1.1478 0.956499
1200 pop1 1.13966 0.949719
1200 pop2 1.14764 0.95637
1300 pop1 1.13582 0.946519
1300 pop2 1.14273 0.952275
1400 pop1 1.13851 0.948761
1400 pop2 1.15479 0.962327
1500 pop1 1.14318 0.952651
1500 pop2 1.14601 0.955008
1600 pop1 1.14047 0.950394
1600 pop2 1.15196 0.959965
1700 pop1 1.14021 0.950174
1700 pop2 1.14636 0.955302
1800 pop1 1.14127 0.951055
1800 pop2 1.14648 0.955404
1900 pop1 1.14293 0.95244
1900 pop2 1.14212 0.951765
2000 pop1 1.14467 0.95389
2000 pop2 1.14106 0.950885
2100 pop1 1.14581 0.954844
2100 pop2 1.13937 0.949474
2200 pop1 1.14055 0.950461
2200 pop2 1.14543 0.954525
2300 pop1 1.14551 0.954589
2300 pop2 1.13833 0.948612
2400 pop1 1.14418 0.953485
2400 pop2 1.14408 0.953404
2500 pop1 1.13978 0.949815
2500 pop2 1.1469 0.95575
2600 pop1 1.14267 0.952223
2600 pop2 1.14759 0.956321
2700 pop1 1.14132 0.951102
2700 pop2 1.15151 0.959593
2800 pop1 1.14155 0.951289
2800 pop2 1.14111 0.950924
2900 pop1 1.14262 0.952185
2900 pop2 1.1441 0.953414
3000 pop1 1.14537 0.954476
3000 pop2 1.13847 0.948727
3100 pop1 1.14055 0.950457
3100 pop2 1.14267 0.952223
3200 pop1 1.1332 0.944334
3200 pop2 1.14247 0.952057
3300 pop1 1.14166 0.951384
3300 pop2 1.14293 0.952441
3400 pop1 1.13974 0.949784
3400 pop2 1.14706 0.955885
3500 pop1 1.142 0.951666
3500 pop2 1.14531 0.954424
3600 pop1 1.1477 0.95642
3600 pop2 1.14092 0.950766
3700 pop1 1.14179 0.95149
3700 pop2 1.15011 0.958427
3800 pop1 1.14775 0.956458
3800 pop2 1.14106 0.950881
3900 pop1 1.13696 0.947468
3900 pop2 1.14928 0.957736
4000 pop1 1.14077 0.950645
4000 pop2 1.1428 0.952335
4100 pop1 1.1458 0.954837
4100 pop2 1.13993 0.949945
4200 pop1 1.14376 0.953133
4200 pop2 1.1359 0.946587
4300 pop1 1.13646 0.947048
4300 pop2 1.14516 0.954297
4400 pop1 1.1427 0.952248
4400 pop2 1.14138 0.951153
4500 pop1 1.13997 0.949978
4500 pop2 1.14811 0.956755
4600 pop1 1.15038 0.958653
4600 pop2 1.13853 0.948778
4700 pop1 1.14755 0.956292
4700 pop2 1.13888 0.949065
4800 pop1 1.14169 0.951405
4800 pop2 1.14634 0.955281
4900 pop1 1.14093 0.950779
4900 pop2 1.14431 0.953588
5000 pop1 1.13983 0.949856
5000 pop2 1.14361 0.953012
