1 pop1 1.0 0.833333
1 pop2 1.0 0.833333
100 pop1 1.1883 0.990248
100 pop2 1.18854 0.990451
200 pop1 1.19301 0.994178
200 pop2 1.19205 0.993379
300 pop1 1.19032 0.991932
300 pop2 1.19012 0.99177
400 pop1 1.19293 0.994108
400 pop2 1.18986 0.991547
500 pop1 1.19105 0.992542
500 pop2 1.19199 0.993329
600 pop1 1.18883 0.990694
600 pop2 1.19152 0.992937
700 pop1 1.1908 0.992331
700 pop2 1.19134 0.99278
800 pop1 1.18816 0.990131
800 pop2 1.19198 0.993319
900 pop1 1.191 0.992498
900 pop2 1.18936 0.991132
1000 pop1 1.18699 0.989162
1000 pop2 1.19064 0.9922
1100 pop1 1.20614 1.00512
1100 pop2 0.999376 0.832813
1200 pop1 1.20905 1.00755
1200 pop2 0.999883 0.833236
1300 pop1 1.2094 1.00783
1300 pop2 1.0 0.833333
1400 pop1 1.21 1.00833
1400 pop2 1.0 0.833333
1500 pop1 1.21 1.00833
1500 pop2 1.0 0.833333
1600 pop1 1.21 1.00833
1600 pop2 1.0 0.833333
1700 pop1 1.21 1.00833
1700 pop2 1.0 0.833333
1800 pop1 1.21 1.00833
1800 pop2 1.0 0.833333
1900 pop1 1.21 1.00833
1900 pop2 1.0 0.833333
2000 pop1 1.21 1.00833
2000 pop2 1.0 0.833333
2100 pop1 1.21 1.00833
2100 pop2 1.0 0.833333
2200 pop1 1.21 1.00833
2200 pop2 1.0 0.833333
2300 pop1 1.21 1.00833
2300 pop2 1.0 0.833333
2400 pop1 1.21 1.00833
2400 pop2 1.0 0.833333
2500 pop1 1.21 1.00833
2500 pop2 1.0 0.833333
2600 pop1 1.21 1.00833
2600 pop2 1.0 0.833333
2700 pop1 1.21 1.00833
2700 pop2 1.0 0.833333
2800 pop1 1.21 1.00833
2800 pop2 1.0 0.833333
2900 pop1 1.21 1.00833
2900 pop2 1.0 0.833333
3000 pop1 1.21 1.00833
3000 pop2 1.0 0.833333
3100 pop1 1.21 1.00833
3100 pop2 1.0 0.833333
3200 pop1 1.21 1.00833
3200 pop2 1.0 0.833333
3300 pop1 1.21 1.00833
3300 pop2 1.0 0.833333
3400 pop1 1.21 1.00833
3400 pop2 1.0 0.833333
3500 pop1 1.21 1.00833
3500 pop2 1.0 0.833333
3600 pop1 1.21 1.00833
3600 pop2 1.0 0.833333
3700 pop1 1.21 1.00833
3700 pop2 1.0 0.833333
3800 pop1 1.21 1.00833
3800 pop2 1.0 0.833333
3900 pop1 1.21 1.00833
3900 pop2 1.0 0.833333
4000 pop1 1.21 1.00833
4000 pop2 1.0 0.833333
4100 pop1 1.21 1.00833
4100 pop2 1.0 0.833333
4200 pop1 1.21 1.00833
4200 pop2 1.0 0.833333
4300 pop1 1.21 1.00833
4300 pop2 1.0 0.833333
4400 pop1 1.21 1.00833
4400 pop2 1.0 0.833333
4500 pop1 1.21 1.00833
4500 pop2 1.0 0.833333
4600 pop1 1.21 1.00833
4600 pop2 1.0 0.833333
4700 pop1 1.21 1.00833
4700 pop2 1.0 0.833333
4800 pop1 1.21 1.00833
4800 pop2 1.0 0.833333
4900 pop1 1.21 1.00833
4900 pop2 1.0 0.833333
5000 pop1 1.21 1.00833
5000 pop2 1.0 0.833333
