1 pop1 1.0 0.909091
1 pop2 1.0 0.909091
100 pop1 1.03307 0.939155
100 pop2 1.03351 0.939559
200 pop1 1.03493 0.940842
200 pop2 1.03979 0.945264
300 pop1 1.03685 0.942591
300 pop2 1.03648 0.942252
400 pop1 1.04 0.94545
400 pop2 1.0408 0.946181
500 pop1 1.03308 0.939167
500 pop2 1.03739 0.943083
600 pop1 1.03843 0.944031
600 pop2 1.0343 0.940273
700 pop1 1.03767 0.94334
700 pop2 1.03774 0.943396
800 pop1 1.0361 0.941911
800 pop2 1.02414 0.931038
900 pop1 1.03899 0.94454
900 pop2 1.03112 0.93738
1000 pop1 1.02771 0.934286
1000 pop2 1.03623 0.942023
1100 pop1 1.06037 0.963972
1100 pop2 1.05374 0.957948
1200 pop1 1.0483 0.953002
1200 pop2 1.07142 0.974015
1300 pop1 1.04057 0.945977
1300 pop2 1.07285 0.975317
1400 pop1 1.04652 0.951385
1400 pop2 1.07295 0.975412
1500 pop1 1.04877 0.95343
1500 pop2 1.0675 0.970455
1600 pop1 1.04681 0.951645
1600 pop2 1.06806 0.970959
1700 pop1 1.05392 0.958112
1700 pop2 1.06681 0.969823
1800 pop1 1.05028 0.954798
1800 pop2 1.07228 0.974801
1900 pop1 1.04861 0.953281
1900 pop2 1.07288 0.975349
2000 pop1 1.0491 0.953727
2000 pop2 1.07012 0.972835
2100 pop1 1.06016 0.963785
2100 pop2 1.06365 0.966959
2200 pop1 1.0529 0.957186
2200 pop2 1.06893 0.971758
2300 pop1 1.05967 0.96334
2300 pop2 1.06077 0.964333
2400 pop1 1.06149 0.96499
2400 pop2 1.06133 0.964848
2500 pop1 1.06584 0.968945
2500 pop2 1.06022 0.963838
2600 pop1 1.05342 0.957658
2600 pop2 1.06518 0.968344
2700 pop1 1.05513 0.959209
2700 pop2 1.06921 0.972012
2800 pop1 1.05481 0.958916
2800 pop2 1.06735 0.97032
2900 pop1 1.05531 0.959376
2900 pop2 1.06783 0.970758
3000 pop1 1.05867 0.962431
3000 pop2 1.06408 0.967348
3100 pop1 1.05963 0.963301
3100 pop2 1.06405 0.967316
3200 pop1 1.05828 0.962075
3200 pop2 1.06257 0.965971
3300 pop1 1.05972 0.963385
3300 pop2 1.06598 0.969071
3400 pop1 1.05115 0.955595
3400 pop2 1.06952 0.972287
3500 pop1 1.05845 0.962229
3500 pop2 1.06634 0.969403
3600 pop1 1.06418 0.967439
3600 pop2 1.06357 0.966883
3700 pop1 1.06306 0.966416
3700 pop2 1.05779 0.961624
3800 pop1 1.06657 0.969608
3800 pop2 1.05921 0.962915
3900 pop1 1.06578 0.968892
3900 pop2 1.06114 0.964676
4000 pop1 1.06306 0.966416
4000 pop2 1.06004 0.963677
4100 pop1 1.06183 0.965302
4100 pop2 1.0619 0.965361
4200 pop1 1.0652 0.968362
4200 pop2 1.05547 0.95952
4300 pop1 1.06363 0.966933
4300 pop2 1.06181 0.965284
4400 pop1 1.06251 0.965918
4400 pop2 1.05972 0.963383
4500 pop1 1.06334 0.966671
4500 pop2 1.05932 0.963014
4600 pop1 1.05851 0.962282
4600 pop2 1.06308 0.966435
4700 pop1 1.06401 0.967283
4700 pop2 1.0574 0.961273
4800 pop1 1.05984 0.963491
4800 pop2 1.06498 0.96816
4900 pop1 1.0581 0.961905
4900 pop2 1.063 0.966361
5000 pop1 1.06069 0.964262
5000 pop2 1.06269 0.966083
