1 pop1 1.0 0.980392
1 pop2 1.0 0.980392
100 pop1 1.00392 0.984231
100 pop2 0.998973 0.979385
200 pop1 1.00319 0.983522
200 pop2 1.00101 0.981381
300 pop1 1.00276 0.983097
300 pop2 0.999059 0.979469
400 pop1 1.00168 0.98204
400 pop2 0.99966 0.980059
500 pop1 1.00035 0.980731
500 pop2 1.0002 0.980587
600 pop1 0.999348 0.979753
600 pop2 1.00187 0.982225
700 pop1 0.996147 0.976615
700 pop2 1.00494 0.985231
800 pop1 0.995934 0.976406
800 pop2 1.00508 0.985368
900 pop1 0.997279 0.977724
900 pop2 1.00508 0.985377
1000 pop1 0.99674 0.977196
1000 pop2 1.00427 0.984574
1100 pop1 1.00105 0.981418
1100 pop2 1.00815 0.988379
1200 pop1 1.00358 0.983903
1200 pop2 1.01049 0.99068
1300 pop1 1.00691 0.987172
1300 pop2 1.01234 0.992486
1400 pop1 1.00575 0.986029
1400 pop2 1.01388 0.994001
1500 pop1 1.00617 0.98644
1500 pop2 1.01426 0.994372
1600 pop1 1.00704 0.987294
1600 pop2 1.01398 0.994096
1700 pop1 1.00431 0.984622
1700 pop2 1.01508 0.995181
1800 pop1 1.00422 0.984534
1800 pop2 1.01591 0.995991
1900 pop1 1.00541 0.985694
1900 pop2 1.01513 0.995228
2000 pop1 1.00371 0.984032
2000 pop2 1.01693 0.99699
2100 pop1 1.0051 0.985392
2100 pop2 1.01559 0.995676
2200 pop1 1.00666 0.986926
2200 pop2 1.0131 0.993233
2300 pop1 1.00785 0.988092
2300 pop2 1.01309 0.993228
2400 pop1 1.00686 0.987121
2400 pop2 1.01288 0.993019
2500 pop1 1.00697 0.987222
2500 pop2 1.01369 0.993814
2600 pop1 1.00676 0.987024
2600 pop2 1.01306 0.9932
2700 pop1 1.00827 0.988504
2700 pop2 1.01166 0.991827
2800 pop1 1.00805 0.988286
2800 pop2 1.01259 0.992739
2900 pop1 1.00764 0.987879
2900 pop2 1.01222 0.992373
3000 pop1 1.00762 0.987862
3000 pop2 1.01324 0.993374
3100 pop1 1.00662 0.986885
3100 pop2 1.01345 0.993582
3200 pop1 1.00699 0.987244
3200 pop2 1.01406 0.994179
3300 pop1 1.00666 0.986918
3300 pop2 1.01415 0.994269
3400 pop1 1.00682 0.987075
3400 pop2 1.01363 0.993758
3500 pop1 1.00698 0.987234
3500 pop2 1.01344 0.993571
3600 pop1 1.00651 0.986777
3600 pop2 1.01387 0.993989
3700 pop1 1.00594 0.986218
3700 pop2 1.01502 0.995122
3800 pop1 1.00589 0.98617
3800 pop2 1.0153 0.995394
3900 pop1 1.00687 0.987127
3900 pop2 1.01351 0.993637
4000 pop1 1.00736 0.987612
4000 pop2 1.01313 0.993269
4100 pop1 1.00549 0.985772
4100 pop2 1.01474 0.99484
4200 pop1 1.00741 0.987652
4200 pop2 1.01343 0.993561
4300 pop1 1.00891 0.989123
4300 pop2 1.01201 0.992164
4400 pop1 1.00708 0.987331
4400 pop2 1.01382 0.993939
4500 pop1 1.00623 0.986496
4500 pop2 1.01464 0.994746
4600 pop1 1.00667 0.986928
4600 pop2 1.01443 0.994542
4700 pop1 1.00901 0.989229
4700 pop2 1.01213 0.992286
4800 pop1 1.00782 0.988055
4800 pop2 1.01272 0.992862
4900 pop1 1.0082 0.98843
4900 pop2 1.01278 0.992926
5000 pop1 1.00796 0.988196
5000 pop2 1.0133 0.993432
