1 pop1 1.0 0.909091
1 pop2 1.0 0.909091
100 pop1 1.01607 0.9237
100 pop2 1.01201 0.920007
200 pop1 1.01322 0.921107
200 pop2 1.01335 0.921229
300 pop1 1.01196 0.919965
300 pop2 1.01589 0.923541
400 pop1 1.01922 0.926564
400 pop2 1.01536 0.923058
500 pop1 1.01128 0.919344
500 pop2 1.01724 0.924764
600 pop1 1.00673 0.915207
600 pop2 1.02097 0.928152
700 pop1 1.01038 0.918525
700 pop2 1.0235 0.930457
800 pop1 1.00594 0.914488
800 pop2 1.01971 0.927012
900 pop1 1.0094 0.917641
900 pop2 1.01368 0.92153
1000 pop1 1.02053 0.927752
1000 pop2 1.01053 0.918666
1100 pop1 1.06366 0.96696
1100 pop2 1.04133 0.946662
1200 pop1 1.05283 0.957114
1200 pop2 1.05135 0.955774
1300 pop1 1.05156 0.955967
1300 pop2 1.05484 0.958943
1400 pop1 1.05146 0.955875
1400 pop2 1.05788 0.961706
1500 pop1 1.04868 0.953347
1500 pop2 1.06052 0.964108
1600 pop1 1.04983 0.954392
1600 pop2 1.0634 0.966731
1700 pop1 1.05178 0.956167
1700 pop2 1.05884 0.962586
1800 pop1 1.05772 0.961566
1800 pop2 1.05285 0.95714
1900 pop1 1.06229 0.965717
1900 pop2 1.04609 0.950995
2000 pop1 1.06592 0.969022
2000 pop2 1.04494 0.949949
2100 pop1 1.06162 0.965105
2100 pop2 1.05141 0.955824
2200 pop1 1.06108 0.964618
2200 pop2 1.0514 0.955822
2300 pop1 1.05597 0.959976
2300 pop2 1.05569 0.95972
2400 pop1 1.05629 0.960264
2400 pop2 1.05707 0.960969
2500 pop1 1.04893 0.953573
2500 pop2 1.06111 0.964642
2600 pop1 1.0593 0.962998
2600 pop2 1.05413 0.958304
2700 pop1 1.06249 0.965904
2700 pop2 1.04713 0.951938
2800 pop1 1.067 0.969999
2800 pop2 1.04455 0.949588
2900 pop1 1.05675 0.960679
2900 pop2 1.05588 0.959888
3000 pop1 1.05422 0.958381
3000 pop2 1.05367 0.957881
3100 pop1 1.06085 0.96441
3100 pop2 1.05194 0.956311
3200 pop1 1.05722 0.961111
3200 pop2 1.05513 0.959209
3300 pop1 1.06351 0.966823
3300 pop2 1.04661 0.951466
3400 pop1 1.06499 0.968168
3400 pop2 1.05052 0.955021
3500 pop1 1.04974 0.954313
3500 pop2 1.06243 0.965841
3600 pop1 1.05108 0.955525
3600 pop2 1.05962 0.963295
3700 pop1 1.04958 0.954167
3700 pop2 1.06252 0.965927
3800 pop1 1.05318 0.957432
3800 pop2 1.05848 0.962254
3900 pop1 1.05876 0.962506
3900 pop2 1.05251 0.956825
4000 pop1 1.06322 0.966563
4000 pop2 1.0482 0.952914
4100 pop1 1.06107 0.96461
4100 pop2 1.04956 0.954148
4200 pop1 1.0561 0.960094
4200 pop2 1.0546 0.958729
4300 pop1 1.05784 0.961672
4300 pop2 1.05623 0.96021
4400 pop1 1.05765 0.961504
4400 pop2 1.05549 0.959535
4500 pop1 1.05242 0.956749
4500 pop2 1.05612 0.960105
4600 pop1 1.04968 0.954258
4600 pop2 1.06044 0.964037
4700 pop1 1.06022 0.963839
4700 pop2 1.05321 0.957463
4800 pop1 1.05586 0.959875
4800 pop2 1.05444 0.958586
4900 pop1 1.05583 0.959843
4900 pop2 1.05447 0.958605
5000 pop1 1.05666 0.960598
5000 pop2 1.05212 0.956473
