1 pop1 1.0 0.909091
1 pop2 1.0 0.909091
100 pop1 1.01906 0.926422
100 pop2 1.01104 0.919123
200 pop1 1.02037 0.927609
200 pop2 1.01223 0.92021
300 pop1 1.01723 0.924759
300 pop2 1.01275 0.920686
400 pop1 1.02251 0.929557
400 pop2 1.00534 0.913948
500 pop1 1.02619 0.9329
500 pop2 1.00138 0.910347
600 pop1 1.01447 0.922247
600 pop2 1.01255 0.920499
700 pop1 1.01103 0.919121
700 pop2 1.01455 0.922319
800 pop1 1.01672 0.924288
800 pop2 1.01239 0.920354
900 pop1 1.00706 0.915508
900 pop2 1.01621 0.923826
1000 pop1 1.01697 0.924514
1000 pop2 1.01415 0.921953
1100 pop1 1.05916 0.96287
1100 pop2 1.03872 0.944289
1200 pop1 1.04239 0.947624
1200 pop2 1.05846 0.962233
1300 pop1 1.03243 0.93857
1300 pop2 1.07248 0.974978
1400 pop1 1.03502 0.940923
1400 pop2 1.06782 0.970745
1500 pop1 1.036 0.94182
1500 pop2 1.06265 0.966048
1600 pop1 1.02618 0.932887
1600 pop2 1.08041 0.982188
1700 pop1 1.03621 0.942012
1700 pop2 1.07079 0.973445
1800 pop1 1.0413 0.946638
1800 pop2 1.06693 0.969932
1900 pop1 1.03502 0.940929
1900 pop2 1.0706 0.973271
2000 pop1 1.04356 0.948695
2000 pop2 1.06529 0.968447
2100 pop1 1.04186 0.94715
2100 pop2 1.06728 0.970259
2200 pop1 1.04886 0.953509
2200 pop2 1.0607 0.964272
2300 pop1 1.05654 0.960492
2300 pop2 1.05724 0.961128
2400 pop1 1.0572 0.961091
2400 pop2 1.05673 0.960666
2500 pop1 1.0627 0.966088
2500 pop2 1.04996 0.954509
2600 pop1 1.05609 0.960083
2600 pop2 1.05474 0.958855
2700 pop1 1.05626 0.960233
2700 pop2 1.05443 0.958577
2800 pop1 1.05428 0.95844
2800 pop2 1.05651 0.960466
2900 pop1 1.05931 0.963012
2900 pop2 1.05228 0.956616
3000 pop1 1.06177 0.965249
3000 pop2 1.04666 0.951508
3100 pop1 1.06512 0.968288
3100 pop2 1.04438 0.949436
3200 pop1 1.05463 0.958754
3200 pop2 1.05415 0.958322
3300 pop1 1.05967 0.963335
3300 pop2 1.05379 0.95799
3400 pop1 1.05844 0.962221
3400 pop2 1.04824 0.952941
3500 pop1 1.05679 0.960714
3500 pop2 1.05633 0.960303
3600 pop1 1.06443 0.967662
3600 pop2 1.04679 0.951627
3700 pop1 1.06284 0.96622
3700 pop2 1.04676 0.951597
3800 pop1 1.0567 0.960638
3800 pop2 1.0527 0.957004
3900 pop1 1.05933 0.963024
3900 pop2 1.0527 0.957003
4000 pop1 1.05798 0.961797
4000 pop2 1.05339 0.957627
4100 pop1 1.05526 0.959327
4100 pop2 1.05471 0.958825
4200 pop1 1.05223 0.956569
4200 pop2 1.0585 0.962276
4300 pop1 1.05164 0.956036
4300 pop2 1.059 0.962725
4400 pop1 1.05512 0.959196
4400 pop2 1.05332 0.957568
4500 pop1 1.05791 0.961734
4500 pop2 1.05509 0.959174
4600 pop1 1.06079 0.964358
4600 pop2 1.04959 0.954171
4700 pop1 1.06366 0.966962
4700 pop2 1.05006 0.954597
4800 pop1 1.06191 0.965372
4800 pop2 1.04654 0.951396
4900 pop1 1.05467 0.95879
4900 pop2 1.05494 0.959033
5000 pop1 1.05023 0.954754
5000 pop2 1.06128 0.964802
