1 pop1 1.0 0.833333
1 pop2 1.0 0.833333
100 pop1 1.07906 0.899218
100 pop2 1.0637 0.886415
200 pop1 1.06876 0.890635
200 pop2 1.07038 0.891982
300 pop1 1.06218 0.88515
300 pop2 1.07485 0.895711
400 pop1 1.06985 0.891541
400 pop2 1.06694 0.889117
500 pop1 1.08283 0.902359
500 pop2 1.06482 0.887352
600 pop1 1.07415 0.895123
600 pop2 1.06788 0.889899
700 pop1 1.06622 0.888518
700 pop2 1.06513 0.887609
800 pop1 1.06588 0.88823
800 pop2 1.07264 0.893866
900 pop1 1.07398 0.89498
900 pop2 1.06891 0.890756
1000 pop1 1.08042 0.90035
1000 pop2 1.06442 0.887013
1100 pop1 1.12961 0.941344
1100 pop2 1.11027 0.925226
1200 pop1 1.12201 0.935006
1200 pop2 1.12185 0.934872
1300 pop1 1.12308 0.935902
1300 pop2 1.12045 0.933708
1400 pop1 1.12319 0.935996
1400 pop2 1.12065 0.933878
1500 pop1 1.12747 0.939556
1500 pop2 1.11368 0.928069
1600 pop1 1.12129 0.934404
1600 pop2 1.11889 0.932408
1700 pop1 1.11808 0.931731
1700 pop2 1.12619 0.938494
1800 pop1 1.1322 0.943501
1800 pop2 1.11171 0.926426
1900 pop1 1.13245 0.943707
1900 pop2 1.11097 0.925807
2000 pop1 1.13218 0.943487
2000 pop2 1.11041 0.92534
2100 pop1 1.12487 0.937388
2100 pop2 1.11833 0.931942
2200 pop1 1.1139 0.928252
2200 pop2 1.12524 0.937698
2300 pop1 1.12335 0.936121
2300 pop2 1.11752 0.931267
2400 pop1 1.13289 0.944078
2400 pop2 1.11394 0.928286
2500 pop1 1.13387 0.944888
2500 pop2 1.11534 0.929454
2600 pop1 1.12721 0.93934
2600 pop2 1.11553 0.929604
2700 pop1 1.12976 0.941463
2700 pop2 1.11686 0.930713
2800 pop1 1.11945 0.932873
2800 pop2 1.12445 0.937043
2900 pop1 1.12705 0.939212
2900 pop2 1.11836 0.931969
3000 pop1 1.12499 0.937494
3000 pop2 1.12051 0.933754
3100 pop1 1.12075 0.933958
3100 pop2 1.12088 0.93407
3200 pop1 1.11972 0.933102
3200 pop2 1.12952 0.94127
3300 pop1 1.12133 0.934442
3300 pop2 1.12025 0.93354
3400 pop1 1.12945 0.941206
3400 pop2 1.11484 0.929031
3500 pop1 1.12396 0.936637
3500 pop2 1.12377 0.936475
3600 pop1 1.1291 0.940913
3600 pop2 1.11726 0.931048
3700 pop1 1.11683 0.93069
3700 pop2 1.12606 0.938385
3800 pop1 1.12708 0.939235
3800 pop2 1.11735 0.931129
3900 pop1 1.1154 0.929504
3900 pop2 1.12703 0.93919
4000 pop1 1.12235 0.935293
4000 pop2 1.12313 0.935943
4100 pop1 1.12136 0.934464
4100 pop2 1.1222 0.935164
4200 pop1 1.11283 0.927358
4200 pop2 1.12419 0.936825
4300 pop1 1.11969 0.933077
4300 pop2 1.12187 0.934891
4400 pop1 1.12079 0.933995
4400 pop2 1.11884 0.932368
4500 pop1 1.1305 0.942083
4500 pop2 1.11313 0.927607
4600 pop1 1.12387 0.936562
4600 pop2 1.12712 0.939265
4700 pop1 1.12304 0.935869
4700 pop2 1.12189 0.93491
4800 pop1 1.12061 0.933839
4800 pop2 1.12341 0.936176
4900 pop1 1.13198 0.943317
4900 pop2 1.11459 0.928825
5000 pop1 1.12538 0.93782
5000 pop2 1.11647 0.930392
