1 pop1 1.0 0.980392
1 pop2 1.0 0.980392
100 pop1 1.00853 0.988754
100 pop2 1.00747 0.987716
200 pop1 1.01041 0.990595
200 pop2 1.00532 0.985604
300 pop1 1.00547 0.985754
300 pop2 1.00722 0.987474
400 pop1 1.00748 0.987723
400 pop2 1.00599 0.98627
500 pop1 1.00954 0.989742
500 pop2 1.00844 0.988669
600 pop1 1.00857 0.988791
600 pop2 1.00877 0.988993
700 pop1 1.00945 0.989657
700 pop2 1.00461 0.984911
800 pop1 1.00949 0.989701
800 pop2 1.00755 0.98779
900 pop1 1.00766 0.9879
900 pop2 1.0098 0.990002
1000 pop1 1.00633 0.986594
1000 pop2 1.00769 0.987931
1100 pop1 1.01233 0.992481
1100 pop2 0.997617 0.978056
1200 pop1 1.01685 0.996908
1200 pop2 0.997722 0.978159
1300 pop1 1.01841 0.99844
1300 pop2 0.997738 0.978174
1400 pop1 1.01813 0.99817
1400 pop2 0.997263 0.977709
1500 pop1 1.01859 0.998619
1500 pop2 0.997953 0.978385
1600 pop1 1.01982 0.99982
1600 pop2 0.998061 0.978491
1700 pop1 1.01973 0.999733
1700 pop2 0.998352 0.978777
1800 pop1 1.02011 1.0001
1800 pop2 0.998516 0.978937
1900 pop1 1.02011 1.0001
1900 pop2 0.998755 0.979172
2000 pop1 1.02011 1.0001
2000 pop2 0.997945 0.978378
2100 pop1 1.02011 1.0001
2100 pop2 0.998619 0.979039
2200 pop1 1.0201 1.0001
2200 pop2 0.999198 0.979606
2300 pop1 1.0201 1.0001
2300 pop2 0.999585 0.979985
2400 pop1 1.0201 1.0001
2400 pop2 0.999465 0.979868
2500 pop1 1.0201 1.0001
2500 pop2 0.999872 0.980267
2600 pop1 1.0201 1.0001
2600 pop2 0.999996 0.980388
2700 pop1 1.0201 1.0001
2700 pop2 1.0 0.980392
2800 pop1 1.0201 1.0001
2800 pop2 1.0 0.980392
2900 pop1 1.0201 1.0001
2900 pop2 1.0 0.980392
3000 pop1 1.0201 1.0001
3000 pop2 1.0 0.980392
3100 pop1 1.0201 1.0001
3100 pop2 1.0 0.980392
3200 pop1 1.0201 1.0001
3200 pop2 1.0 0.980392
3300 pop1 1.0201 1.0001
3300 pop2 1.0 0.980392
3400 pop1 1.0201 1.0001
3400 pop2 1.0 0.980392
3500 pop1 1.0201 1.0001
3500 pop2 1.0 0.980392
3600 pop1 1.0201 1.0001
3600 pop2 1.0 0.980392
3700 pop1 1.0201 1.0001
3700 pop2 1.0 0.980392
3800 pop1 1.0201 1.0001
3800 pop2 1.0 0.980392
3900 pop1 1.0201 1.0001
3900 pop2 1.0 0.980392
4000 pop1 1.0201 1.0001
4000 pop2 1.0 0.980392
4100 pop1 1.0201 1.0001
4100 pop2 1.0 0.980392
4200 pop1 1.0201 1.0001
4200 pop2 1.0 0.980392
4300 pop1 1.0201 1.0001
4300 pop2 1.0 0.980392
4400 pop1 1.0201 1.0001
4400 pop2 1.0 0.980392
4500 pop1 1.0201 1.0001
4500 pop2 1.0 0.980392
4600 pop1 1.0201 1.0001
4600 pop2 1.0 0.980392
4700 pop1 1.0201 1.0001
4700 pop2 1.0 0.980392
4800 pop1 1.0201 1.0001
4800 pop2 1.0 0.980392
4900 pop1 1.0201 1.0001
4900 pop2 1.0 0.980392
5000 pop1 1.0201 1.0001
5000 pop2 1.0 0.980392
