1 pop1 1.0 0.833333
1 pop2 1.0 0.833333
100 pop1 1.19143 0.99286
100 pop2 1.1912 0.992668
200 pop1 1.19214 0.993452
200 pop2 1.18594 0.988285
300 pop1 1.19296 0.994134
300 pop2 1.18757 0.989644
400 pop1 1.19187 0.993225
400 pop2 1.1911 0.99258
500 pop1 1.19126 0.992713
500 pop2 1.19093 0.992441
600 pop1 1.1909 0.99242
600 pop2 1.19221 0.99351
700 pop1 1.18913 0.990942
700 pop2 1.19104 0.992536
800 pop1 1.19381 0.994845
800 pop2 1.18471 0.98726
900 pop1 1.19383 0.99486
900 pop2 1.18693 0.989111
1000 pop1 1.1936 0.994665
1000 pop2 1.19297 0.994145
1100 pop1 1.19146 0.99288
1100 pop2 1.18872 0.990603
1200 pop1 1.19146 0.992884
1200 pop2 1.18734 0.989452
1300 pop1 1.1926 0.99383
1300 pop2 1.1883 0.990248
1400 pop1 1.19414 0.995114
1400 pop2 1.1915 0.99292
1500 pop1 1.18893 0.990778
1500 pop2 1.1923 0.993583
1600 pop1 1.19117 0.992639
1600 pop2 1.19293 0.994107
1700 pop1 1.18929 0.991077
1700 pop2 1.1926 0.993832
1800 pop1 1.18952 0.99127
1800 pop2 1.19157 0.992974
1900 pop1 1.19229 0.993573
1900 pop2 1.1896 0.991335
2000 pop1 1.19291 0.994089
2000 pop2 1.19351 0.994588
2100 pop1 1.19104 0.992531
2100 pop2 1.19433 0.995278
2200 pop1 1.1931 0.994251
2200 pop2 1.18792 0.98993
2300 pop1 1.19124 0.992702
2300 pop2 1.1909 0.992415
2400 pop1 1.1951 0.995918
2400 pop2 1.1916 0.993001
2500 pop1 1.18991 0.991588
2500 pop2 1.18953 0.991274
2600 pop1 1.1901 0.991752
2600 pop2 1.18699 0.989161
2700 pop1 1.1923 0.993586
2700 pop2 1.1959 0.996582
2800 pop1 1.19321 0.994343
2800 pop2 1.19173 0.993109
2900 pop1 1.19268 0.993904
2900 pop2 1.19116 0.992632
3000 pop1 1.19226 0.993552
3000 pop2 1.18592 0.98827
3100 pop1 1.19377 0.994805
3100 pop2 1.19174 0.993114
3200 pop1 1.18693 0.989106
3200 pop2 1.19223 0.993523
3300 pop1 1.19663 0.99719
3300 pop2 1.19275 0.993957
3400 pop1 1.19241 0.993671
3400 pop2 1.1901 0.991747
3500 pop1 1.18959 0.991324
3500 pop2 1.19109 0.992576
3600 pop1 1.19323 0.994355
3600 pop2 1.19208 0.9934
3700 pop1 1.18848 0.990398
3700 pop2 1.19165 0.993038
3800 pop1 1.19099 0.992491
3800 pop2 1.19333 0.994445
3900 pop1 1.19367 0.994724
3900 pop2 1.18962 0.99135
4000 pop1 1.19159 0.992993
4000 pop2 1.19099 0.992491
4100 pop1 1.18826 0.990217
4100 pop2 1.18874 0.990617
4200 pop1 1.18783 0.989862
4200 pop2 1.19198 0.99332
4300 pop1 1.19372 0.994765
4300 pop2 1.19143 0.99286
4400 pop1 1.1886 0.990496
4400 pop2 1.18681 0.989008
4500 pop1 1.18995 0.991622
4500 pop2 1.18956 0.991298
4600 pop1 1.19438 0.995318
4600 pop2 1.19249 0.993738
4700 pop1 1.19244 0.993696
4700 pop2 1.18898 0.99082
4800 pop1 1.19292 0.994104
4800 pop2 1.19037 0.991972
4900 pop1 1.19136 0.992797
4900 pop2 1.19104 0.992537
5000 pop1 1.18474 0.98728
5000 pop2 1.19094 0.992453
