1 pop1 1.0 0.980392
1 pop2 1.0 0.980392
100 pop1 1.00101 0.98138
100 pop2 1.0026 0.982941
200 pop1 0.999022 0.979434
200 pop2 1.00269 0.983029
300 pop1 1.00034 0.980728
300 pop2 1.00198 0.982331
400 pop1 1.00051 0.980893
400 pop2 1.00185 0.982208
500 pop1 0.999573 0.979974
500 pop2 1.0024 0.98274
600 pop1 1.00133 0.981693
600 pop2 0.999563 0.979964
700 pop1 1.00148 0.981839
700 pop2 1.00136 0.981727
800 pop1 1.00014 0.980527
800 pop2 1.00181 0.982171
900 pop1 1.00175 0.982108
900 pop2 0.999573 0.979974
1000 pop1 1.00272 0.983061
1000 pop2 0.999779 0.980176
1100 pop1 1.00628 0.986548
1100 pop2 0.998485 0.978906
1200 pop1 1.00822 0.98845
1200 pop2 1.00062 0.981003
1300 pop1 1.00951 0.989717
1300 pop2 1.00241 0.982758
1400 pop1 1.00864 0.98886
1400 pop2 1.00709 0.987347
1500 pop1 1.00936 0.989571
1500 pop2 1.00905 0.989266
1600 pop1 1.00941 0.989614
1600 pop2 1.00956 0.989769
1700 pop1 1.00963 0.989832
1700 pop2 1.01012 0.990314
1800 pop1 1.00787 0.988112
1800 pop2 1.01136 0.991525
1900 pop1 1.00691 0.987165
1900 pop2 1.013 0.993133
2000 pop1 1.00674 0.987002
2000 pop2 1.01399 0.99411
2100 pop1 1.00539 0.985678
2100 pop2 1.01543 0.995515
2200 pop1 1.00578 0.986063
2200 pop2 1.01503 0.99513
2300 pop1 1.0052 0.985492
2300 pop2 1.01549 0.995581
2400 pop1 1.00509 0.985384
2400 pop2 1.01611 0.996189
2500 pop1 1.00444 0.984743
2500 pop2 1.01555 0.995637
2600 pop1 1.00477 0.985067
2600 pop2 1.01588 0.995963
2700 pop1 1.00444 0.984742
2700 pop2 1.01634 0.996408
2800 pop1 1.00428 0.984584
2800 pop2 1.0166 0.996665
2900 pop1 1.00468 0.984979
2900 pop2 1.01646 0.996533
3000 pop1 1.00416 0.98447
3000 pop2 1.01661 0.996675
3100 pop1 1.00487 0.985169
3100 pop2 1.01535 0.995443
3200 pop1 1.00521 0.985501
3200 pop2 1.01497 0.995068
3300 pop1 1.00404 0.984353
3300 pop2 1.01691 0.996968
3400 pop1 1.00365 0.983972
3400 pop2 1.01661 0.996679
3500 pop1 1.00359 0.98391
3500 pop2 1.01684 0.996905
3600 pop1 1.00359 0.983913
3600 pop2 1.01726 0.997315
3700 pop1 1.00295 0.983289
3700 pop2 1.01779 0.997835
3800 pop1 1.00236 0.982704
3800 pop2 1.01797 0.998012
3900 pop1 1.00244 0.982787
3900 pop2 1.01829 0.998323
4000 pop1 1.00185 0.982207
4000 pop2 1.01854 0.998565
4100 pop1 1.00161 0.981971
4100 pop2 1.01917 0.999183
4200 pop1 1.00043 0.98081
4200 pop2 1.01968 0.999689
4300 pop1 1.0006 0.98098
4300 pop2 1.01987 0.999877
4400 pop1 1.00078 0.981157
4400 pop2 1.01967 0.999673
4500 pop1 1.00025 0.980637
4500 pop2 1.01989 0.999895
4600 pop1 1.0001 0.980494
4600 pop2 1.01983 0.999831
4700 pop1 1.00006 0.980454
4700 pop2 1.01997 0.999973
4800 pop1 1.00038 0.980766
4800 pop2 1.01953 0.999543
4900 pop1 1.00009 0.98048
4900 pop2 1.01997 0.999972
5000 pop1 0.999924 0.980318
5000 pop2 1.02009 1.00009
