1 pop1 1.0 0.980392
1 pop2 1.0 0.980392
100 pop1 1.00017 0.980555
100 pop2 1.00049 0.980868
200 pop1 1.00002 0.980414
200 pop2 1.00105 0.981418
300 pop1 1.0 0.980392
300 pop2 1.00001 0.980404
400 pop1 0.999167 0.979575
400 pop2 1.00127 0.981641
500 pop1 0.999436 0.979839
500 pop2 1.0012 0.981564
600 pop1 0.999367 0.979771
600 pop2 1.00146 0.981825
700 pop1 0.997922 0.978355
700 pop2 1.00347 0.983795
800 pop1 0.997229 0.977676
800 pop2 1.00252 0.982858
900 pop1 0.99787 0.978304
900 pop2 1.00249 0.982831
1000 pop1 0.996997 0.977448
1000 pop2 1.00367 0.983987
1100 pop1 0.999964 0.980357
1100 pop2 1.0031 0.98343
1200 pop1 1.0039 0.984214
1200 pop2 1.00704 0.987292
1300 pop1 1.0061 0.986373
1300 pop2 1.01146 0.991631
1400 pop1 1.00605 0.986328
1400 pop2 1.01191 0.99207
1500 pop1 1.00567 0.985954
1500 pop2 1.01412 0.994239
1600 pop1 1.00613 0.986407
1600 pop2 1.01371 0.993829
1700 pop1 1.00542 0.985707
1700 pop2 1.01533 0.995417
1800 pop1 1.0039 0.984215
1800 pop2 1.01579 0.99587
1900 pop1 1.00486 0.98516
1900 pop2 1.01506 0.995154
2000 pop1 1.00634 0.986608
2000 pop2 1.01387 0.993988
2100 pop1 1.00665 0.986908
2100 pop2 1.01334 0.993467
2200 pop1 1.0077 0.987941
2200 pop2 1.01238 0.992525
2300 pop1 1.00824 0.988467
2300 pop2 1.01197 0.992125
2400 pop1 1.00854 0.988767
2400 pop2 1.01208 0.992231
2500 pop1 1.00812 0.988348
2500 pop2 1.01208 0.992233
2600 pop1 1.00822 0.988447
2600 pop2 1.01225 0.992407
2700 pop1 1.00921 0.989424
2700 pop2 1.01153 0.991696
2800 pop1 1.0097 0.9899
2800 pop2 1.01057 0.99075
2900 pop1 1.0092 0.989409
2900 pop2 1.01141 0.991578
3000 pop1 1.00758 0.987825
3000 pop2 1.0124 0.992552
3100 pop1 1.00747 0.987714
3100 pop2 1.01286 0.992998
3200 pop1 1.00772 0.987964
3200 pop2 1.01251 0.992657
3300 pop1 1.00855 0.988776
3300 pop2 1.01193 0.992088
3400 pop1 1.01027 0.990459
3400 pop2 1.01057 0.99076
3500 pop1 1.0087 0.98892
3500 pop2 1.01165 0.991818
3600 pop1 1.00832 0.988552
3600 pop2 1.01209 0.992244
3700 pop1 1.00796 0.988196
3700 pop2 1.01214 0.992298
3800 pop1 1.00888 0.989094
3800 pop2 1.01122 0.991388
3900 pop1 1.00863 0.988853
3900 pop2 1.0119 0.992055
4000 pop1 1.00767 0.987915
4000 pop2 1.01228 0.992433
4100 pop1 1.00653 0.986793
4100 pop2 1.01405 0.994166
4200 pop1 1.00592 0.986199
4200 pop2 1.01411 0.994222
4300 pop1 1.00651 0.986776
4300 pop2 1.01402 0.994135
4400 pop1 1.00735 0.987599
4400 pop2 1.0133 0.993432
4500 pop1 1.00823 0.988465
4500 pop2 1.01192 0.992074
4600 pop1 1.00971 0.989914
4600 pop2 1.01089 0.991065
4700 pop1 1.01185 0.992007
4700 pop2 1.00878 0.989001
4800 pop1 1.01089 0.991069
4800 pop2 1.00927 0.989483
4900 pop1 1.01185 0.992011
4900 pop2 1.00826 0.988489
5000 pop1 1.01222 0.992368
5000 pop2 1.00823 0.988465
