1 pop1 1.0 0.980392
1 pop2 1.0 0.980392
100 pop1 1.00014 0.98053
100 pop2 1.00303 0.983363
200 pop1 1.00184 0.982195
200 pop2 0.999452 0.979855
300 pop1 0.999102 0.979512
300 pop2 1.00226 0.982609
400 pop1 0.998548 0.978969
400 pop2 1.00313 0.983457
500 pop1 0.998594 0.979013
500 pop2 1.00309 0.983423
600 pop1 0.997942 0.978374
600 pop2 1.00375 0.98407
700 pop1 0.998239 0.978665
700 pop2 1.00351 0.983835
800 pop1 0.997622 0.978061
800 pop2 1.00436 0.984669
900 pop1 1.00063 0.981008
900 pop2 1.0008 0.981174
1000 pop1 1.00051 0.980889
1000 pop2 1.00037 0.980751
1100 pop1 1.01047 0.990654
1100 pop2 0.994501 0.975001
1200 pop1 1.01534 0.995427
1200 pop2 0.992895 0.973426
1300 pop1 1.01657 0.996636
1300 pop2 0.992118 0.972665
1400 pop1 1.01796 0.998002
1400 pop2 0.992125 0.972671
1500 pop1 1.01838 0.998413
1500 pop2 0.991394 0.971955
1600 pop1 1.01991 0.999915
1600 pop2 0.991535 0.972093
1700 pop1 1.02012 1.00012
1700 pop2 0.99194 0.97249
1800 pop1 1.02012 1.00012
1800 pop2 0.992326 0.972868
1900 pop1 1.02012 1.00012
1900 pop2 0.992738 0.973273
2000 pop1 1.02011 1.00011
2000 pop2 0.995634 0.976111
2100 pop1 1.02011 1.0001
2100 pop2 0.996944 0.977397
2200 pop1 1.0201 1.0001
2200 pop2 0.998456 0.978879
2300 pop1 1.0201 1.0001
2300 pop2 0.99828 0.978706
2400 pop1 1.0201 1.0001
2400 pop2 0.999322 0.979727
2500 pop1 1.0201 1.0001
2500 pop2 0.999789 0.980185
2600 pop1 1.0201 1.0001
2600 pop2 0.999956 0.980349
2700 pop1 1.0201 1.0001
2700 pop2 1.0 0.980392
2800 pop1 1.0201 1.0001
2800 pop2 1.0 0.980392
2900 pop1 1.0201 1.0001
2900 pop2 1.0 0.980392
3000 pop1 1.0201 1.0001
3000 pop2 1.0 0.980392
3100 pop1 1.0201 1.0001
3100 pop2 1.0 0.980392
3200 pop1 1.0201 1.0001
3200 pop2 1.0 0.980392
3300 pop1 1.0201 1.0001
3300 pop2 1.0 0.980392
3400 pop1 1.0201 1.0001
3400 pop2 1.0 0.980392
3500 pop1 1.0201 1.0001
3500 pop2 1.0 0.980392
3600 pop1 1.0201 1.0001
3600 pop2 1.0 0.980392
3700 pop1 1.0201 1.0001
3700 pop2 1.0 0.980392
3800 pop1 1.0201 1.0001
3800 pop2 1.0 0.980392
3900 pop1 1.0201 1.0001
3900 pop2 1.0 0.980392
4000 pop1 1.0201 1.0001
4000 pop2 1.0 0.980392
4100 pop1 1.0201 1.0001
4100 pop2 1.0 0.980392
4200 pop1 1.0201 1.0001
4200 pop2 1.0 0.980392
4300 pop1 1.0201 1.0001
4300 pop2 1.0 0.980392
4400 pop1 1.0201 1.0001
4400 pop2 1.0 0.980392
4500 pop1 1.0201 1.0001
4500 pop2 1.0 0.980392
4600 pop1 1.0201 1.0001
4600 pop2 1.0 0.980392
4700 pop1 1.0201 1.0001
4700 pop2 1.0 0.980392
4800 pop1 1.0201 1.0001
4800 pop2 1.0 0.980392
4900 pop1 1.0201 1.0001
4900 pop2 1.0 0.980392
5000 pop1 1.0201 1.0001
5000 pop2 1.0 0.980392
