1 pop1 1.0 0.980392
1 pop2 1.0 0.980392
100 pop1 1.00822 0.988451
100 pop2 1.00673 0.986992
200 pop1 1.01076 0.990946
200 pop2 1.00586 0.986134
300 pop1 1.00977 0.98997
300 pop2 1.00485 0.985145
400 pop1 1.01032 0.990512
400 pop2 1.00474 0.985043
500 pop1 1.0111 0.991278
500 pop2 1.00711 0.98736
600 pop1 1.00936 0.989569
600 pop2 1.00876 0.988976
700 pop1 1.00954 0.989746
700 pop2 1.00851 0.988738
800 pop1 1.0061 0.986376
800 pop2 1.00871 0.988936
900 pop1 1.00729 0.987535
900 pop2 1.0092 0.989414
1000 pop1 1.00936 0.989573
1000 pop2 1.00752 0.987769
1100 pop1 1.01331 0.993445
1100 pop2 0.996033 0.976503
1200 pop1 1.01516 0.99525
1200 pop2 0.995451 0.975932
1300 pop1 1.016 0.996077
1300 pop2 0.995615 0.976093
1400 pop1 1.01829 0.998327
1400 pop2 0.995443 0.975925
1500 pop1 1.01974 0.999743
1500 pop2 0.995267 0.975752
1600 pop1 1.0194 0.999407
1600 pop2 0.996147 0.976614
1700 pop1 1.01964 0.999643
1700 pop2 0.99629 0.976754
1800 pop1 1.01777 0.997812
1800 pop2 0.996298 0.976763
1900 pop1 1.01926 0.999278
1900 pop2 0.996289 0.976754
2000 pop1 1.01926 0.999278
2000 pop2 0.99741 0.977853
2100 pop1 1.02 1.0
2100 pop2 0.997095 0.977544
2200 pop1 1.02011 1.0001
2200 pop2 0.997119 0.977568
2300 pop1 1.02011 1.0001
2300 pop2 0.998185 0.978612
2400 pop1 1.02011 1.0001
2400 pop2 0.998568 0.978988
2500 pop1 1.0201 1.0001
2500 pop2 0.998739 0.979156
2600 pop1 1.0201 1.0001
2600 pop2 0.999533 0.979934
2700 pop1 1.0201 1.0001
2700 pop2 0.999812 0.980208
2800 pop1 1.0201 1.0001
2800 pop2 0.999916 0.98031
2900 pop1 1.0201 1.0001
2900 pop2 0.999932 0.980326
3000 pop1 1.0201 1.0001
3000 pop2 0.99994 0.980333
3100 pop1 1.0201 1.0001
3100 pop2 1.0 0.980392
3200 pop1 1.0201 1.0001
3200 pop2 1.0 0.980392
3300 pop1 1.0201 1.0001
3300 pop2 1.0 0.980392
3400 pop1 1.0201 1.0001
3400 pop2 1.0 0.980392
3500 pop1 1.0201 1.0001
3500 pop2 1.0 0.980392
3600 pop1 1.0201 1.0001
3600 pop2 1.0 0.980392
3700 pop1 1.0201 1.0001
3700 pop2 1.0 0.980392
3800 pop1 1.0201 1.0001
3800 pop2 1.0 0.980392
3900 pop1 1.0201 1.0001
3900 pop2 1.0 0.980392
4000 pop1 1.0201 1.0001
4000 pop2 1.0 0.980392
4100 pop1 1.0201 1.0001
4100 pop2 1.0 0.980392
4200 pop1 1.0201 1.0001
4200 pop2 1.0 0.980392
4300 pop1 1.0201 1.0001
4300 pop2 1.0 0.980392
4400 pop1 1.0201 1.0001
4400 pop2 1.0 0.980392
4500 pop1 1.0201 1.0001
4500 pop2 1.0 0.980392
4600 pop1 1.0201 1.0001
4600 pop2 1.0 0.980392
4700 pop1 1.0201 1.0001
4700 pop2 1.0 0.980392
4800 pop1 1.0201 1.0001
4800 pop2 1.0 0.980392
4900 pop1 1.0201 1.0001
4900 pop2 1.0 0.980392
5000 pop1 1.0201 1.0001
5000 pop2 1.0 0.980392
