1 pop1 1.0 0.833333
1 pop2 1.0 0.833333
100 pop1 1.19288 0.994069
100 pop2 1.19101 0.99251
200 pop1 1.19251 0.993757
200 pop2 1.18897 0.990804
300 pop1 1.19263 0.993855
300 pop2 1.19413 0.99511
400 pop1 1.19276 0.993966
400 pop2 1.18842 0.990351
500 pop1 1.18714 0.989284
500 pop2 1.18951 0.991255
600 pop1 1.19086 0.992383
600 pop2 1.19032 0.991937
700 pop1 1.19506 0.995886
700 pop2 1.1881 0.990083
800 pop1 1.19282 0.994018
800 pop2 1.19338 0.994481
900 pop1 1.18937 0.99114
900 pop2 1.19104 0.992535
1000 pop1 1.19486 0.995713
1000 pop2 1.18684 0.989033
1100 pop1 1.19826 0.998552
1100 pop2 0.991788 0.82649
1200 pop1 1.20013 1.0001
1200 pop2 0.993608 0.828006
1300 pop1 1.20465 1.00387
1300 pop2 0.995437 0.829531
1400 pop1 1.20599 1.00499
1400 pop2 0.996767 0.830639
1500 pop1 1.20818 1.00682
1500 pop2 0.997816 0.831513
1600 pop1 1.20896 1.00747
1600 pop2 0.999259 0.832716
1700 pop1 1.20997 1.00831
1700 pop2 0.999688 0.833073
1800 pop1 1.21 1.00833
1800 pop2 1.0 0.833333
1900 pop1 1.21 1.00833
1900 pop2 1.0 0.833333
2000 pop1 1.21 1.00833
2000 pop2 1.0 0.833333
2100 pop1 1.21 1.00833
2100 pop2 1.0 0.833333
2200 pop1 1.21 1.00833
2200 pop2 1.0 0.833333
2300 pop1 1.21 1.00833
2300 pop2 1.0 0.833333
2400 pop1 1.21 1.00833
2400 pop2 1.0 0.833333
2500 pop1 1.21 1.00833
2500 pop2 1.0 0.833333
2600 pop1 1.21 1.00833
2600 pop2 1.0 0.833333
2700 pop1 1.21 1.00833
2700 pop2 1.0 0.833333
2800 pop1 1.21 1.00833
2800 pop2 1.0 0.833333
2900 pop1 1.21 1.00833
2900 pop2 1.0 0.833333
3000 pop1 1.21 1.00833
3000 pop2 1.0 0.833333
3100 pop1 1.21 1.00833
3100 pop2 1.0 0.833333
3200 pop1 1.21 1.00833
3200 pop2 1.0 0.833333
3300 pop1 1.21 1.00833
3300 pop2 1.0 0.833333
3400 pop1 1.21 1.00833
3400 pop2 1.0 0.833333
3500 pop1 1.21 1.00833
3500 pop2 1.0 0.833333
3600 pop1 1.21 1.00833
3600 pop2 1.0 0.833333
3700 pop1 1.21 1.00833
3700 pop2 1.0 0.833333
3800 pop1 1.21 1.00833
3800 pop2 1.0 0.833333
3900 pop1 1.21 1.00833
3900 pop2 1.0 0.833333
4000 pop1 1.21 1.00833
4000 pop2 1.0 0.833333
4100 pop1 1.21 1.00833
4100 pop2 1.0 0.833333
4200 pop1 1.21 1.00833
4200 pop2 1.0 0.833333
4300 pop1 1.21 1.00833
4300 pop2 1.0 0.833333
4400 pop1 1.21 1.00833
4400 pop2 1.0 0.833333
4500 pop1 1.21 1.00833
4500 pop2 1.0 0.833333
4600 pop1 1.21 1.00833
4600 pop2 1.0 0.833333
4700 pop1 1.21 1.00833
4700 pop2 1.0 0.833333
4800 pop1 1.21 1.00833
4800 pop2 1.0 0.833333
4900 pop1 1.21 1.00833
4900 pop2 1.0 0.833333
5000 pop1 1.21 1.00833
5000 pop2 1.0 0.833333
