1 pop1 1.0 0.980392
1 pop2 1.0 0.980392
100 pop1 1.00514 0.985431
100 pop2 0.99713 0.977578
200 pop1 1.00605 0.986327
200 pop2 0.995347 0.97583
300 pop1 1.00719 0.987443
300 pop2 0.993781 0.974295
400 pop1 1.01 0.990198
400 pop2 0.991538 0.972096
500 pop1 1.01092 0.991097
500 pop2 0.989742 0.970336
600 pop1 1.01221 0.992365
600 pop2 0.988155 0.968779
700 pop1 1.01286 0.993004
700 pop2 0.988648 0.969263
800 pop1 1.0125 0.992643
800 pop2 0.988555 0.969171
900 pop1 1.01321 0.993345
900 pop2 0.988068 0.968694
1000 pop1 1.01434 0.994448
1000 pop2 0.987124 0.967769
1100 pop1 1.01642 0.996491
1100 pop2 0.992914 0.973445
1200 pop1 1.01729 0.997347
1200 pop2 0.991756 0.97231
1300 pop1 1.01757 0.997615
1300 pop2 0.991347 0.971909
1400 pop1 1.01876 0.998785
1400 pop2 0.990858 0.971429
1500 pop1 1.01848 0.998508
1500 pop2 0.991311 0.971873
1600 pop1 1.01855 0.998578
1600 pop2 0.991993 0.972542
1700 pop1 1.01906 0.999075
1700 pop2 0.99141 0.97197
1800 pop1 1.01953 0.999536
1800 pop2 0.991179 0.971744
1900 pop1 1.0196 0.999604
1900 pop2 0.992733 0.973268
2000 pop1 1.01996 0.999963
2000 pop2 0.994129 0.974636
2100 pop1 1.02011 1.00011
2100 pop2 0.993922 0.974433
2200 pop1 1.02011 1.00011
2200 pop2 0.995664 0.976141
2300 pop1 1.02011 1.00011
2300 pop2 0.996953 0.977405
2400 pop1 1.02011 1.0001
2400 pop2 0.99779 0.978226
2500 pop1 1.0201 1.0001
2500 pop2 0.998915 0.979328
2600 pop1 1.0201 1.0001
2600 pop2 0.999226 0.979633
2700 pop1 1.0201 1.0001
2700 pop2 0.999777 0.980173
2800 pop1 1.0201 1.0001
2800 pop2 0.999816 0.980212
2900 pop1 1.0201 1.0001
2900 pop2 0.999876 0.980271
3000 pop1 1.0201 1.0001
3000 pop2 1.0 0.980392
3100 pop1 1.0201 1.0001
3100 pop2 1.0 0.980392
3200 pop1 1.0201 1.0001
3200 pop2 1.0 0.980392
3300 pop1 1.0201 1.0001
3300 pop2 1.0 0.980392
3400 pop1 1.0201 1.0001
3400 pop2 1.0 0.980392
3500 pop1 1.0201 1.0001
3500 pop2 1.0 0.980392
3600 pop1 1.0201 1.0001
3600 pop2 1.0 0.980392
3700 pop1 1.0201 1.0001
3700 pop2 1.0 0.980392
3800 pop1 1.0201 1.0001
3800 pop2 1.0 0.980392
3900 pop1 1.0201 1.0001
3900 pop2 1.0 0.980392
4000 pop1 1.0201 1.0001
4000 pop2 1.0 0.980392
4100 pop1 1.0201 1.0001
4100 pop2 1.0 0.980392
4200 pop1 1.0201 1.0001
4200 pop2 1.0 0.980392
4300 pop1 1.0201 1.0001
4300 pop2 1.0 0.980392
4400 pop1 1.0201 1.0001
4400 pop2 1.0 0.980392
4500 pop1 1.0201 1.0001
4500 pop2 1.0 0.980392
4600 pop1 1.0201 1.0001
4600 pop2 1.0 0.980392
4700 pop1 1.0201 1.0001
4700 pop2 1.0 0.980392
4800 pop1 1.0201 1.0001
4800 pop2 1.0 0.980392
4900 pop1 1.0201 1.0001
4900 pop2 1.0 0.980392
5000 pop1 1.0201 1.0001
5000 pop2 1.0 0.980392
