1 pop1 1.0 0.980392
1 pop2 1.0 0.980392
100 pop1 1.00528 0.985571
100 pop2 1.00955 0.989758
200 pop1 1.00771 0.98795
200 pop2 1.01058 0.990762
300 pop1 1.00469 0.984994
300 pop2 1.01075 0.990927
400 pop1 1.00833 0.988562
400 pop2 1.00807 0.988303
500 pop1 1.00694 0.9872
500 pop2 1.00891 0.989129
600 pop1 1.00628 0.986547
600 pop2 1.00883 0.98905
700 pop1 1.00704 0.987296
700 pop2 1.00958 0.989783
800 pop1 1.00694 0.987192
800 pop2 1.00877 0.988988
900 pop1 1.00824 0.988467
900 pop2 1.00762 0.98786
1000 pop1 1.00938 0.989587
1000 pop2 1.00854 0.988765
1100 pop1 1.01211 0.992264
1100 pop2 0.998173 0.978601
1200 pop1 1.0153 0.995387
1200 pop2 0.997019 0.97747
1300 pop1 1.01782 0.997858
1300 pop2 0.99611 0.976578
1400 pop1 1.01855 0.998577
1400 pop2 0.995862 0.976336
1500 pop1 1.01903 0.999051
1500 pop2 0.995607 0.976085
1600 pop1 1.01931 0.999328
1600 pop2 0.99518 0.975667
1700 pop1 1.01911 0.999131
1700 pop2 0.995595 0.976074
1800 pop1 1.01974 0.999747
1800 pop2 0.99593 0.976402
1900 pop1 1.02009 1.00009
1900 pop2 0.995579 0.976058
2000 pop1 1.02011 1.00011
2000 pop2 0.995328 0.975811
2100 pop1 1.02011 1.00011
2100 pop2 0.995487 0.975968
2200 pop1 1.02011 1.00011
2200 pop2 0.995663 0.97614
2300 pop1 1.02011 1.00011
2300 pop2 0.995767 0.976242
2400 pop1 1.02011 1.00011
2400 pop2 0.995894 0.976367
2500 pop1 1.02011 1.00011
2500 pop2 0.995986 0.976457
2600 pop1 1.02011 1.00011
2600 pop2 0.995635 0.976113
2700 pop1 1.02011 1.00011
2700 pop2 0.996493 0.976954
2800 pop1 1.02011 1.00011
2800 pop2 0.996497 0.976958
2900 pop1 1.02011 1.0001
2900 pop2 0.997662 0.9781
3000 pop1 1.0201 1.0001
3000 pop2 0.998919 0.979332
3100 pop1 1.0201 1.0001
3100 pop2 0.998803 0.979219
3200 pop1 1.0201 1.0001
3200 pop2 0.999485 0.979888
3300 pop1 1.0201 1.0001
3300 pop2 0.99986 0.980255
3400 pop1 1.0201 1.0001
3400 pop2 0.999968 0.980361
3500 pop1 1.0201 1.0001
3500 pop2 0.999673 0.980071
3600 pop1 1.0201 1.0001
3600 pop2 0.999789 0.980185
3700 pop1 1.0201 1.0001
3700 pop2 0.999996 0.980388
3800 pop1 1.0201 1.0001
3800 pop2 1.0 0.980392
3900 pop1 1.0201 1.0001
3900 pop2 1.0 0.980392
4000 pop1 1.0201 1.0001
4000 pop2 1.0 0.980392
4100 pop1 1.0201 1.0001
4100 pop2 1.0 0.980392
4200 pop1 1.0201 1.0001
4200 pop2 1.0 0.980392
4300 pop1 1.0201 1.0001
4300 pop2 1.0 0.980392
4400 pop1 1.0201 1.0001
4400 pop2 1.0 0.980392
4500 pop1 1.0201 1.0001
4500 pop2 1.0 0.980392
4600 pop1 1.0201 1.0001
4600 pop2 1.0 0.980392
4700 pop1 1.0201 1.0001
4700 pop2 1.0 0.980392
4800 pop1 1.0201 1.0001
4800 pop2 1.0 0.980392
4900 pop1 1.0201 1.0001
4900 pop2 1.0 0.980392
5000 pop1 1.0201 1.0001
5000 pop2 1.0 0.980392
