1 pop1 1.0 0.909091
1 pop2 1.0 0.909091
100 pop1 1.08394 0.985401
100 pop2 1.08613 0.987394
200 pop1 1.08121 0.982917
200 pop2 1.08338 0.984895
300 pop1 1.07754 0.979581
300 pop2 1.08859 0.989631
400 pop1 1.08782 0.988928
400 pop2 1.0851 0.986454
500 pop1 1.08467 0.986062
500 pop2 1.08419 0.985624
600 pop1 1.08655 0.987773
600 pop2 1.08342 0.98493
700 pop1 1.08674 0.987949
700 pop2 1.08461 0.986011
800 pop1 1.08623 0.987485
800 pop2 1.08392 0.98538
900 pop1 1.08314 0.984669
900 pop2 1.08485 0.98623
1000 pop1 1.08535 0.986685
1000 pop2 1.08226 0.983876
1100 pop1 1.09542 0.995835
1100 pop2 1.0 0.909091
1200 pop1 1.09526 0.995687
1200 pop2 1.0 0.909091
1300 pop1 1.09843 0.998575
1300 pop2 1.0 0.909091
1400 pop1 1.10117 1.00107
1400 pop2 1.0 0.909091
1500 pop1 1.10196 1.00178
1500 pop2 1.0 0.909091
1600 pop1 1.1025 1.00227
1600 pop2 1.0 0.909091
1700 pop1 1.10246 1.00223
1700 pop2 1.0 0.909091
1800 pop1 1.1025 1.00227
1800 pop2 1.0 0.909091
1900 pop1 1.1025 1.00227
1900 pop2 1.0 0.909091
2000 pop1 1.1025 1.00227
2000 pop2 1.0 0.909091
2100 pop1 1.1025 1.00227
2100 pop2 1.0 0.909091
2200 pop1 1.1025 1.00227
2200 pop2 1.0 0.909091
2300 pop1 1.1025 1.00227
2300 pop2 1.0 0.909091
2400 pop1 1.1025 1.00227
2400 pop2 1.0 0.909091
2500 pop1 1.1025 1.00227
2500 pop2 1.0 0.909091
2600 pop1 1.1025 1.00227
2600 pop2 1.0 0.909091
2700 pop1 1.1025 1.00227
2700 pop2 1.0 0.909091
2800 pop1 1.1025 1.00227
2800 pop2 1.0 0.909091
2900 pop1 1.1025 1.00227
2900 pop2 1.0 0.909091
3000 pop1 1.1025 1.00227
3000 pop2 1.0 0.909091
3100 pop1 1.1025 1.00227
3100 pop2 1.0 0.909091
3200 pop1 1.1025 1.00227
3200 pop2 1.0 0.909091
3300 pop1 1.1025 1.00227
3300 pop2 1.0 0.909091
3400 pop1 1.1025 1.00227
3400 pop2 1.0 0.909091
3500 pop1 1.1025 1.00227
3500 pop2 1.0 0.909091
3600 pop1 1.1025 1.00227
3600 pop2 1.0 0.909091
3700 pop1 1.1025 1.00227
3700 pop2 1.0 0.909091
3800 pop1 1.1025 1.00227
3800 pop2 1.0 0.909091
3900 pop1 1.1025 1.00227
3900 pop2 1.0 0.909091
4000 pop1 1.1025 1.00227
4000 pop2 1.0 0.909091
4100 pop1 1.1025 1.00227
4100 pop2 1.0 0.909091
4200 pop1 1.1025 1.00227
4200 pop2 1.0 0.909091
4300 pop1 1.1025 1.00227
4300 pop2 1.0 0.909091
4400 pop1 1.1025 1.00227
4400 pop2 1.0 0.909091
4500 pop1 1.1025 1.00227
4500 pop2 1.0 0.909091
4600 pop1 1.1025 1.00227
4600 pop2 1.0 0.909091
4700 pop1 1.1025 1.00227
4700 pop2 1.0 0.909091
4800 pop1 1.1025 1.00227
4800 pop2 1.0 0.909091
4900 pop1 1.1025 1.00227
4900 pop2 1.0 0.909091
5000 pop1 1.1025 1.00227
5000 pop2 1.0 0.909091
