1 pop1 1.0 0.833333
1 pop2 1.0 0.833333
100 pop1 1.06835 0.890294
100 pop2 1.06726 0.889385
200 pop1 1.06772 0.889769
200 pop2 1.07813 0.898439
300 pop1 1.07028 0.8919
300 pop2 1.07313 0.894277
400 pop1 1.06627 0.888558
400 pop2 1.08052 0.900432
500 pop1 1.05657 0.880478
500 pop2 1.08328 0.90273
600 pop1 1.06798 0.889985
600 pop2 1.07558 0.896317
700 pop1 1.0616 0.884663
700 pop2 1.07391 0.894923
800 pop1 1.07291 0.894094
800 pop2 1.0624 0.885333
900 pop1 1.07478 0.895652
900 pop2 1.07284 0.89403
1000 pop1 1.06747 0.88956
1000 pop2 1.0705 0.892086
1100 pop1 1.11255 0.927129
1100 pop2 1.13346 0.944548
1200 pop1 1.10804 0.923366
1200 pop2 1.13133 0.942772
1300 pop1 1.09505 0.912542
1300 pop2 1.14424 0.953532
1400 pop1 1.11199 0.926655
1400 pop2 1.1335 0.944587
1500 pop1 1.1124 0.926997
1500 pop2 1.12583 0.938192
1600 pop1 1.11611 0.930088
1600 pop2 1.1301 0.941752
1700 pop1 1.11284 0.927368
1700 pop2 1.12733 0.939443
1800 pop1 1.11802 0.931684
1800 pop2 1.12208 0.935068
1900 pop1 1.12566 0.93805
1900 pop2 1.11481 0.929011
2000 pop1 1.1234 0.936171
2000 pop2 1.11599 0.929988
2100 pop1 1.12154 0.934614
2100 pop2 1.12261 0.935507
2200 pop1 1.12365 0.936372
2200 pop2 1.11957 0.932975
2300 pop1 1.12022 0.933515
2300 pop2 1.11935 0.932794
2400 pop1 1.12951 0.94126
2400 pop2 1.11298 0.927479
2500 pop1 1.13074 0.942286
2500 pop2 1.11759 0.931329
2600 pop1 1.12465 0.937206
2600 pop2 1.11649 0.93041
2700 pop1 1.13313 0.944274
2700 pop2 1.1145 0.928753
2800 pop1 1.11561 0.929673
2800 pop2 1.1275 0.939582
2900 pop1 1.12762 0.939683
2900 pop2 1.11585 0.929872
3000 pop1 1.13002 0.941686
3000 pop2 1.1164 0.930335
3100 pop1 1.12663 0.938856
3100 pop2 1.12527 0.937729
3200 pop1 1.12427 0.936893
3200 pop2 1.12048 0.933735
3300 pop1 1.12895 0.940791
3300 pop2 1.11812 0.931766
3400 pop1 1.13159 0.942991
3400 pop2 1.10994 0.924953
3500 pop1 1.12718 0.939318
3500 pop2 1.1164 0.930332
3600 pop1 1.13236 0.943633
3600 pop2 1.11459 0.928827
3700 pop1 1.13544 0.9462
3700 pop2 1.11048 0.925398
3800 pop1 1.13375 0.944795
3800 pop2 1.11109 0.925906
3900 pop1 1.12228 0.935237
3900 pop2 1.12004 0.933365
4000 pop1 1.11764 0.93137
4000 pop2 1.12299 0.935822
4100 pop1 1.12588 0.93823
4100 pop2 1.1196 0.932998
4200 pop1 1.12355 0.936288
4200 pop2 1.11809 0.931743
4300 pop1 1.11939 0.932828
4300 pop2 1.1249 0.937414
4400 pop1 1.12582 0.938182
4400 pop2 1.12015 0.933457
4500 pop1 1.12673 0.938939
4500 pop2 1.11548 0.929571
4600 pop1 1.12411 0.936757
4600 pop2 1.11691 0.930754
4700 pop1 1.11735 0.931125
4700 pop2 1.1241 0.936747
4800 pop1 1.12296 0.935803
4800 pop2 1.117 0.93083
4900 pop1 1.11845 0.932044
4900 pop2 1.11965 0.93304
5000 pop1 1.12836 0.940297
5000 pop2 1.1163 0.930251
