1 pop1 1.0 0.909091
1 pop2 1.0 0.909091
100 pop1 1.07817 0.980157
100 pop2 1.07664 0.978764
200 pop1 1.0772 0.97927
200 pop2 1.08103 0.982756
300 pop1 1.08222 0.983834
300 pop2 1.08349 0.984987
400 pop1 1.08047 0.982245
400 pop2 1.08141 0.983097
500 pop1 1.08322 0.984749
500 pop2 1.08268 0.984256
600 pop1 1.08176 0.983416
600 pop2 1.07848 0.980434
700 pop1 1.08195 0.98359
700 pop2 1.08473 0.986114
800 pop1 1.07919 0.981078
800 pop2 1.08174 0.983397
900 pop1 1.08464 0.98604
900 pop2 1.08663 0.98785
1000 pop1 1.08098 0.982711
1000 pop2 1.07713 0.979212
1100 pop1 1.08554 0.986853
1100 pop2 1.07483 0.977123
1200 pop1 1.08416 0.985603
1200 pop2 1.08633 0.987571
1300 pop1 1.08418 0.985616
1300 pop2 1.08281 0.984372
1400 pop1 1.08391 0.985371
1400 pop2 1.08611 0.987371
1500 pop1 1.08337 0.984886
1500 pop2 1.08256 0.984147
1600 pop1 1.08623 0.987479
1600 pop2 1.08348 0.984983
1700 pop1 1.08632 0.987566
1700 pop2 1.08443 0.985845
1800 pop1 1.08442 0.985834
1800 pop2 1.08846 0.989509
1900 pop1 1.08637 0.98761
1900 pop2 1.08378 0.985252
2000 pop1 1.08517 0.986521
2000 pop2 1.08328 0.984804
2100 pop1 1.09021 0.991104
2100 pop2 1.08548 0.9868
2200 pop1 1.09091 0.991741
2200 pop2 1.0802 0.982001
2300 pop1 1.08663 0.987848
2300 pop2 1.08525 0.986591
2400 pop1 1.08276 0.984327
2400 pop2 1.08696 0.98815
2500 pop1 1.08699 0.988168
2500 pop2 1.0775 0.979544
2600 pop1 1.08378 0.985256
2600 pop2 1.08404 0.985492
2700 pop1 1.08375 0.98523
2700 pop2 1.08333 0.984843
2800 pop1 1.08039 0.982177
2800 pop2 1.0856 0.986911
2900 pop1 1.08602 0.987287
2900 pop2 1.08659 0.987811
3000 pop1 1.0822 0.983818
3000 pop2 1.08453 0.985934
3100 pop1 1.08421 0.985643
3100 pop2 1.08792 0.989017
3200 pop1 1.08058 0.982347
3200 pop2 1.08419 0.98563
3300 pop1 1.0852 0.986545
3300 pop2 1.08411 0.985555
3400 pop1 1.08377 0.985242
3400 pop2 1.0848 0.98618
3500 pop1 1.08324 0.984764
3500 pop2 1.08533 0.986664
3600 pop1 1.089 0.99
3600 pop2 1.08387 0.98534
3700 pop1 1.08408 0.985523
3700 pop2 1.08528 0.98662
3800 pop1 1.08659 0.987805
3800 pop2 1.08705 0.988225
3900 pop1 1.08928 0.990252
3900 pop2 1.08306 0.984604
4000 pop1 1.08641 0.987644
4000 pop2 1.08348 0.984983
4100 pop1 1.08853 0.989576
4100 pop2 1.08791 0.989006
4200 pop1 1.08608 0.987345
4200 pop2 1.08369 0.985174
4300 pop1 1.08801 0.989101
4300 pop2 1.08421 0.985643
4400 pop1 1.08337 0.984883
4400 pop2 1.08449 0.985902
4500 pop1 1.08843 0.989481
4500 pop2 1.08593 0.987213
4600 pop1 1.0836 0.985095
4600 pop2 1.0829 0.984453
4700 pop1 1.08117 0.982881
4700 pop2 1.08873 0.989756
4800 pop1 1.08422 0.985654
4800 pop2 1.08253 0.984119
4900 pop1 1.08694 0.988127
4900 pop2 1.08637 0.987606
5000 pop1 1.08518 0.986531
5000 pop2 1.08372 0.985204
