1 pop1 1.0 0.909091
1 pop2 1.0 0.909091
100 pop1 1.03642 0.942202
100 pop2 1.03259 0.938719
200 pop1 1.03074 0.937037
200 pop2 1.03863 0.944207
300 pop1 1.03672 0.942475
300 pop2 1.03489 0.940812
400 pop1 1.03402 0.940022
400 pop2 1.04035 0.945772
500 pop1 1.03419 0.940169
500 pop2 1.0328 0.938905
600 pop1 1.03748 0.943161
600 pop2 1.02769 0.934262
700 pop1 1.0342 0.940178
700 pop2 1.03788 0.943524
800 pop1 1.03831 0.943915
800 pop2 1.03063 0.936935
900 pop1 1.02776 0.934325
900 pop2 1.04727 0.952062
1000 pop1 1.03968 0.945161
1000 pop2 1.02693 0.933576
1100 pop1 1.06154 0.965033
1100 pop2 1.0557 0.959728
1200 pop1 1.05581 0.959829
1200 pop2 1.06347 0.966795
1300 pop1 1.05788 0.961708
1300 pop2 1.06318 0.966524
1400 pop1 1.04899 0.953628
1400 pop2 1.07074 0.973401
1500 pop1 1.0539 0.95809
1500 pop2 1.06983 0.972576
1600 pop1 1.0524 0.956724
1600 pop2 1.06835 0.971224
1700 pop1 1.05595 0.959952
1700 pop2 1.06533 0.968481
1800 pop1 1.0595 0.963184
1800 pop2 1.06202 0.965473
1900 pop1 1.06315 0.966501
1900 pop2 1.05836 0.962142
2000 pop1 1.06352 0.966839
2000 pop2 1.05992 0.963563
2100 pop1 1.05846 0.962234
2100 pop2 1.0675 0.970453
2200 pop1 1.06279 0.966177
2200 pop2 1.06122 0.964743
2300 pop1 1.05934 0.963034
2300 pop2 1.06126 0.96478
2400 pop1 1.05819 0.961989
2400 pop2 1.0604 0.964002
2500 pop1 1.05781 0.961644
2500 pop2 1.06722 0.9702
2600 pop1 1.05789 0.961721
2600 pop2 1.06605 0.969139
2700 pop1 1.05997 0.96361
2700 pop2 1.06489 0.968078
2800 pop1 1.05794 0.961761
2800 pop2 1.06286 0.966237
2900 pop1 1.05998 0.963614
2900 pop2 1.06646 0.969505
3000 pop1 1.06097 0.964515
3000 pop2 1.0617 0.965181
3100 pop1 1.06593 0.96903
3100 pop2 1.05814 0.961949
3200 pop1 1.06082 0.964378
3200 pop2 1.05968 0.96335
3300 pop1 1.06079 0.964354
3300 pop2 1.06096 0.964505
3400 pop1 1.06375 0.967041
3400 pop2 1.05945 0.963139
3500 pop1 1.06539 0.968541
3500 pop2 1.05786 0.961688
3600 pop1 1.06345 0.966774
3600 pop2 1.05974 0.963402
3700 pop1 1.06387 0.967152
3700 pop2 1.05722 0.961106
3800 pop1 1.06478 0.967983
3800 pop2 1.05863 0.962392
3900 pop1 1.06345 0.966772
3900 pop2 1.06132 0.964837
4000 pop1 1.06196 0.96542
4000 pop2 1.0624 0.965822
4100 pop1 1.06002 0.963652
4100 pop2 1.06122 0.964747
4200 pop1 1.06611 0.969194
4200 pop2 1.05588 0.959894
4300 pop1 1.0568 0.960724
4300 pop2 1.06429 0.967534
4400 pop1 1.05924 0.962948
4400 pop2 1.06283 0.966207
4500 pop1 1.06318 0.966523
4500 pop2 1.05968 0.963343
4600 pop1 1.06057 0.964157
4600 pop2 1.06504 0.96822
4700 pop1 1.06353 0.966842
4700 pop2 1.05705 0.960958
4800 pop1 1.06268 0.966071
4800 pop2 1.06117 0.964701
4900 pop1 1.06171 0.965187
4900 pop2 1.05909 0.96281
5000 pop1 1.05835 0.962135
5000 pop2 1.06396 0.967234
