1 pop1 1.0 0.909091
1 pop2 1.0 0.909091
100 pop1 1.0822 0.983817
100 pop2 1.08508 0.986435
200 pop1 1.08887 0.989884
200 pop2 1.08413 0.985576
300 pop1 1.08434 0.985762
300 pop2 1.08553 0.986842
400 pop1 1.08726 0.988416
400 pop2 1.08631 0.987551
500 pop1 1.08619 0.987446
500 pop2 1.08508 0.986433
600 pop1 1.08609 0.987354
600 pop2 1.08492 0.986291
700 pop1 1.08689 0.988084
700 pop2 1.08204 0.983673
800 pop1 1.08754 0.988669
800 pop2 1.08086 0.9826
900 pop1 1.08589 0.987176
900 pop2 1.08232 0.983931
1000 pop1 1.08005 0.981868
1000 pop2 1.08122 0.982931
1100 pop1 1.0931 0.993728
1100 pop2 0.993415 0.903104
1200 pop1 1.0929 0.993541
1200 pop2 0.993354 0.903049
1300 pop1 1.09394 0.994494
1300 pop2 0.997354 0.906686
1400 pop1 1.10013 1.00012
1400 pop2 0.997375 0.906705
1500 pop1 1.09855 0.998679
1500 pop2 0.999644 0.908768
1600 pop1 1.10023 1.00021
1600 pop2 1.0 0.909091
1700 pop1 1.10205 1.00186
1700 pop2 0.999921 0.909019
1800 pop1 1.1025 1.00227
1800 pop2 1.0 0.909091
1900 pop1 1.1025 1.00227
1900 pop2 1.0 0.909091
2000 pop1 1.1025 1.00227
2000 pop2 1.0 0.909091
2100 pop1 1.1025 1.00227
2100 pop2 1.0 0.909091
2200 pop1 1.1025 1.00227
2200 pop2 1.0 0.909091
2300 pop1 1.1025 1.00227
2300 pop2 1.0 0.909091
2400 pop1 1.1025 1.00227
2400 pop2 1.0 0.909091
2500 pop1 1.1025 1.00227
2500 pop2 1.0 0.909091
2600 pop1 1.1025 1.00227
2600 pop2 1.0 0.909091
2700 pop1 1.1025 1.00227
2700 pop2 1.0 0.909091
2800 pop1 1.1025 1.00227
2800 pop2 1.0 0.909091
2900 pop1 1.1025 1.00227
2900 pop2 1.0 0.909091
3000 pop1 1.1025 1.00227
3000 pop2 1.0 0.909091
3100 pop1 1.1025 1.00227
3100 pop2 1.0 0.909091
3200 pop1 1.1025 1.00227
3200 pop2 1.0 0.909091
3300 pop1 1.1025 1.00227
3300 pop2 1.0 0.909091
3400 pop1 1.1025 1.00227
3400 pop2 1.0 0.909091
3500 pop1 1.1025 1.00227
3500 pop2 1.0 0.909091
3600 pop1 1.1025 1.00227
3600 pop2 1.0 0.909091
3700 pop1 1.1025 1.00227
3700 pop2 1.0 0.909091
3800 pop1 1.1025 1.00227
3800 pop2 1.0 0.909091
3900 pop1 1.1025 1.00227
3900 pop2 1.0 0.909091
4000 pop1 1.1025 1.00227
4000 pop2 1.0 0.909091
4100 pop1 1.1025 1.00227
4100 pop2 1.0 0.909091
4200 pop1 1.1025 1.00227
4200 pop2 1.0 0.909091
4300 pop1 1.1025 1.00227
4300 pop2 1.0 0.909091
4400 pop1 1.1025 1.00227
4400 pop2 1.0 0.909091
4500 pop1 1.1025 1.00227
4500 pop2 1.0 0.909091
4600 pop1 1.1025 1.00227
4600 pop2 1.0 0.909091
4700 pop1 1.1025 1.00227
4700 pop2 1.0 0.909091
4800 pop1 1.1025 1.00227
4800 pop2 1.0 0.909091
4900 pop1 1.1025 1.00227
4900 pop2 1.0 0.909091
5000 pop1 1.1025 1.00227
5000 pop2 1.0 0.909091
