1 pop1 1.0 0.980392
1 pop2 1.0 0.980392
100 pop1 1.00324 0.983573
100 pop2 0.999942 0.980336
200 pop1 1.00384 0.984157
200 pop2 0.998246 0.978673
300 pop1 1.00369 0.984013
300 pop2 0.998614 0.979033
400 pop1 1.00576 0.986041
400 pop2 0.99595 0.976422
500 pop1 1.00463 0.984935
500 pop2 0.998198 0.978625
600 pop1 1.00477 0.985067
600 pop2 0.99641 0.976873
700 pop1 1.00425 0.984559
700 pop2 0.997352 0.977796
800 pop1 1.00286 0.983195
800 pop2 0.997807 0.978242
900 pop1 1.00273 0.983069
900 pop2 0.998405 0.978828
1000 pop1 1.00078 0.98116
1000 pop2 1.00076 0.98114
1100 pop1 1.00335 0.983679
1100 pop2 1.00836 0.988585
1200 pop1 1.00566 0.985939
1200 pop2 1.00971 0.989909
1300 pop1 1.00482 0.985114
1300 pop2 1.01261 0.992758
1400 pop1 1.00477 0.985067
1400 pop2 1.01375 0.993875
1500 pop1 1.00451 0.984813
1500 pop2 1.01489 0.994991
1600 pop1 1.00511 0.985405
1600 pop2 1.01487 0.994967
1700 pop1 1.00541 0.985694
1700 pop2 1.01423 0.994346
1800 pop1 1.00485 0.985146
1800 pop2 1.01494 0.995035
1900 pop1 1.0042 0.984507
1900 pop2 1.01552 0.99561
2000 pop1 1.00373 0.984046
2000 pop2 1.01619 0.996262
2100 pop1 1.0043 0.984603
2100 pop2 1.01501 0.99511
2200 pop1 1.0039 0.984216
2200 pop2 1.01511 0.995207
2300 pop1 1.00407 0.984382
2300 pop2 1.01571 0.995792
2400 pop1 1.00446 0.984762
2400 pop2 1.01551 0.995599
2500 pop1 1.00489 0.985184
2500 pop2 1.01401 0.994129
2600 pop1 1.0049 0.985196
2600 pop2 1.01481 0.994916
2700 pop1 1.00559 0.985872
2700 pop2 1.01431 0.994425
2800 pop1 1.00777 0.988007
2800 pop2 1.01262 0.992761
2900 pop1 1.00582 0.9861
2900 pop2 1.01382 0.99394
3000 pop1 1.0064 0.986665
3000 pop2 1.01347 0.993601
3100 pop1 1.00557 0.98585
3100 pop2 1.01436 0.994467
3200 pop1 1.00517 0.985466
3200 pop2 1.01556 0.995649
3300 pop1 1.00464 0.984939
3300 pop2 1.01486 0.994962
3400 pop1 1.00392 0.984234
3400 pop2 1.01542 0.99551
3500 pop1 1.00413 0.984443
3500 pop2 1.01547 0.995561
3600 pop1 1.00541 0.985697
3600 pop2 1.01514 0.995233
3700 pop1 1.00576 0.986035
3700 pop2 1.01436 0.99447
3800 pop1 1.00703 0.987287
3800 pop2 1.01275 0.99289
3900 pop1 1.00597 0.986244
3900 pop2 1.0136 0.993722
4000 pop1 1.00528 0.985572
4000 pop2 1.01503 0.99513
4100 pop1 1.0064 0.986668
4100 pop2 1.01294 0.993078
4200 pop1 1.00549 0.985773
4200 pop2 1.01514 0.995233
4300 pop1 1.00631 0.986575
4300 pop2 1.01478 0.994883
4400 pop1 1.0057 0.985976
4400 pop2 1.01478 0.994882
4500 pop1 1.00591 0.98619
4500 pop2 1.01362 0.993749
4600 pop1 1.0065 0.986765
4600 pop2 1.01396 0.994079
4700 pop1 1.00643 0.986697
4700 pop2 1.0143 0.994413
4800 pop1 1.00776 0.988
4800 pop2 1.01289 0.993032
4900 pop1 1.00662 0.986887
4900 pop2 1.01378 0.993901
5000 pop1 1.00721 0.987459
5000 pop2 1.01312 0.993251
