1 pop1 1.0 0.980392
1 pop2 1.0 0.980392
100 pop1 1.0065 0.986766
100 pop2 1.00647 0.986731
200 pop1 1.0051 0.985392
200 pop2 1.00698 0.987236
300 pop1 1.00922 0.989428
300 pop2 1.00169 0.982045
400 pop1 1.0081 0.988337
400 pop2 1.0012 0.981571
500 pop1 1.00813 0.988365
500 pop2 1.00197 0.982321
600 pop1 1.00946 0.989667
600 pop2 1.00106 0.981433
700 pop1 1.00885 0.989072
700 pop2 0.998465 0.978887
800 pop1 1.01187 0.992029
800 pop2 0.997463 0.977905
900 pop1 1.01056 0.99074
900 pop2 0.999475 0.979878
1000 pop1 1.00907 0.989284
1000 pop2 1.00018 0.98057
1100 pop1 1.01193 0.99209
1100 pop2 1.00298 0.983309
1200 pop1 1.01247 0.992622
1200 pop2 1.00531 0.985599
1300 pop1 1.01418 0.994297
1300 pop2 1.00739 0.987636
1400 pop1 1.01405 0.994164
1400 pop2 1.0075 0.987745
1500 pop1 1.01248 0.992625
1500 pop2 1.0114 0.991571
1600 pop1 1.01314 0.993276
1600 pop2 1.01106 0.991239
1700 pop1 1.01138 0.991553
1700 pop2 1.01416 0.994272
1800 pop1 1.00933 0.989535
1800 pop2 1.013 0.993132
1900 pop1 1.01124 0.991414
1900 pop2 1.01457 0.994673
2000 pop1 1.01015 0.99034
2000 pop2 1.01387 0.993986
2100 pop1 1.01159 0.991752
2100 pop2 1.0128 0.992946
2200 pop1 1.01048 0.990668
2200 pop2 1.01414 0.994254
2300 pop1 1.01008 0.990272
2300 pop2 1.01523 0.99532
2400 pop1 1.01063 0.990813
2400 pop2 1.01446 0.994568
2500 pop1 1.01121 0.99138
2500 pop2 1.01241 0.992556
2600 pop1 1.01141 0.991578
2600 pop2 1.01211 0.992264
2700 pop1 1.01258 0.992723
2700 pop2 1.01107 0.991244
2800 pop1 1.012 0.992158
2800 pop2 1.01239 0.992543
2900 pop1 1.01113 0.991303
2900 pop2 1.01297 0.993107
3000 pop1 1.01122 0.991393
3000 pop2 1.01355 0.99368
3100 pop1 1.01121 0.991385
3100 pop2 1.01201 0.992164
3200 pop1 1.01164 0.991808
3200 pop2 1.01239 0.992535
3300 pop1 1.01301 0.993144
3300 pop2 1.01087 0.991045
3400 pop1 1.01331 0.993441
3400 pop2 1.01068 0.990861
3500 pop1 1.01544 0.995527
3500 pop2 1.00818 0.988412
3600 pop1 1.01443 0.994535
3600 pop2 1.00781 0.988046
3700 pop1 1.01573 0.995816
3700 pop2 1.00847 0.988692
3800 pop1 1.01409 0.994202
3800 pop2 1.00993 0.990126
3900 pop1 1.01467 0.994777
3900 pop2 1.01009 0.990288
4000 pop1 1.01477 0.994872
4000 pop2 1.00978 0.989981
4100 pop1 1.0154 0.995495
4100 pop2 1.0087 0.988921
4200 pop1 1.01565 0.995737
4200 pop2 1.00969 0.98989
4300 pop1 1.01392 0.994043
4300 pop2 1.0104 0.990588
4400 pop1 1.01266 0.992803
4400 pop2 1.01208 0.992236
4500 pop1 1.01314 0.993274
4500 pop2 1.01294 0.993076
4600 pop1 1.01158 0.991748
4600 pop2 1.0112 0.991376
4700 pop1 1.01033 0.99052
4700 pop2 1.01497 0.995064
4800 pop1 1.00909 0.9893
4800 pop2 1.01567 0.99575
4900 pop1 1.01045 0.990639
4900 pop2 1.01412 0.994231
5000 pop1 1.01122 0.991388
5000 pop2 1.01409 0.994208
