1 pop1 1.0 0.909091
1 pop2 1.0 0.909091
100 pop1 1.04127 0.946611
100 pop2 1.04098 0.946348
200 pop1 1.03304 0.93913
200 pop2 1.04109 0.946445
300 pop1 1.04283 0.948024
300 pop2 1.03348 0.939531
400 pop1 1.04221 0.94746
400 pop2 1.04116 0.946511
500 pop1 1.04778 0.95253
500 pop2 1.04114 0.946491
600 pop1 1.03921 0.944733
600 pop2 1.05016 0.954689
700 pop1 1.03442 0.940384
700 pop2 1.03872 0.944286
800 pop1 1.04336 0.948509
800 pop2 1.03543 0.941304
900 pop1 1.03242 0.938564
900 pop2 1.03854 0.944128
1000 pop1 1.04151 0.946828
1000 pop2 1.03768 0.943342
1100 pop1 1.09252 0.993201
1100 pop2 0.979879 0.890799
1200 pop1 1.10206 1.00188
1200 pop2 0.989816 0.899833
1300 pop1 1.10255 1.00232
1300 pop2 0.997966 0.907242
1400 pop1 1.10252 1.00229
1400 pop2 0.999348 0.908498
1500 pop1 1.10251 1.00228
1500 pop2 0.999901 0.909001
1600 pop1 1.1025 1.00227
1600 pop2 1.0 0.909091
1700 pop1 1.1025 1.00227
1700 pop2 1.0 0.909091
1800 pop1 1.1025 1.00227
1800 pop2 1.0 0.909091
1900 pop1 1.1025 1.00227
1900 pop2 1.0 0.909091
2000 pop1 1.1025 1.00227
2000 pop2 1.0 0.909091
2100 pop1 1.1025 1.00227
2100 pop2 1.0 0.909091
2200 pop1 1.1025 1.00227
2200 pop2 1.0 0.909091
2300 pop1 1.1025 1.00227
2300 pop2 1.0 0.909091
2400 pop1 1.1025 1.00227
2400 pop2 1.0 0.909091
2500 pop1 1.1025 1.00227
2500 pop2 1.0 0.909091
2600 pop1 1.1025 1.00227
2600 pop2 1.0 0.909091
2700 pop1 1.1025 1.00227
2700 pop2 1.0 0.909091
2800 pop1 1.1025 1.00227
2800 pop2 1.0 0.909091
2900 pop1 1.1025 1.00227
2900 pop2 1.0 0.909091
3000 pop1 1.1025 1.00227
3000 pop2 1.0 0.909091
3100 pop1 1.1025 1.00227
3100 pop2 1.0 0.909091
3200 pop1 1.1025 1.00227
3200 pop2 1.0 0.909091
3300 pop1 1.1025 1.00227
3300 pop2 1.0 0.909091
3400 pop1 1.1025 1.00227
3400 pop2 1.0 0.909091
3500 pop1 1.1025 1.00227
3500 pop2 1.0 0.909091
3600 pop1 1.1025 1.00227
3600 pop2 1.0 0.909091
3700 pop1 1.1025 1.00227
3700 pop2 1.0 0.909091
3800 pop1 1.1025 1.00227
3800 pop2 1.0 0.909091
3900 pop1 1.1025 1.00227
3900 pop2 1.0 0.909091
4000 pop1 1.1025 1.00227
4000 pop2 1.0 0.909091
4100 pop1 1.1025 1.00227
4100 pop2 1.0 0.909091
4200 pop1 1.1025 1.00227
4200 pop2 1.0 0.909091
4300 pop1 1.1025 1.00227
4300 pop2 1.0 0.909091
4400 pop1 1.1025 1.00227
4400 pop2 1.0 0.909091
4500 pop1 1.1025 1.00227
4500 pop2 1.0 0.909091
4600 pop1 1.1025 1.00227
4600 pop2 1.0 0.909091
4700 pop1 1.1025 1.00227
4700 pop2 1.0 0.909091
4800 pop1 1.1025 1.00227
4800 pop2 1.0 0.909091
4900 pop1 1.1025 1.00227
4900 pop2 1.0 0.909091
5000 pop1 1.1025 1.00227
5000 pop2 1.0 0.909091
