1 pop1 1.0 0.909091
1 pop2 1.0 0.909091
100 pop1 1.08328 0.984798
100 pop2 1.08686 0.988055
200 pop1 1.08686 0.988053
200 pop2 1.08589 0.987171
300 pop1 1.0845 0.985912
300 pop2 1.086 0.987276
400 pop1 1.08349 0.984993
400 pop2 1.07923 0.98112
500 pop1 1.08395 0.985411
500 pop2 1.08538 0.986706
600 pop1 1.08152 0.983196
600 pop2 1.08248 0.984073
700 pop1 1.08407 0.98552
700 pop2 1.08142 0.983112
800 pop1 1.08548 0.986801
800 pop2 1.08308 0.984618
900 pop1 1.08221 0.983831
900 pop2 1.08432 0.985743
1000 pop1 1.08479 0.986174
1000 pop2 1.08696 0.988148
1100 pop1 1.09324 0.993852
1100 pop2 0.998321 0.907565
1200 pop1 1.09913 0.999207
1200 pop2 0.99929 0.908445
1300 pop1 1.10193 1.00175
1300 pop2 0.999625 0.90875
1400 pop1 1.10246 1.00223
1400 pop2 0.999763 0.908875
1500 pop1 1.10251 1.00229
1500 pop2 0.999921 0.909019
1600 pop1 1.10225 1.00205
1600 pop2 1.0 0.909091
1700 pop1 1.1025 1.00227
1700 pop2 1.0 0.909091
1800 pop1 1.1025 1.00227
1800 pop2 1.0 0.909091
1900 pop1 1.1025 1.00227
1900 pop2 1.0 0.909091
2000 pop1 1.1025 1.00227
2000 pop2 1.0 0.909091
2100 pop1 1.1025 1.00227
2100 pop2 1.0 0.909091
2200 pop1 1.1025 1.00227
2200 pop2 1.0 0.909091
2300 pop1 1.1025 1.00227
2300 pop2 1.0 0.909091
2400 pop1 1.1025 1.00227
2400 pop2 1.0 0.909091
2500 pop1 1.1025 1.00227
2500 pop2 1.0 0.909091
2600 pop1 1.1025 1.00227
2600 pop2 1.0 0.909091
2700 pop1 1.1025 1.00227
2700 pop2 1.0 0.909091
2800 pop1 1.1025 1.00227
2800 pop2 1.0 0.909091
2900 pop1 1.1025 1.00227
2900 pop2 1.0 0.909091
3000 pop1 1.1025 1.00227
3000 pop2 1.0 0.909091
3100 pop1 1.1025 1.00227
3100 pop2 1.0 0.909091
3200 pop1 1.1025 1.00227
3200 pop2 1.0 0.909091
3300 pop1 1.1025 1.00227
3300 pop2 1.0 0.909091
3400 pop1 1.1025 1.00227
3400 pop2 1.0 0.909091
3500 pop1 1.1025 1.00227
3500 pop2 1.0 0.909091
3600 pop1 1.1025 1.00227
3600 pop2 1.0 0.909091
3700 pop1 1.1025 1.00227
3700 pop2 1.0 0.909091
3800 pop1 1.1025 1.00227
3800 pop2 1.0 0.909091
3900 pop1 1.1025 1.00227
3900 pop2 1.0 0.909091
4000 pop1 1.1025 1.00227
4000 pop2 1.0 0.909091
4100 pop1 1.1025 1.00227
4100 pop2 1.0 0.909091
4200 pop1 1.1025 1.00227
4200 pop2 1.0 0.909091
4300 pop1 1.1025 1.00227
4300 pop2 1.0 0.909091
4400 pop1 1.1025 1.00227
4400 pop2 1.0 0.909091
4500 pop1 1.1025 1.00227
4500 pop2 1.0 0.909091
4600 pop1 1.1025 1.00227
4600 pop2 1.0 0.909091
4700 pop1 1.1025 1.00227
4700 pop2 1.0 0.909091
4800 pop1 1.1025 1.00227
4800 pop2 1.0 0.909091
4900 pop1 1.1025 1.00227
4900 pop2 1.0 0.909091
5000 pop1 1.1025 1.00227
5000 pop2 1.0 0.909091
