1 pop1 1.0 0.909091
1 pop2 1.0 0.909091
100 pop1 1.03615 0.941952
100 pop2 1.04356 0.948695
200 pop1 1.03068 0.936979
200 pop2 1.04954 0.954126
300 pop1 1.03896 0.944513
300 pop2 1.04309 0.948261
400 pop1 1.04221 0.947464
400 pop2 1.03241 0.938553
500 pop1 1.04504 0.950033
500 pop2 1.0369 0.942635
600 pop1 1.04286 0.948055
600 pop2 1.03459 0.940535
700 pop1 1.03817 0.943793
700 pop2 1.04333 0.948486
800 pop1 1.03361 0.939641
800 pop2 1.0405 0.945905
900 pop1 1.042 0.947275
900 pop2 1.0352 0.941088
1000 pop1 1.04061 0.946012
1000 pop2 1.03887 0.944423
1100 pop1 1.09289 0.993534
1100 pop2 0.978253 0.889321
1200 pop1 1.09911 0.999194
1200 pop2 0.980005 0.890913
1300 pop1 1.10262 1.00239
1300 pop2 0.99392 0.903563
1400 pop1 1.10252 1.00229
1400 pop2 0.998598 0.907816
1500 pop1 1.1025 1.00228
1500 pop2 0.99998 0.909073
1600 pop1 1.1025 1.00227
1600 pop2 1.0 0.909091
1700 pop1 1.1025 1.00227
1700 pop2 1.0 0.909091
1800 pop1 1.1025 1.00227
1800 pop2 1.0 0.909091
1900 pop1 1.1025 1.00227
1900 pop2 1.0 0.909091
2000 pop1 1.1025 1.00227
2000 pop2 1.0 0.909091
2100 pop1 1.1025 1.00227
2100 pop2 1.0 0.909091
2200 pop1 1.1025 1.00227
2200 pop2 1.0 0.909091
2300 pop1 1.1025 1.00227
2300 pop2 1.0 0.909091
2400 pop1 1.1025 1.00227
2400 pop2 1.0 0.909091
2500 pop1 1.1025 1.00227
2500 pop2 1.0 0.909091
2600 pop1 1.1025 1.00227
2600 pop2 1.0 0.909091
2700 pop1 1.1025 1.00227
2700 pop2 1.0 0.909091
2800 pop1 1.1025 1.00227
2800 pop2 1.0 0.909091
2900 pop1 1.1025 1.00227
2900 pop2 1.0 0.909091
3000 pop1 1.1025 1.00227
3000 pop2 1.0 0.909091
3100 pop1 1.1025 1.00227
3100 pop2 1.0 0.909091
3200 pop1 1.1025 1.00227
3200 pop2 1.0 0.909091
3300 pop1 1.1025 1.00227
3300 pop2 1.0 0.909091
3400 pop1 1.1025 1.00227
3400 pop2 1.0 0.909091
3500 pop1 1.1025 1.00227
3500 pop2 1.0 0.909091
3600 pop1 1.1025 1.00227
3600 pop2 1.0 0.909091
3700 pop1 1.1025 1.00227
3700 pop2 1.0 0.909091
3800 pop1 1.1025 1.00227
3800 pop2 1.0 0.909091
3900 pop1 1.1025 1.00227
3900 pop2 1.0 0.909091
4000 pop1 1.1025 1.00227
4000 pop2 1.0 0.909091
4100 pop1 1.1025 1.00227
4100 pop2 1.0 0.909091
4200 pop1 1.1025 1.00227
4200 pop2 1.0 0.909091
4300 pop1 1.1025 1.00227
4300 pop2 1.0 0.909091
4400 pop1 1.1025 1.00227
4400 pop2 1.0 0.909091
4500 pop1 1.1025 1.00227
4500 pop2 1.0 0.909091
4600 pop1 1.1025 1.00227
4600 pop2 1.0 0.909091
4700 pop1 1.1025 1.00227
4700 pop2 1.0 0.909091
4800 pop1 1.1025 1.00227
4800 pop2 1.0 0.909091
4900 pop1 1.1025 1.00227
4900 pop2 1.0 0.909091
5000 pop1 1.1025 1.00227
5000 pop2 1.0 0.909091
