1 pop1 1.0 0.980392
1 pop2 1.0 0.980392
100 pop1 1.00687 0.987129
100 pop2 1.00847 0.988697
200 pop1 1.00787 0.988103
200 pop2 1.00886 0.989083
300 pop1 1.00834 0.988568
300 pop2 1.00719 0.987438
400 pop1 1.00743 0.987677
400 pop2 1.00794 0.988177
500 pop1 1.00816 0.988391
500 pop2 1.00919 0.989404
600 pop1 1.00812 0.988357
600 pop2 1.00563 0.985912
700 pop1 1.00649 0.986758
700 pop2 1.00792 0.988159
800 pop1 1.00967 0.989877
800 pop2 1.00755 0.987797
900 pop1 1.00749 0.987732
900 pop2 1.00848 0.988709
1000 pop1 1.00908 0.989298
1000 pop2 1.0086 0.988819
1100 pop1 1.01334 0.993475
1100 pop2 0.997124 0.977572
1200 pop1 1.01391 0.994033
1200 pop2 0.99651 0.976971
1300 pop1 1.01522 0.995313
1300 pop2 0.996478 0.976939
1400 pop1 1.0164 0.996474
1400 pop2 0.99684 0.977294
1500 pop1 1.01767 0.997716
1500 pop2 0.997568 0.978008
1600 pop1 1.0181 0.998133
1600 pop2 0.997058 0.977507
1700 pop1 1.01891 0.99893
1700 pop2 0.998217 0.978644
1800 pop1 1.01952 0.999534
1800 pop2 0.998433 0.978856
1900 pop1 1.02009 1.00008
1900 pop2 0.999278 0.979684
2000 pop1 1.02 0.999997
2000 pop2 0.999705 0.980103
2100 pop1 1.0201 1.0001
2100 pop2 0.999621 0.980021
2200 pop1 1.0201 1.0001
2200 pop2 0.999785 0.980181
2300 pop1 1.0201 1.0001
2300 pop2 0.999992 0.980384
2400 pop1 1.0201 1.0001
2400 pop2 1.0 0.980392
2500 pop1 1.0201 1.0001
2500 pop2 1.0 0.980392
2600 pop1 1.0201 1.0001
2600 pop2 1.0 0.980392
2700 pop1 1.0201 1.0001
2700 pop2 1.0 0.980392
2800 pop1 1.0201 1.0001
2800 pop2 1.0 0.980392
2900 pop1 1.0201 1.0001
2900 pop2 1.0 0.980392
3000 pop1 1.0201 1.0001
3000 pop2 1.0 0.980392
3100 pop1 1.0201 1.0001
3100 pop2 1.0 0.980392
3200 pop1 1.0201 1.0001
3200 pop2 1.0 0.980392
3300 pop1 1.0201 1.0001
3300 pop2 1.0 0.980392
3400 pop1 1.0201 1.0001
3400 pop2 1.0 0.980392
3500 pop1 1.0201 1.0001
3500 pop2 1.0 0.980392
3600 pop1 1.0201 1.0001
3600 pop2 1.0 0.980392
3700 pop1 1.0201 1.0001
3700 pop2 1.0 0.980392
3800 pop1 1.0201 1.0001
3800 pop2 1.0 0.980392
3900 pop1 1.0201 1.0001
3900 pop2 1.0 0.980392
4000 pop1 1.0201 1.0001
4000 pop2 1.0 0.980392
4100 pop1 1.0201 1.0001
4100 pop2 1.0 0.980392
4200 pop1 1.0201 1.0001
4200 pop2 1.0 0.980392
4300 pop1 1.0201 1.0001
4300 pop2 1.0 0.980392
4400 pop1 1.0201 1.0001
4400 pop2 1.0 0.980392
4500 pop1 1.0201 1.0001
4500 pop2 1.0 0.980392
4600 pop1 1.0201 1.0001
4600 pop2 1.0 0.980392
4700 pop1 1.0201 1.0001
4700 pop2 1.0 0.980392
4800 pop1 1.0201 1.0001
4800 pop2 1.0 0.980392
4900 pop1 1.0201 1.0001
4900 pop2 1.0 0.980392
5000 pop1 1.0201 1.0001
5000 pop2 1.0 0.980392
