1 pop1 1.0 0.980392
1 pop2 1.0 0.980392
100 pop1 1.00428 0.984585
100 pop2 0.997352 0.977796
200 pop1 1.0014 0.981769
200 pop2 1.00091 0.981286
300 pop1 1.0036 0.983919
300 pop2 0.997447 0.977889
400 pop1 1.00612 0.98639
400 pop2 0.995306 0.97579
500 pop1 1.00396 0.984274
500 pop2 0.997439 0.977881
600 pop1 1.00613 0.986404
600 pop2 0.996903 0.977356
700 pop1 1.00424 0.98455
700 pop2 0.997068 0.977518
800 pop1 1.0034 0.983727
800 pop2 0.999701 0.980099
900 pop1 0.998042 0.978473
900 pop2 1.00262 0.98296
1000 pop1 0.997481 0.977923
1000 pop2 1.00438 0.984688
1100 pop1 1.00756 0.987808
1100 pop2 0.996729 0.977185
1200 pop1 1.01514 0.995237
1200 pop2 0.996153 0.976621
1300 pop1 1.01669 0.996753
1300 pop2 0.995655 0.976132
1400 pop1 1.01845 0.998478
1400 pop2 0.996746 0.977202
1500 pop1 1.01972 0.999724
1500 pop2 0.998341 0.978765
1600 pop1 1.01963 0.999642
1600 pop2 0.999043 0.979454
1700 pop1 1.01992 0.999917
1700 pop2 0.999629 0.980028
1800 pop1 1.0201 1.0001
1800 pop2 0.999789 0.980185
1900 pop1 1.0201 1.0001
1900 pop2 0.999437 0.979841
2000 pop1 1.0201 1.0001
2000 pop2 0.999038 0.979449
2100 pop1 1.0201 1.0001
2100 pop2 0.999713 0.98011
2200 pop1 1.0201 1.0001
2200 pop2 0.999804 0.9802
2300 pop1 1.0201 1.0001
2300 pop2 0.999904 0.980298
2400 pop1 1.0201 1.0001
2400 pop2 0.99994 0.980333
2500 pop1 1.0201 1.0001
2500 pop2 1.0 0.980392
2600 pop1 1.0201 1.0001
2600 pop2 1.0 0.980392
2700 pop1 1.0201 1.0001
2700 pop2 1.0 0.980392
2800 pop1 1.0201 1.0001
2800 pop2 1.0 0.980392
2900 pop1 1.0201 1.0001
2900 pop2 1.0 0.980392
3000 pop1 1.0201 1.0001
3000 pop2 1.0 0.980392
3100 pop1 1.0201 1.0001
3100 pop2 1.0 0.980392
3200 pop1 1.0201 1.0001
3200 pop2 1.0 0.980392
3300 pop1 1.0201 1.0001
3300 pop2 1.0 0.980392
3400 pop1 1.0201 1.0001
3400 pop2 1.0 0.980392
3500 pop1 1.0201 1.0001
3500 pop2 1.0 0.980392
3600 pop1 1.0201 1.0001
3600 pop2 1.0 0.980392
3700 pop1 1.0201 1.0001
3700 pop2 1.0 0.980392
3800 pop1 1.0201 1.0001
3800 pop2 1.0 0.980392
3900 pop1 1.0201 1.0001
3900 pop2 1.0 0.980392
4000 pop1 1.0201 1.0001
4000 pop2 1.0 0.980392
4100 pop1 1.0201 1.0001
4100 pop2 1.0 0.980392
4200 pop1 1.0201 1.0001
4200 pop2 1.0 0.980392
4300 pop1 1.0201 1.0001
4300 pop2 1.0 0.980392
4400 pop1 1.0201 1.0001
4400 pop2 1.0 0.980392
4500 pop1 1.0201 1.0001
4500 pop2 1.0 0.980392
4600 pop1 1.0201 1.0001
4600 pop2 1.0 0.980392
4700 pop1 1.0201 1.0001
4700 pop2 1.0 0.980392
4800 pop1 1.0201 1.0001
4800 pop2 1.0 0.980392
4900 pop1 1.0201 1.0001
4900 pop2 1.0 0.980392
5000 pop1 1.0201 1.0001
5000 pop2 1.0 0.980392
