1 pop1 1.0 0.833333
1 pop2 1.0 0.833333
100 pop1 1.19142 0.992848
100 pop2 1.18908 0.9909
200 pop1 1.1947 0.995587
200 pop2 1.19306 0.994218
300 pop1 1.18913 0.990939
300 pop2 1.18814 0.990117
400 pop1 1.18656 0.988798
400 pop2 1.18979 0.991492
500 pop1 1.19174 0.993116
500 pop2 1.19383 0.99486
600 pop1 1.19557 0.996305
600 pop2 1.19207 0.99339
700 pop1 1.18847 0.990392
700 pop2 1.18515 0.987624
800 pop1 1.19032 0.991932
800 pop2 1.18686 0.98905
900 pop1 1.19237 0.993641
900 pop2 1.19009 0.991743
1000 pop1 1.18844 0.990365
1000 pop2 1.19058 0.992152
1100 pop1 1.19221 0.993505
1100 pop2 1.19258 0.993818
1200 pop1 1.19369 0.994744
1200 pop2 1.18821 0.990171
1300 pop1 1.19115 0.992625
1300 pop2 1.19237 0.993644
1400 pop1 1.19216 0.993469
1400 pop2 1.19446 0.995387
1500 pop1 1.19214 0.993447
1500 pop2 1.19333 0.994445
1600 pop1 1.1932 0.994335
1600 pop2 1.19202 0.993348
1700 pop1 1.1911 0.992584
1700 pop2 1.19298 0.994149
1800 pop1 1.19454 0.995447
1800 pop2 1.19245 0.993704
1900 pop1 1.19045 0.99204
1900 pop2 1.19297 0.994141
2000 pop1 1.19473 0.995606
2000 pop2 1.19471 0.995591
2100 pop1 1.19132 0.992765
2100 pop2 1.19118 0.992651
2200 pop1 1.18542 0.987848
2200 pop2 1.1914 0.99283
2300 pop1 1.19142 0.992847
2300 pop2 1.19157 0.992977
2400 pop1 1.19178 0.993151
2400 pop2 1.18675 0.988958
2500 pop1 1.18927 0.99106
2500 pop2 1.19717 0.997642
2600 pop1 1.19235 0.993628
2600 pop2 1.19161 0.99301
2700 pop1 1.19395 0.994958
2700 pop2 1.19092 0.992436
2800 pop1 1.1942 0.995166
2800 pop2 1.19274 0.99395
2900 pop1 1.19132 0.992764
2900 pop2 1.19111 0.992591
3000 pop1 1.19149 0.992909
3000 pop2 1.18781 0.989838
3100 pop1 1.19369 0.994741
3100 pop2 1.1898 0.991503
3200 pop1 1.19316 0.9943
3200 pop2 1.19042 0.992017
3300 pop1 1.19186 0.993213
3300 pop2 1.19152 0.992934
3400 pop1 1.19528 0.996063
3400 pop2 1.19311 0.99426
3500 pop1 1.19244 0.9937
3500 pop2 1.19482 0.995681
3600 pop1 1.18969 0.991409
3600 pop2 1.1886 0.990499
3700 pop1 1.19095 0.992458
3700 pop2 1.19194 0.993281
3800 pop1 1.19316 0.994296
3800 pop2 1.18966 0.991385
3900 pop1 1.18686 0.989051
3900 pop2 1.18978 0.991483
4000 pop1 1.19434 0.995282
4000 pop2 1.18931 0.991096
4100 pop1 1.1912 0.992665
4100 pop2 1.18919 0.990992
4200 pop1 1.18863 0.990521
4200 pop2 1.19008 0.991731
4300 pop1 1.19363 0.994689
4300 pop2 1.19107 0.992561
4400 pop1 1.19829 0.998576
4400 pop2 1.18632 0.988602
4500 pop1 1.18971 0.991422
4500 pop2 1.18825 0.990211
4600 pop1 1.18856 0.99047
4600 pop2 1.18631 0.988592
4700 pop1 1.19062 0.992187
4700 pop2 1.19171 0.993096
4800 pop1 1.19234 0.993618
4800 pop2 1.18697 0.989145
4900 pop1 1.19445 0.995377
4900 pop2 1.19008 0.991737
5000 pop1 1.193 0.994167
5000 pop2 1.1905 0.992081
