1 pop1 1.0 0.833333
1 pop2 1.0 0.833333
100 pop1 1.07419 0.895157
100 pop2 1.06658 0.88882
200 pop1 1.07433 0.895271
200 pop2 1.07682 0.897346
300 pop1 1.07747 0.897889
300 pop2 1.06579 0.888159
400 pop1 1.07107 0.892559
400 pop2 1.0656 0.887998
500 pop1 1.07428 0.895231
500 pop2 1.06857 0.890479
600 pop1 1.06846 0.890383
600 pop2 1.06724 0.88937
700 pop1 1.06405 0.886706
700 pop2 1.07644 0.897031
800 pop1 1.07052 0.892099
800 pop2 1.06682 0.889018
900 pop1 1.07762 0.898017
900 pop2 1.06583 0.888191
1000 pop1 1.08229 0.901906
1000 pop2 1.06794 0.889946
1100 pop1 1.12138 0.934485
1100 pop2 1.11462 0.92885
1200 pop1 1.12097 0.93414
1200 pop2 1.12825 0.940211
1300 pop1 1.12259 0.93549
1300 pop2 1.1163 0.930248
1400 pop1 1.12237 0.935306
1400 pop2 1.12403 0.936694
1500 pop1 1.11307 0.927558
1500 pop2 1.12283 0.935689
1600 pop1 1.11749 0.93124
1600 pop2 1.12753 0.939606
1700 pop1 1.11754 0.931282
1700 pop2 1.12386 0.936552
1800 pop1 1.12311 0.935926
1800 pop2 1.12335 0.936127
1900 pop1 1.13514 0.945953
1900 pop2 1.11024 0.925202
2000 pop1 1.12492 0.937433
2000 pop2 1.1262 0.938497
2100 pop1 1.12195 0.934962
2100 pop2 1.12219 0.935156
2200 pop1 1.12574 0.93812
2200 pop2 1.12449 0.937074
2300 pop1 1.12573 0.938112
2300 pop2 1.1165 0.930417
2400 pop1 1.12617 0.938475
2400 pop2 1.11446 0.928713
2500 pop1 1.12458 0.937149
2500 pop2 1.11771 0.931427
2600 pop1 1.12221 0.935172
2600 pop2 1.11267 0.927227
2700 pop1 1.13244 0.943703
2700 pop2 1.1081 0.923417
2800 pop1 1.12965 0.941371
2800 pop2 1.11268 0.927234
2900 pop1 1.11893 0.932445
2900 pop2 1.12322 0.93602
3000 pop1 1.12478 0.937315
3000 pop2 1.11262 0.927185
3100 pop1 1.12312 0.93593
3100 pop2 1.12066 0.933881
3200 pop1 1.11932 0.93277
3200 pop2 1.1223 0.935248
3300 pop1 1.12134 0.934446
3300 pop2 1.12074 0.933952
3400 pop1 1.12822 0.940183
3400 pop2 1.12421 0.936841
3500 pop1 1.13597 0.946644
3500 pop2 1.11496 0.929132
3600 pop1 1.12734 0.93945
3600 pop2 1.10992 0.924937
3700 pop1 1.12339 0.936159
3700 pop2 1.11478 0.928987
3800 pop1 1.12145 0.934539
3800 pop2 1.12077 0.933979
3900 pop1 1.12607 0.938391
3900 pop2 1.11999 0.933322
4000 pop1 1.13567 0.946389
4000 pop2 1.11098 0.925817
4100 pop1 1.12889 0.940743
4100 pop2 1.11207 0.926725
4200 pop1 1.12848 0.940399
4200 pop2 1.1144 0.928668
4300 pop1 1.1283 0.940253
4300 pop2 1.11617 0.930139
4400 pop1 1.11663 0.930524
4400 pop2 1.13103 0.942528
4500 pop1 1.13215 0.94346
4500 pop2 1.11143 0.926192
4600 pop1 1.12903 0.940858
4600 pop2 1.1146 0.928832
4700 pop1 1.13185 0.943205
4700 pop2 1.10959 0.924656
4800 pop1 1.13796 0.948296
4800 pop2 1.1081 0.923417
4900 pop1 1.12871 0.940593
4900 pop2 1.11259 0.927157
5000 pop1 1.12564 0.938032
5000 pop2 1.11185 0.926542
