1 pop1 1.0 0.980392
1 pop2 1.0 0.980392
100 pop1 1.0007 0.981082
100 pop2 1.00084 0.981214
200 pop1 1.00262 0.982963
200 pop2 0.998925 0.979339
300 pop1 1.00377 0.984085
300 pop2 0.998326 0.978751
400 pop1 1.00226 0.982607
400 pop2 0.99889 0.979304
500 pop1 1.00149 0.981857
500 pop2 1.00112 0.981487
600 pop1 0.999126 0.979535
600 pop2 1.00286 0.983201
700 pop1 0.999676 0.980075
700 pop2 1.00228 0.982624
800 pop1 0.997252 0.977698
800 pop2 1.00552 0.985802
900 pop1 0.996738 0.977194
900 pop2 1.00347 0.983793
1000 pop1 0.995874 0.976347
1000 pop2 1.00489 0.985186
1100 pop1 1.00563 0.985915
1100 pop2 0.995719 0.976195
1200 pop1 1.00979 0.989989
1200 pop2 0.995857 0.97633
1300 pop1 1.01647 0.996536
1300 pop2 0.996834 0.977288
1400 pop1 1.01883 0.998849
1400 pop2 0.997034 0.977484
1500 pop1 1.01913 0.999145
1500 pop2 0.998751 0.979168
1600 pop1 1.01998 0.999981
1600 pop2 0.999278 0.979684
1700 pop1 1.0201 1.0001
1700 pop2 0.999617 0.980017
1800 pop1 1.0201 1.0001
1800 pop2 0.999617 0.980017
1900 pop1 1.0201 1.0001
1900 pop2 0.999936 0.98033
2000 pop1 1.0201 1.0001
2000 pop2 1.0 0.980392
2100 pop1 1.0201 1.0001
2100 pop2 1.0 0.980392
2200 pop1 1.0201 1.0001
2200 pop2 1.0 0.980392
2300 pop1 1.0201 1.0001
2300 pop2 1.0 0.980392
2400 pop1 1.0201 1.0001
2400 pop2 1.0 0.980392
2500 pop1 1.0201 1.0001
2500 pop2 1.0 0.980392
2600 pop1 1.0201 1.0001
2600 pop2 1.0 0.980392
2700 pop1 1.0201 1.0001
2700 pop2 1.0 0.980392
2800 pop1 1.0201 1.0001
2800 pop2 1.0 0.980392
2900 pop1 1.0201 1.0001
2900 pop2 1.0 0.980392
3000 pop1 1.0201 1.0001
3000 pop2 1.0 0.980392
3100 pop1 1.0201 1.0001
3100 pop2 1.0 0.980392
3200 pop1 1.0201 1.0001
3200 pop2 1.0 0.980392
3300 pop1 1.0201 1.0001
3300 pop2 1.0 0.980392
3400 pop1 1.0201 1.0001
3400 pop2 1.0 0.980392
3500 pop1 1.0201 1.0001
3500 pop2 1.0 0.980392
3600 pop1 1.0201 1.0001
3600 pop2 1.0 0.980392
3700 pop1 1.0201 1.0001
3700 pop2 1.0 0.980392
3800 pop1 1.0201 1.0001
3800 pop2 1.0 0.980392
3900 pop1 1.0201 1.0001
3900 pop2 1.0 0.980392
4000 pop1 1.0201 1.0001
4000 pop2 1.0 0.980392
4100 pop1 1.0201 1.0001
4100 pop2 1.0 0.980392
4200 pop1 1.0201 1.0001
4200 pop2 1.0 0.980392
4300 pop1 1.0201 1.0001
4300 pop2 1.0 0.980392
4400 pop1 1.0201 1.0001
4400 pop2 1.0 0.980392
4500 pop1 1.0201 1.0001
4500 pop2 1.0 0.980392
4600 pop1 1.0201 1.0001
4600 pop2 1.0 0.980392
4700 pop1 1.0201 1.0001
4700 pop2 1.0 0.980392
4800 pop1 1.0201 1.0001
4800 pop2 1.0 0.980392
4900 pop1 1.0201 1.0001
4900 pop2 1.0 0.980392
5000 pop1 1.0201 1.0001
5000 pop2 1.0 0.980392
