1 pop1 1.0 0.980392
1 pop2 1.0 0.980392
100 pop1 1.00154 0.981906
100 pop2 1.00191 0.982266
200 pop1 0.99883 0.979245
200 pop2 1.00347 0.983791
300 pop1 0.999429 0.979832
300 pop2 1.00191 0.982265
400 pop1 0.997074 0.977524
400 pop2 1.00457 0.984876
500 pop1 0.995708 0.976184
500 pop2 1.00551 0.985792
600 pop1 0.993591 0.974108
600 pop2 1.00669 0.986947
700 pop1 0.993684 0.9742
700 pop2 1.00829 0.988517
800 pop1 0.994404 0.974906
800 pop2 1.00757 0.987811
900 pop1 0.994999 0.97549
900 pop2 1.0064 0.986668
1000 pop1 0.995678 0.976155
1000 pop2 1.00624 0.986507
1100 pop1 0.99702 0.977471
1100 pop2 0.995787 0.976261
1200 pop1 1.00179 0.982148
1200 pop2 0.99802 0.978451
1300 pop1 1.00697 0.987225
1300 pop2 1.0008 0.981175
1400 pop1 1.00909 0.989303
1400 pop2 1.00473 0.985028
1500 pop1 1.00834 0.988568
1500 pop2 1.0088 0.989017
1600 pop1 1.0086 0.988822
1600 pop2 1.01051 0.990697
1700 pop1 1.00876 0.988984
1700 pop2 1.01142 0.991584
1800 pop1 1.00616 0.986428
1800 pop2 1.01295 0.99309
1900 pop1 1.00564 0.985923
1900 pop2 1.01436 0.994471
2000 pop1 1.0057 0.98598
2000 pop2 1.0138 0.993922
2100 pop1 1.00469 0.984995
2100 pop2 1.01479 0.994887
2200 pop1 1.00719 0.987444
2200 pop2 1.01272 0.992867
2300 pop1 1.00652 0.986783
2300 pop2 1.01364 0.993763
2400 pop1 1.00582 0.986099
2400 pop2 1.01487 0.994969
2500 pop1 1.0067 0.986962
2500 pop2 1.01276 0.992905
2600 pop1 1.00598 0.986253
2600 pop2 1.01367 0.993793
2700 pop1 1.00844 0.988664
2700 pop2 1.01256 0.992706
2800 pop1 1.0091 0.989309
2800 pop2 1.01004 0.990234
2900 pop1 1.00904 0.989252
2900 pop2 1.01092 0.991096
3000 pop1 1.00995 0.990151
3000 pop2 1.01078 0.990961
3100 pop1 1.00921 0.989419
3100 pop2 1.01167 0.99183
3200 pop1 1.01062 0.990808
3200 pop2 1.00982 0.990017
3300 pop1 1.01154 0.991711
3300 pop2 1.00888 0.989103
3400 pop1 1.01259 0.992734
3400 pop2 1.00794 0.988177
3500 pop1 1.01122 0.991388
3500 pop2 1.00912 0.989334
3600 pop1 1.00945 0.989661
3600 pop2 1.01139 0.991562
3700 pop1 1.01044 0.990627
3700 pop2 1.01083 0.991013
3800 pop1 1.01304 0.993177
3800 pop2 1.00847 0.988698
3900 pop1 1.0111 0.991275
3900 pop2 1.00952 0.989727
4000 pop1 1.01242 0.99257
4000 pop2 1.00865 0.988876
4100 pop1 1.01204 0.992198
4100 pop2 1.0085 0.988726
4200 pop1 1.011 0.991172
4200 pop2 1.01024 0.99043
4300 pop1 1.01115 0.991323
4300 pop2 1.01079 0.990974
4400 pop1 1.01143 0.991597
4400 pop2 1.00998 0.990177
4500 pop1 1.01038 0.990571
4500 pop2 1.01001 0.990205
4600 pop1 1.00873 0.988948
4600 pop2 1.01198 0.992137
4700 pop1 1.0094 0.989609
4700 pop2 1.01156 0.991722
4800 pop1 1.00955 0.989755
4800 pop2 1.01075 0.990934
4900 pop1 1.00845 0.988674
4900 pop2 1.01239 0.992543
5000 pop1 1.00823 0.988461
5000 pop2 1.0131 0.993233
