1 pop1 1.0 0.980392
1 pop2 1.0 0.980392
100 pop1 1.0033 0.983632
100 pop2 1.00026 0.980646
200 pop1 1.00448 0.984783
200 pop2 0.997162 0.97761
300 pop1 1.00627 0.986541
300 pop2 0.996255 0.976721
400 pop1 1.00682 0.987078
400 pop2 0.994594 0.975092
500 pop1 1.00577 0.986047
500 pop2 0.994158 0.974664
600 pop1 1.00721 0.987457
600 pop2 0.99442 0.974921
700 pop1 1.01009 0.990282
700 pop2 0.992027 0.972575
800 pop1 1.00849 0.988714
800 pop2 0.993997 0.974507
900 pop1 1.00808 0.988309
900 pop2 0.993563 0.974082
1000 pop1 1.00682 0.987075
1000 pop2 0.995586 0.976065
1100 pop1 1.00978 0.989985
1100 pop2 1.00171 0.982067
1200 pop1 1.01252 0.992669
1200 pop2 1.00304 0.983369
1300 pop1 1.01359 0.993712
1300 pop2 1.0057 0.985983
1400 pop1 1.014 0.994114
1400 pop2 1.00559 0.985872
1500 pop1 1.01308 0.993217
1500 pop2 1.00691 0.987166
1600 pop1 1.01385 0.993966
1600 pop2 1.00747 0.987719
1700 pop1 1.01356 0.993691
1700 pop2 1.00734 0.98759
1800 pop1 1.01183 0.991991
1800 pop2 1.00824 0.988473
1900 pop1 1.01196 0.992122
1900 pop2 1.00872 0.98894
2000 pop1 1.01181 0.99197
2000 pop2 1.00891 0.98913
2100 pop1 1.01228 0.992435
2100 pop2 1.00833 0.988555
2200 pop1 1.01156 0.991721
2200 pop2 1.00969 0.989895
2300 pop1 1.01251 0.992657
2300 pop2 1.00829 0.988524
2400 pop1 1.01156 0.991722
2400 pop2 1.00972 0.98992
2500 pop1 1.01032 0.990512
2500 pop2 1.01071 0.99089
2600 pop1 1.01148 0.991644
2600 pop2 1.00896 0.989175
2700 pop1 1.01259 0.992733
2700 pop2 1.00772 0.987961
2800 pop1 1.01258 0.992729
2800 pop2 1.00862 0.98884
2900 pop1 1.0133 0.993431
2900 pop2 1.00792 0.988155
3000 pop1 1.01296 0.993094
3000 pop2 1.00843 0.988655
3100 pop1 1.01342 0.993553
3100 pop2 1.00746 0.987705
3200 pop1 1.01245 0.992599
3200 pop2 1.00845 0.988674
3300 pop1 1.0135 0.993632
3300 pop2 1.00751 0.987756
3400 pop1 1.01345 0.993577
3400 pop2 1.00765 0.98789
3500 pop1 1.01174 0.991901
3500 pop2 1.00915 0.989367
3600 pop1 1.01025 0.990444
3600 pop2 1.01025 0.99044
3700 pop1 1.00968 0.989885
3700 pop2 1.01152 0.991683
3800 pop1 1.01096 0.991136
3800 pop2 1.00948 0.989683
3900 pop1 1.01192 0.992083
3900 pop2 1.0092 0.989415
4000 pop1 1.01262 0.992768
4000 pop2 1.00829 0.98852
4100 pop1 1.01072 0.990902
4100 pop2 1.01005 0.990243
4200 pop1 1.01132 0.991489
4200 pop2 1.0089 0.989115
4300 pop1 1.01001 0.990202
4300 pop2 1.01155 0.991714
4400 pop1 1.01089 0.991069
4400 pop2 1.01022 0.990409
4500 pop1 1.00984 0.990035
4500 pop2 1.01067 0.990851
4600 pop1 1.01167 0.991838
4600 pop2 1.00934 0.989545
4700 pop1 1.01039 0.990578
4700 pop2 1.01095 0.991131
4800 pop1 1.00802 0.988259
4800 pop2 1.01225 0.992397
4900 pop1 1.00841 0.98864
4900 pop2 1.01312 0.99325
5000 pop1 1.00907 0.98928
5000 pop2 1.01194 0.992097
