1 pop1 1.0 0.980392
1 pop2 1.0 0.980392
100 pop1 1.00105 0.98142
100 pop2 1.00238 0.98273
200 pop1 1.00107 0.981446
200 pop2 1.00102 0.981397
300 pop1 1.00143 0.981793
300 pop2 1.00082 0.981196
400 pop1 0.99951 0.979911
400 pop2 1.00153 0.981896
500 pop1 1.00299 0.983319
500 pop2 0.998851 0.979266
600 pop1 1.00237 0.982716
600 pop2 0.998625 0.979044
700 pop1 1.00295 0.983287
700 pop2 0.998105 0.978535
800 pop1 1.00378 0.984097
800 pop2 0.997768 0.978204
900 pop1 1.00357 0.98389
900 pop2 0.997658 0.978096
1000 pop1 1.00331 0.983637
1000 pop2 0.998555 0.978975
1100 pop1 1.00603 0.986305
1100 pop2 0.996023 0.976493
1200 pop1 1.00852 0.988743
1200 pop2 0.99617 0.976637
1300 pop1 1.00944 0.989648
1300 pop2 0.996647 0.977105
1400 pop1 1.01187 0.992031
1400 pop2 0.996915 0.977368
1500 pop1 1.01236 0.992513
1500 pop2 1.00022 0.980609
1600 pop1 1.01272 0.992863
1600 pop2 1.00333 0.983658
1700 pop1 1.01189 0.992045
1700 pop2 1.00483 0.985128
1800 pop1 1.01189 0.99205
1800 pop2 1.00616 0.986435
1900 pop1 1.01 0.990197
1900 pop2 1.0072 0.987451
2000 pop1 1.00936 0.989574
2000 pop2 1.00962 0.98982
2100 pop1 1.00885 0.989068
2100 pop2 1.01113 0.991304
2200 pop1 1.00724 0.987489
2200 pop2 1.01255 0.992698
2300 pop1 1.00709 0.987344
2300 pop2 1.01228 0.992435
2400 pop1 1.00575 0.98603
2400 pop2 1.01485 0.994954
2500 pop1 1.00435 0.984653
2500 pop2 1.01525 0.995345
2600 pop1 1.00497 0.985268
2600 pop2 1.01579 0.99587
2700 pop1 1.00468 0.98498
2700 pop2 1.01549 0.995576
2800 pop1 1.00595 0.986229
2800 pop2 1.01459 0.994695
2900 pop1 1.00645 0.986713
2900 pop2 1.01395 0.994073
3000 pop1 1.00645 0.986713
3000 pop2 1.01441 0.994517
3100 pop1 1.00605 0.986326
3100 pop2 1.01431 0.994425
3200 pop1 1.00654 0.9868
3200 pop2 1.01403 0.994151
3300 pop1 1.00709 0.987347
3300 pop2 1.01447 0.994581
3400 pop1 1.00733 0.98758
3400 pop2 1.01311 0.993249
3500 pop1 1.00834 0.988565
3500 pop2 1.01373 0.993857
3600 pop1 1.00744 0.987684
3600 pop2 1.01281 0.992947
3700 pop1 1.0075 0.987747
3700 pop2 1.01294 0.993077
3800 pop1 1.0082 0.988435
3800 pop2 1.01323 0.993364
3900 pop1 1.00649 0.986757
3900 pop2 1.01402 0.994141
4000 pop1 1.00654 0.986805
4000 pop2 1.01472 0.994826
4100 pop1 1.00646 0.986725
4100 pop2 1.01384 0.993965
4200 pop1 1.00813 0.988358
4200 pop2 1.01312 0.99325
4300 pop1 1.0069 0.98716
4300 pop2 1.01387 0.993992
4400 pop1 1.00682 0.98708
4400 pop2 1.01436 0.994474
4500 pop1 1.00721 0.987458
4500 pop2 1.0144 0.994513
4600 pop1 1.00636 0.98663
4600 pop2 1.01422 0.994333
4700 pop1 1.00686 0.987116
4700 pop2 1.01337 0.993499
4800 pop1 1.01022 0.990408
4800 pop2 1.01142 0.991588
4900 pop1 1.01108 0.99126
4900 pop2 1.00969 0.989889
5000 pop1 1.01122 0.991391
5000 pop2 1.01003 0.990228
