1 pop1 1.0 0.909091
1 pop2 1.0 0.909091
100 pop1 1.08208 0.983709
100 pop2 1.08502 0.986379
200 pop1 1.08331 0.984825
200 pop2 1.08567 0.986975
300 pop1 1.09017 0.991065
300 pop2 1.08103 0.982758
400 pop1 1.08314 0.984675
400 pop2 1.08458 0.985984
500 pop1 1.08708 0.988258
500 pop2 1.08662 0.987834
600 pop1 1.08281 0.984372
600 pop2 1.08685 0.988049
700 pop1 1.08502 0.986381
700 pop2 1.08469 0.986084
800 pop1 1.08577 0.987063
800 pop2 1.08265 0.98423
900 pop1 1.08857 0.989611
900 pop2 1.0847 0.986095
1000 pop1 1.08748 0.988618
1000 pop2 1.08226 0.98387
1100 pop1 1.09229 0.992988
1100 pop2 0.992667 0.902424
1200 pop1 1.09649 0.996813
1200 pop2 0.993839 0.90349
1300 pop1 1.09966 0.999689
1300 pop2 0.995996 0.90545
1400 pop1 1.10123 1.00112
1400 pop2 0.997748 0.907044
1500 pop1 1.10225 1.00204
1500 pop2 0.999289 0.908444
1600 pop1 1.10253 1.0023
1600 pop2 0.999447 0.908588
1700 pop1 1.10251 1.00228
1700 pop2 0.99996 0.909055
1800 pop1 1.1025 1.00227
1800 pop2 1.0 0.909091
1900 pop1 1.1025 1.00227
1900 pop2 1.0 0.909091
2000 pop1 1.1025 1.00227
2000 pop2 1.0 0.909091
2100 pop1 1.1025 1.00227
2100 pop2 1.0 0.909091
2200 pop1 1.1025 1.00227
2200 pop2 1.0 0.909091
2300 pop1 1.1025 1.00227
2300 pop2 1.0 0.909091
2400 pop1 1.1025 1.00227
2400 pop2 1.0 0.909091
2500 pop1 1.1025 1.00227
2500 pop2 1.0 0.909091
2600 pop1 1.1025 1.00227
2600 pop2 1.0 0.909091
2700 pop1 1.1025 1.00227
2700 pop2 1.0 0.909091
2800 pop1 1.1025 1.00227
2800 pop2 1.0 0.909091
2900 pop1 1.1025 1.00227
2900 pop2 1.0 0.909091
3000 pop1 1.1025 1.00227
3000 pop2 1.0 0.909091
3100 pop1 1.1025 1.00227
3100 pop2 1.0 0.909091
3200 pop1 1.1025 1.00227
3200 pop2 1.0 0.909091
3300 pop1 1.1025 1.00227
3300 pop2 1.0 0.909091
3400 pop1 1.1025 1.00227
3400 pop2 1.0 0.909091
3500 pop1 1.1025 1.00227
3500 pop2 1.0 0.909091
3600 pop1 1.1025 1.00227
3600 pop2 1.0 0.909091
3700 pop1 1.1025 1.00227
3700 pop2 1.0 0.909091
3800 pop1 1.1025 1.00227
3800 pop2 1.0 0.909091
3900 pop1 1.1025 1.00227
3900 pop2 1.0 0.909091
4000 pop1 1.1025 1.00227
4000 pop2 1.0 0.909091
4100 pop1 1.1025 1.00227
4100 pop2 1.0 0.909091
4200 pop1 1.1025 1.00227
4200 pop2 1.0 0.909091
4300 pop1 1.1025 1.00227
4300 pop2 1.0 0.909091
4400 pop1 1.1025 1.00227
4400 pop2 1.0 0.909091
4500 pop1 1.1025 1.00227
4500 pop2 1.0 0.909091
4600 pop1 1.1025 1.00227
4600 pop2 1.0 0.909091
4700 pop1 1.1025 1.00227
4700 pop2 1.0 0.909091
4800 pop1 1.1025 1.00227
4800 pop2 1.0 0.909091
4900 pop1 1.1025 1.00227
4900 pop2 1.0 0.909091
5000 pop1 1.1025 1.00227
5000 pop2 1.0 0.909091
