1 pop1 1.0 0.909091
1 pop2 1.0 0.909091
100 pop1 1.03289 0.938994
100 pop2 1.03432 0.940295
200 pop1 1.03495 0.940864
200 pop2 1.03293 0.939025
300 pop1 1.03813 0.943754
300 pop2 1.03275 0.938866
400 pop1 1.02924 0.935674
400 pop2 1.043 0.948185
500 pop1 1.02633 0.933028
500 pop2 1.03506 0.940967
600 pop1 1.03284 0.938944
600 pop2 1.03879 0.944354
700 pop1 1.03356 0.939603
700 pop2 1.0347 0.940633
800 pop1 1.03163 0.937847
800 pop2 1.03418 0.940167
900 pop1 1.0364 0.94218
900 pop2 1.03513 0.94103
1000 pop1 1.03435 0.940322
1000 pop2 1.03849 0.944082
1100 pop1 1.07903 0.980932
1100 pop2 1.03784 0.943489
1200 pop1 1.06415 0.967409
1200 pop2 1.05822 0.962016
1300 pop1 1.06348 0.966804
1300 pop2 1.06203 0.965485
1400 pop1 1.05928 0.962979
1400 pop2 1.0649 0.968095
1500 pop1 1.06091 0.964462
1500 pop2 1.05951 0.963194
1600 pop1 1.06244 0.965852
1600 pop2 1.06102 0.964566
1700 pop1 1.06545 0.968594
1700 pop2 1.05505 0.959135
1800 pop1 1.06569 0.968807
1800 pop2 1.05572 0.959741
1900 pop1 1.05884 0.962586
1900 pop2 1.06539 0.96854
2000 pop1 1.05993 0.963574
2000 pop2 1.06276 0.966149
2100 pop1 1.06527 0.96843
2100 pop2 1.05738 0.961251
2200 pop1 1.06387 0.967156
2200 pop2 1.05565 0.959679
2300 pop1 1.06307 0.966424
2300 pop2 1.062 0.96545
2400 pop1 1.0623 0.965728
2400 pop2 1.05866 0.96242
2500 pop1 1.06365 0.966957
2500 pop2 1.06018 0.963804
2600 pop1 1.06424 0.967487
2600 pop2 1.06119 0.964721
2700 pop1 1.06581 0.968916
2700 pop2 1.05874 0.962492
2800 pop1 1.06434 0.967583
2800 pop2 1.05542 0.959472
2900 pop1 1.06352 0.966837
2900 pop2 1.06004 0.963673
3000 pop1 1.05839 0.962175
3000 pop2 1.06566 0.968784
3100 pop1 1.05827 0.962068
3100 pop2 1.06072 0.96429
3200 pop1 1.06151 0.965007
3200 pop2 1.06128 0.964803
3300 pop1 1.06307 0.96643
3300 pop2 1.06169 0.965174
3400 pop1 1.06294 0.966313
3400 pop2 1.05876 0.962512
3500 pop1 1.06687 0.969878
3500 pop2 1.05738 0.961256
3600 pop1 1.06405 0.967322
3600 pop2 1.05929 0.962994
3700 pop1 1.0596 0.963276
3700 pop2 1.06388 0.967168
3800 pop1 1.05826 0.962051
3800 pop2 1.06263 0.966031
3900 pop1 1.06292 0.966294
3900 pop2 1.06197 0.965424
4000 pop1 1.06588 0.968979
4000 pop2 1.05537 0.959425
4100 pop1 1.06423 0.967478
4100 pop2 1.05881 0.962556
4200 pop1 1.06666 0.969695
4200 pop2 1.05546 0.95951
4300 pop1 1.06664 0.96967
4300 pop2 1.05462 0.958743
4400 pop1 1.06111 0.964645
4400 pop2 1.06011 0.963737
4500 pop1 1.05848 0.962253
4500 pop2 1.0633 0.966638
4600 pop1 1.06144 0.964942
4600 pop2 1.06102 0.964566
4700 pop1 1.06004 0.963676
4700 pop2 1.0622 0.965639
4800 pop1 1.05973 0.963392
4800 pop2 1.06203 0.965481
4900 pop1 1.06407 0.967337
4900 pop2 1.0609 0.964452
5000 pop1 1.06404 0.967313
5000 pop2 1.05511 0.959189
