1 pop1 1.0 0.980392
1 pop2 1.0 0.980392
100 pop1 1.00286 0.983199
100 pop2 0.998746 0.979163
200 pop1 1.00469 0.984991
200 pop2 0.997443 0.977885
300 pop1 1.00322 0.983547
300 pop2 0.998247 0.978674
400 pop1 1.0025 0.982844
400 pop2 0.997902 0.978336
500 pop1 1.00445 0.984759
500 pop2 0.995645 0.976123
600 pop1 1.00518 0.985473
600 pop2 0.995443 0.975924
700 pop1 1.00537 0.985654
700 pop2 0.99513 0.975618
800 pop1 1.00352 0.983847
800 pop2 0.996209 0.976675
900 pop1 1.00449 0.984797
900 pop2 0.995819 0.976294
1000 pop1 1.00389 0.984207
1000 pop2 0.996653 0.977111
1100 pop1 1.00602 0.98629
1100 pop2 0.995002 0.975493
1200 pop1 1.01213 0.992284
1200 pop2 0.996923 0.977375
1300 pop1 1.01196 0.992115
1300 pop2 1.00244 0.982786
1400 pop1 1.01141 0.991579
1400 pop2 1.00489 0.985191
1500 pop1 1.01091 0.991089
1500 pop2 1.00657 0.986835
1600 pop1 1.00903 0.989246
1600 pop2 1.00942 0.989629
1700 pop1 1.00973 0.989933
1700 pop2 1.00916 0.98937
1800 pop1 1.0105 0.990685
1800 pop2 1.00885 0.989072
1900 pop1 1.01065 0.990836
1900 pop2 1.00808 0.988318
2000 pop1 1.01108 0.991255
2000 pop2 1.00825 0.988482
2100 pop1 1.0113 0.991472
2100 pop2 1.00713 0.987387
2200 pop1 1.01204 0.9922
2200 pop2 1.00702 0.987277
2300 pop1 1.01241 0.992561
2300 pop2 1.00667 0.986928
2400 pop1 1.01265 0.992797
2400 pop2 1.00626 0.986534
2500 pop1 1.0119 0.992058
2500 pop2 1.00688 0.987139
2600 pop1 1.0132 0.993335
2600 pop2 1.00581 0.986086
2700 pop1 1.0127 0.992845
2700 pop2 1.00661 0.986874
2800 pop1 1.01388 0.994001
2800 pop2 1.00615 0.986418
2900 pop1 1.01595 0.996031
2900 pop2 1.00398 0.984292
3000 pop1 1.01601 0.996086
3000 pop2 1.00449 0.984796
3100 pop1 1.01549 0.995579
3100 pop2 1.00484 0.985139
3200 pop1 1.01566 0.995748
3200 pop2 1.00463 0.984927
3300 pop1 1.01579 0.995868
3300 pop2 1.00416 0.984467
3400 pop1 1.01425 0.994361
3400 pop2 1.00649 0.986758
3500 pop1 1.01485 0.994955
3500 pop2 1.00566 0.985943
3600 pop1 1.01511 0.995201
3600 pop2 1.0048 0.985101
3700 pop1 1.0154 0.995495
3700 pop2 1.00512 0.985416
3800 pop1 1.01408 0.994198
3800 pop2 1.00616 0.986428
3900 pop1 1.01359 0.993718
3900 pop2 1.00673 0.986994
4000 pop1 1.01343 0.99356
4000 pop2 1.00695 0.987203
4100 pop1 1.01566 0.995745
4100 pop2 1.00479 0.985093
4200 pop1 1.0154 0.995487
4200 pop2 1.00491 0.985207
4300 pop1 1.016 0.996082
4300 pop2 1.00414 0.984447
4400 pop1 1.01577 0.995852
4400 pop2 1.00453 0.984837
4500 pop1 1.01535 0.995443
4500 pop2 1.00459 0.984892
4600 pop1 1.01477 0.994876
4600 pop2 1.00538 0.985668
4700 pop1 1.01607 0.996149
4700 pop2 1.00435 0.984656
4800 pop1 1.01625 0.996327
4800 pop2 1.00437 0.984676
4900 pop1 1.01479 0.994896
4900 pop2 1.00584 0.986116
5000 pop1 1.01414 0.994257
5000 pop2 1.00602 0.986294
