1 pop1 1.0 0.980392
1 pop2 1.0 0.980392
100 pop1 1.00205 0.982401
100 pop2 1.00167 0.982026
200 pop1 1.00193 0.982289
200 pop2 1.0006 0.980985
300 pop1 1.00128 0.981652
300 pop2 1.00417 0.984478
400 pop1 0.999532 0.979933
400 pop2 1.0037 0.984022
500 pop1 0.999995 0.980387
500 pop2 1.00318 0.983511
600 pop1 1.00197 0.982328
600 pop2 1.0004 0.980781
700 pop1 0.999737 0.980134
700 pop2 1.00366 0.983976
800 pop1 1.00028 0.980667
800 pop2 1.00227 0.982615
900 pop1 0.999172 0.97958
900 pop2 1.00413 0.984444
1000 pop1 1.00572 0.985999
1000 pop2 0.997132 0.97758
1100 pop1 1.01177 0.991929
1100 pop2 0.995488 0.975968
1200 pop1 1.01539 0.995478
1200 pop2 0.994666 0.975163
1300 pop1 1.01678 0.996841
1300 pop2 0.995872 0.976345
1400 pop1 1.01844 0.998472
1400 pop2 0.996435 0.976897
1500 pop1 1.01975 0.999757
1500 pop2 0.997851 0.978285
1600 pop1 1.01987 0.999873
1600 pop2 0.998851 0.979266
1700 pop1 1.01962 0.999626
1700 pop2 0.999058 0.979469
1800 pop1 1.0198 0.9998
1800 pop2 0.999262 0.979668
1900 pop1 1.0201 1.0001
1900 pop2 0.999198 0.979606
2000 pop1 1.0201 1.0001
2000 pop2 0.999661 0.98006
2100 pop1 1.0201 1.0001
2100 pop2 0.999892 0.980287
2200 pop1 1.0201 1.0001
2200 pop2 0.999876 0.980271
2300 pop1 1.0201 1.0001
2300 pop2 1.0 0.980392
2400 pop1 1.0201 1.0001
2400 pop2 1.0 0.980392
2500 pop1 1.0201 1.0001
2500 pop2 1.0 0.980392
2600 pop1 1.0201 1.0001
2600 pop2 1.0 0.980392
2700 pop1 1.0201 1.0001
2700 pop2 1.0 0.980392
2800 pop1 1.0201 1.0001
2800 pop2 1.0 0.980392
2900 pop1 1.0201 1.0001
2900 pop2 1.0 0.980392
3000 pop1 1.0201 1.0001
3000 pop2 1.0 0.980392
3100 pop1 1.0201 1.0001
3100 pop2 1.0 0.980392
3200 pop1 1.0201 1.0001
3200 pop2 1.0 0.980392
3300 pop1 1.0201 1.0001
3300 pop2 1.0 0.980392
3400 pop1 1.0201 1.0001
3400 pop2 1.0 0.980392
3500 pop1 1.0201 1.0001
3500 pop2 1.0 0.980392
3600 pop1 1.0201 1.0001
3600 pop2 1.0 0.980392
3700 pop1 1.0201 1.0001
3700 pop2 1.0 0.980392
3800 pop1 1.0201 1.0001
3800 pop2 1.0 0.980392
3900 pop1 1.0201 1.0001
3900 pop2 1.0 0.980392
4000 pop1 1.0201 1.0001
4000 pop2 1.0 0.980392
4100 pop1 1.0201 1.0001
4100 pop2 1.0 0.980392
4200 pop1 1.0201 1.0001
4200 pop2 1.0 0.980392
4300 pop1 1.0201 1.0001
4300 pop2 1.0 0.980392
4400 pop1 1.0201 1.0001
4400 pop2 1.0 0.980392
4500 pop1 1.0201 1.0001
4500 pop2 1.0 0.980392
4600 pop1 1.0201 1.0001
4600 pop2 1.0 0.980392
4700 pop1 1.0201 1.0001
4700 pop2 1.0 0.980392
4800 pop1 1.0201 1.0001
4800 pop2 1.0 0.980392
4900 pop1 1.0201 1.0001
4900 pop2 1.0 0.980392
5000 pop1 1.0201 1.0001
5000 pop2 1.0 0.980392
