1 pop1 1.0 0.909091
1 pop2 1.0 0.909091
100 pop1 1.08348 0.98498
100 pop2 1.0818 0.983451
200 pop1 1.08722 0.988385
200 pop2 1.08889 0.989899
300 pop1 1.08259 0.984168
300 pop2 1.08607 0.987333
400 pop1 1.08396 0.985415
400 pop2 1.08108 0.982798
500 pop1 1.08031 0.982102
500 pop2 1.08266 0.984233
600 pop1 1.08492 0.986293
600 pop2 1.08258 0.984167
700 pop1 1.08666 0.98787
700 pop2 1.08346 0.984967
800 pop1 1.08351 0.985005
800 pop2 1.08447 0.985884
900 pop1 1.08587 0.987156
900 pop2 1.08442 0.98584
1000 pop1 1.08264 0.98422
1000 pop2 1.08421 0.985646
1100 pop1 1.09708 0.997341
1100 pop2 0.999605 0.908732
1200 pop1 1.09906 0.999141
1200 pop2 1.0 0.909091
1300 pop1 1.10047 1.00042
1300 pop2 1.0 0.909091
1400 pop1 1.10204 1.00186
1400 pop2 1.0 0.909091
1500 pop1 1.10176 1.0016
1500 pop2 1.0 0.909091
1600 pop1 1.1015 1.00137
1600 pop2 1.0 0.909091
1700 pop1 1.1025 1.00227
1700 pop2 1.0 0.909091
1800 pop1 1.1025 1.00227
1800 pop2 1.0 0.909091
1900 pop1 1.1025 1.00227
1900 pop2 1.0 0.909091
2000 pop1 1.1025 1.00227
2000 pop2 1.0 0.909091
2100 pop1 1.1025 1.00227
2100 pop2 1.0 0.909091
2200 pop1 1.1025 1.00227
2200 pop2 1.0 0.909091
2300 pop1 1.1025 1.00227
2300 pop2 1.0 0.909091
2400 pop1 1.1025 1.00227
2400 pop2 1.0 0.909091
2500 pop1 1.1025 1.00227
2500 pop2 1.0 0.909091
2600 pop1 1.1025 1.00227
2600 pop2 1.0 0.909091
2700 pop1 1.1025 1.00227
2700 pop2 1.0 0.909091
2800 pop1 1.1025 1.00227
2800 pop2 1.0 0.909091
2900 pop1 1.1025 1.00227
2900 pop2 1.0 0.909091
3000 pop1 1.1025 1.00227
3000 pop2 1.0 0.909091
3100 pop1 1.1025 1.00227
3100 pop2 1.0 0.909091
3200 pop1 1.1025 1.00227
3200 pop2 1.0 0.909091
3300 pop1 1.1025 1.00227
3300 pop2 1.0 0.909091
3400 pop1 1.1025 1.00227
3400 pop2 1.0 0.909091
3500 pop1 1.1025 1.00227
3500 pop2 1.0 0.909091
3600 pop1 1.1025 1.00227
3600 pop2 1.0 0.909091
3700 pop1 1.1025 1.00227
3700 pop2 1.0 0.909091
3800 pop1 1.1025 1.00227
3800 pop2 1.0 0.909091
3900 pop1 1.1025 1.00227
3900 pop2 1.0 0.909091
4000 pop1 1.1025 1.00227
4000 pop2 1.0 0.909091
4100 pop1 1.1025 1.00227
4100 pop2 1.0 0.909091
4200 pop1 1.1025 1.00227
4200 pop2 1.0 0.909091
4300 pop1 1.1025 1.00227
4300 pop2 1.0 0.909091
4400 pop1 1.1025 1.00227
4400 pop2 1.0 0.909091
4500 pop1 1.1025 1.00227
4500 pop2 1.0 0.909091
4600 pop1 1.1025 1.00227
4600 pop2 1.0 0.909091
4700 pop1 1.1025 1.00227
4700 pop2 1.0 0.909091
4800 pop1 1.1025 1.00227
4800 pop2 1.0 0.909091
4900 pop1 1.1025 1.00227
4900 pop2 1.0 0.909091
5000 pop1 1.1025 1.00227
5000 pop2 1.0 0.909091
