1 pop1 1.0 0.980392
1 pop2 1.0 0.980392
100 pop1 1.00432 0.984628
100 pop2 0.998679 0.979097
200 pop1 1.00616 0.986435
200 pop2 0.997711 0.978148
300 pop1 1.00533 0.985617
300 pop2 0.997566 0.978005
400 pop1 1.00474 0.985036
400 pop2 1.00004 0.980427
500 pop1 1.00211 0.982463
500 pop2 1.0011 0.98147
600 pop1 1.00234 0.982687
600 pop2 1.00125 0.981613
700 pop1 1.00475 0.985051
700 pop2 0.998677 0.979095
800 pop1 1.00309 0.983418
800 pop2 1.00064 0.981015
900 pop1 1.00122 0.981589
900 pop2 1.00356 0.983881
1000 pop1 1.00307 0.983402
1000 pop2 1.00012 0.980505
1100 pop1 1.00767 0.987916
1100 pop2 0.995688 0.976165
1200 pop1 1.0156 0.995683
1200 pop2 0.994539 0.975039
1300 pop1 1.01645 0.996519
1300 pop2 0.994311 0.974815
1400 pop1 1.01805 0.998088
1400 pop2 0.9955 0.97598
1500 pop1 1.01942 0.999432
1500 pop2 0.997906 0.978339
1600 pop1 1.0195 0.99951
1600 pop2 0.998717 0.979134
1700 pop1 1.02005 1.00005
1700 pop2 0.999122 0.979532
1800 pop1 1.0201 1.0001
1800 pop2 0.999613 0.980013
1900 pop1 1.01999 0.999988
1900 pop2 0.999725 0.980122
2000 pop1 1.01991 0.999916
2000 pop2 0.99996 0.980353
2100 pop1 1.02004 1.00004
2100 pop2 0.999968 0.980361
2200 pop1 1.0201 1.0001
2200 pop2 0.999773 0.980169
2300 pop1 1.0201 1.0001
2300 pop2 0.999936 0.98033
2400 pop1 1.0201 1.0001
2400 pop2 1.0 0.980392
2500 pop1 1.0201 1.0001
2500 pop2 1.0 0.980392
2600 pop1 1.0201 1.0001
2600 pop2 1.0 0.980392
2700 pop1 1.0201 1.0001
2700 pop2 1.0 0.980392
2800 pop1 1.0201 1.0001
2800 pop2 1.0 0.980392
2900 pop1 1.0201 1.0001
2900 pop2 1.0 0.980392
3000 pop1 1.0201 1.0001
3000 pop2 1.0 0.980392
3100 pop1 1.0201 1.0001
3100 pop2 1.0 0.980392
3200 pop1 1.0201 1.0001
3200 pop2 1.0 0.980392
3300 pop1 1.0201 1.0001
3300 pop2 1.0 0.980392
3400 pop1 1.0201 1.0001
3400 pop2 1.0 0.980392
3500 pop1 1.0201 1.0001
3500 pop2 1.0 0.980392
3600 pop1 1.0201 1.0001
3600 pop2 1.0 0.980392
3700 pop1 1.0201 1.0001
3700 pop2 1.0 0.980392
3800 pop1 1.0201 1.0001
3800 pop2 1.0 0.980392
3900 pop1 1.0201 1.0001
3900 pop2 1.0 0.980392
4000 pop1 1.0201 1.0001
4000 pop2 1.0 0.980392
4100 pop1 1.0201 1.0001
4100 pop2 1.0 0.980392
4200 pop1 1.0201 1.0001
4200 pop2 1.0 0.980392
4300 pop1 1.0201 1.0001
4300 pop2 1.0 0.980392
4400 pop1 1.0201 1.0001
4400 pop2 1.0 0.980392
4500 pop1 1.0201 1.0001
4500 pop2 1.0 0.980392
4600 pop1 1.0201 1.0001
4600 pop2 1.0 0.980392
4700 pop1 1.0201 1.0001
4700 pop2 1.0 0.980392
4800 pop1 1.0201 1.0001
4800 pop2 1.0 0.980392
4900 pop1 1.0201 1.0001
4900 pop2 1.0 0.980392
5000 pop1 1.0201 1.0001
5000 pop2 1.0 0.980392
