1 pop1 1.0 0.909091
1 pop2 1.0 0.909091
100 pop1 1.02732 0.933932
100 pop2 1.00384 0.912585
200 pop1 1.01467 0.922425
200 pop2 1.01569 0.923351
300 pop1 1.00881 0.917105
300 pop2 1.01905 0.926406
400 pop1 1.00676 0.915238
400 pop2 1.02009 0.927359
500 pop1 1.01251 0.92046
500 pop2 1.01522 0.922929
600 pop1 1.00759 0.915987
600 pop2 1.02076 0.927966
700 pop1 1.01076 0.918871
700 pop2 1.02263 0.929663
800 pop1 1.01229 0.920262
800 pop2 1.01486 0.922603
900 pop1 1.01694 0.924491
900 pop2 1.01795 0.925407
1000 pop1 1.02011 0.927371
1000 pop2 1.01273 0.920663
1100 pop1 1.0417 0.946997
1100 pop2 1.05445 0.958588
1200 pop1 1.03819 0.943807
1200 pop2 1.06483 0.968031
1300 pop1 1.03148 0.93771
1300 pop2 1.06747 0.97043
1400 pop1 1.03176 0.937963
1400 pop2 1.07267 0.975157
1500 pop1 1.02822 0.934746
1500 pop2 1.07625 0.978406
1600 pop1 1.02046 0.92769
1600 pop2 1.08118 0.982892
1700 pop1 1.02727 0.933878
1700 pop2 1.0781 0.980093
1800 pop1 1.02742 0.934021
1800 pop2 1.07718 0.979257
1900 pop1 1.03535 0.941225
1900 pop2 1.06816 0.971053
2000 pop1 1.02346 0.930421
2000 pop2 1.08079 0.982535
2100 pop1 1.01701 0.92455
2100 pop2 1.08494 0.986313
2200 pop1 1.02381 0.930736
2200 pop2 1.08034 0.982123
2300 pop1 1.02976 0.936147
2300 pop2 1.07461 0.976919
2400 pop1 1.0335 0.939545
2400 pop2 1.07053 0.973206
2500 pop1 1.03446 0.940419
2500 pop2 1.07142 0.974018
2600 pop1 1.03465 0.940587
2600 pop2 1.07179 0.974352
2700 pop1 1.04366 0.948777
2700 pop2 1.06599 0.969081
2800 pop1 1.04682 0.95165
2800 pop2 1.06301 0.966369
2900 pop1 1.04817 0.952882
2900 pop2 1.06112 0.964652
3000 pop1 1.04717 0.951976
3000 pop2 1.0644 0.967641
3100 pop1 1.05016 0.954691
3100 pop2 1.06068 0.964257
3200 pop1 1.0514 0.955822
3200 pop2 1.05715 0.961049
3300 pop1 1.05087 0.955337
3300 pop2 1.058 0.96182
3400 pop1 1.05213 0.956481
3400 pop2 1.05828 0.962074
3500 pop1 1.04966 0.954239
3500 pop2 1.05984 0.963493
3600 pop1 1.04959 0.954172
3600 pop2 1.06054 0.964129
3700 pop1 1.0513 0.955729
3700 pop2 1.0623 0.965725
3800 pop1 1.05465 0.958772
3800 pop2 1.05666 0.960604
3900 pop1 1.05762 0.961474
3900 pop2 1.05393 0.958114
4000 pop1 1.05905 0.962774
4000 pop2 1.05044 0.954948
4100 pop1 1.05355 0.957774
4100 pop2 1.05749 0.961353
4200 pop1 1.06161 0.9651
4200 pop2 1.04743 0.952206
4300 pop1 1.06011 0.963741
4300 pop2 1.05289 0.957172
4400 pop1 1.06163 0.965117
4400 pop2 1.05096 0.955421
4500 pop1 1.05127 0.955698
4500 pop2 1.05827 0.962065
4600 pop1 1.05307 0.957335
4600 pop2 1.0581 0.961911
4700 pop1 1.05569 0.959721
4700 pop2 1.05524 0.959308
4800 pop1 1.05469 0.958813
4800 pop2 1.05416 0.958326
4900 pop1 1.05713 0.961028
4900 pop2 1.05658 0.960527
5000 pop1 1.06306 0.966415
5000 pop2 1.04805 0.952773
