1 pop1 1.0 0.909091
1 pop2 1.0 0.909091
100 pop1 1.08158 0.983253
100 pop2 1.08561 0.986916
200 pop1 1.08222 0.983839
200 pop2 1.08502 0.986381
300 pop1 1.08358 0.985069
300 pop2 1.08023 0.982032
400 pop1 1.08183 0.983483
400 pop2 1.08005 0.981861
500 pop1 1.08083 0.982569
500 pop2 1.08491 0.986284
600 pop1 1.08326 0.984781
600 pop2 1.08373 0.985213
700 pop1 1.08362 0.98511
700 pop2 1.08369 0.985173
800 pop1 1.07962 0.981471
800 pop2 1.08464 0.986036
900 pop1 1.08386 0.985325
900 pop2 1.08287 0.984427
1000 pop1 1.08201 0.983645
1000 pop2 1.08579 0.987083
1100 pop1 1.08818 0.989258
1100 pop2 1.074 0.976361
1200 pop1 1.08222 0.983836
1200 pop2 1.08623 0.98748
1300 pop1 1.08514 0.986488
1300 pop2 1.0803 0.982092
1400 pop1 1.08396 0.985418
1400 pop2 1.08885 0.989863
1500 pop1 1.08456 0.985966
1500 pop2 1.08365 0.985136
1600 pop1 1.08442 0.98584
1600 pop2 1.08458 0.985979
1700 pop1 1.08698 0.988164
1700 pop2 1.08445 0.985868
1800 pop1 1.08619 0.987449
1800 pop2 1.08365 0.985138
1900 pop1 1.08673 0.98794
1900 pop2 1.08497 0.98634
2000 pop1 1.08431 0.985739
2000 pop2 1.0829 0.984455
2100 pop1 1.08842 0.989471
2100 pop2 1.08548 0.986803
2200 pop1 1.08464 0.986038
2200 pop2 1.08735 0.988498
2300 pop1 1.08992 0.990836
2300 pop2 1.08568 0.98698
2400 pop1 1.08759 0.98872
2400 pop2 1.08278 0.984343
2500 pop1 1.08351 0.985007
2500 pop2 1.0861 0.987365
2600 pop1 1.0872 0.988365
2600 pop2 1.08469 0.986086
2700 pop1 1.08519 0.986541
2700 pop2 1.08967 0.990606
2800 pop1 1.08557 0.986881
2800 pop2 1.08842 0.989474
2900 pop1 1.08661 0.987826
2900 pop2 1.08305 0.984593
3000 pop1 1.08543 0.986756
3000 pop2 1.08366 0.985149
3100 pop1 1.08684 0.988036
3100 pop2 1.08614 0.987396
3200 pop1 1.08877 0.989787
3200 pop2 1.08805 0.989135
3300 pop1 1.08194 0.983579
3300 pop2 1.08715 0.988319
3400 pop1 1.08622 0.98747
3400 pop2 1.0867 0.987913
3500 pop1 1.08435 0.985773
3500 pop2 1.07953 0.98139
3600 pop1 1.08387 0.985333
3600 pop2 1.08038 0.982164
3700 pop1 1.08767 0.988787
3700 pop2 1.08551 0.986831
3800 pop1 1.08349 0.984992
3800 pop2 1.08709 0.98826
3900 pop1 1.08678 0.98798
3900 pop2 1.08861 0.989645
4000 pop1 1.08546 0.986781
4000 pop2 1.0869 0.988089
4100 pop1 1.08537 0.986703
4100 pop2 1.08861 0.989645
4200 pop1 1.08478 0.986161
4200 pop2 1.08473 0.986116
4300 pop1 1.08478 0.98616
4300 pop2 1.08523 0.986576
4400 pop1 1.08652 0.987749
4400 pop2 1.08471 0.986103
4500 pop1 1.08167 0.983336
4500 pop2 1.08769 0.988809
4600 pop1 1.08241 0.984005
4600 pop2 1.08645 0.987682
4700 pop1 1.08479 0.986168
4700 pop2 1.0854 0.986729
4800 pop1 1.08437 0.985794
4800 pop2 1.08258 0.98416
4900 pop1 1.09118 0.991979
4900 pop2 1.08343 0.98494
5000 pop1 1.08378 0.985252
5000 pop2 1.08928 0.990254
