1 pop1 1.0 0.980392
1 pop2 1.0 0.980392
100 pop1 1.00204 0.982396
100 pop2 1.00074 0.981122
200 pop1 1.00154 0.981904
200 pop2 1.00052 0.980899
300 pop1 1.00223 0.98258
300 pop2 0.999474 0.979876
400 pop1 1.00128 0.981652
400 pop2 1.00047 0.980856
500 pop1 0.997552 0.977992
500 pop2 1.00326 0.983588
600 pop1 0.996007 0.976477
600 pop2 1.00503 0.985321
700 pop1 0.996445 0.976907
700 pop2 1.0058 0.986078
800 pop1 0.996417 0.976879
800 pop2 1.00565 0.98593
900 pop1 0.995678 0.976155
900 pop2 1.00584 0.98612
1000 pop1 0.996529 0.97699
1000 pop2 1.00517 0.985458
1100 pop1 1.00001 0.980398
1100 pop2 1.00271 0.983045
1200 pop1 1.00487 0.985168
1200 pop2 1.00595 0.986221
1300 pop1 1.00487 0.985164
1300 pop2 1.01 0.9902
1400 pop1 1.00676 0.987016
1400 pop2 1.01163 0.991789
1500 pop1 1.00658 0.986841
1500 pop2 1.01232 0.992473
1600 pop1 1.00743 0.987679
1600 pop2 1.01171 0.991877
1700 pop1 1.00641 0.986673
1700 pop2 1.01278 0.992923
1800 pop1 1.00541 0.985695
1800 pop2 1.01457 0.994679
1900 pop1 1.00378 0.984103
1900 pop2 1.01568 0.995762
2000 pop1 1.00353 0.983849
2000 pop2 1.01599 0.996072
2100 pop1 1.00517 0.985461
2100 pop2 1.01493 0.995028
2200 pop1 1.00467 0.984967
2200 pop2 1.01513 0.995221
2300 pop1 1.00545 0.985734
2300 pop2 1.01474 0.994841
2400 pop1 1.00545 0.985735
2400 pop2 1.01477 0.994873
2500 pop1 1.00463 0.984936
2500 pop2 1.01538 0.99547
2600 pop1 1.00457 0.984876
2600 pop2 1.01471 0.994815
2700 pop1 1.00482 0.98512
2700 pop2 1.01518 0.995275
2800 pop1 1.00441 0.984716
2800 pop2 1.01619 0.996261
2900 pop1 1.00512 0.985407
2900 pop2 1.01531 0.995405
3000 pop1 1.00617 0.98644
3000 pop2 1.01421 0.99432
3100 pop1 1.00676 0.987016
3100 pop2 1.0131 0.99324
3200 pop1 1.00702 0.987278
3200 pop2 1.01325 0.993379
3300 pop1 1.00589 0.986163
3300 pop2 1.01385 0.993968
3400 pop1 1.00717 0.987421
3400 pop2 1.01303 0.993163
3500 pop1 1.00641 0.986681
3500 pop2 1.0135 0.993623
3600 pop1 1.00634 0.986605
3600 pop2 1.01413 0.994242
3700 pop1 1.00498 0.985272
3700 pop2 1.01511 0.995209
3800 pop1 1.00518 0.985466
3800 pop2 1.01499 0.995092
3900 pop1 1.00545 0.985737
3900 pop2 1.01473 0.994838
4000 pop1 1.00471 0.985013
4000 pop2 1.01564 0.995725
4100 pop1 1.00573 0.986008
4100 pop2 1.01526 0.995356
4200 pop1 1.00596 0.986232
4200 pop2 1.0139 0.994022
4300 pop1 1.00575 0.986027
4300 pop2 1.01467 0.994778
4400 pop1 1.0058 0.986077
4400 pop2 1.01503 0.995123
4500 pop1 1.006 0.986275
4500 pop2 1.0143 0.994407
4600 pop1 1.00677 0.987034
4600 pop2 1.01296 0.993095
4700 pop1 1.00605 0.986325
4700 pop2 1.01404 0.994157
4800 pop1 1.00633 0.986594
4800 pop2 1.01426 0.994376
4900 pop1 1.00714 0.987396
4900 pop2 1.01375 0.993875
5000 pop1 1.00533 0.98562
5000 pop2 1.01529 0.995386
