1 pop1 1.0 0.833333
1 pop2 1.0 0.833333
100 pop1 1.19332 0.994436
100 pop2 1.19382 0.994847
200 pop1 1.19587 0.996555
200 pop2 1.18793 0.989938
300 pop1 1.1959 0.99658
300 pop2 1.19376 0.9948
400 pop1 1.19168 0.993069
400 pop2 1.1905 0.992084
500 pop1 1.18957 0.991306
500 pop2 1.18883 0.990692
600 pop1 1.18627 0.988558
600 pop2 1.18932 0.9911
700 pop1 1.1947 0.995582
700 pop2 1.19039 0.991989
800 pop1 1.19411 0.995089
800 pop2 1.18746 0.989552
900 pop1 1.1909 0.99242
900 pop2 1.18919 0.990988
1000 pop1 1.19278 0.99398
1000 pop2 1.19106 0.992553
1100 pop1 1.20193 1.00161
1100 pop2 0.999454 0.832878
1200 pop1 1.20752 1.00627
1200 pop2 0.998596 0.832163
1300 pop1 1.20738 1.00615
1300 pop2 0.997816 0.831513
1400 pop1 1.20974 1.00812
1400 pop2 0.999922 0.833268
1500 pop1 1.20996 1.0083
1500 pop2 0.999805 0.833171
1600 pop1 1.21 1.00833
1600 pop2 1.0 0.833333
1700 pop1 1.21 1.00833
1700 pop2 1.0 0.833333
1800 pop1 1.21 1.00833
1800 pop2 1.0 0.833333
1900 pop1 1.21 1.00833
1900 pop2 1.0 0.833333
2000 pop1 1.21 1.00833
2000 pop2 1.0 0.833333
2100 pop1 1.21 1.00833
2100 pop2 1.0 0.833333
2200 pop1 1.21 1.00833
2200 pop2 1.0 0.833333
2300 pop1 1.21 1.00833
2300 pop2 1.0 0.833333
2400 pop1 1.21 1.00833
2400 pop2 1.0 0.833333
2500 pop1 1.21 1.00833
2500 pop2 1.0 0.833333
2600 pop1 1.21 1.00833
2600 pop2 1.0 0.833333
2700 pop1 1.21 1.00833
2700 pop2 1.0 0.833333
2800 pop1 1.21 1.00833
2800 pop2 1.0 0.833333
2900 pop1 1.21 1.00833
2900 pop2 1.0 0.833333
3000 pop1 1.21 1.00833
3000 pop2 1.0 0.833333
3100 pop1 1.21 1.00833
3100 pop2 1.0 0.833333
3200 pop1 1.21 1.00833
3200 pop2 1.0 0.833333
3300 pop1 1.21 1.00833
3300 pop2 1.0 0.833333
3400 pop1 1.21 1.00833
3400 pop2 1.0 0.833333
3500 pop1 1.21 1.00833
3500 pop2 1.0 0.833333
3600 pop1 1.21 1.00833
3600 pop2 1.0 0.833333
3700 pop1 1.21 1.00833
3700 pop2 1.0 0.833333
3800 pop1 1.21 1.00833
3800 pop2 1.0 0.833333
3900 pop1 1.21 1.00833
3900 pop2 1.0 0.833333
4000 pop1 1.21 1.00833
4000 pop2 1.0 0.833333
4100 pop1 1.21 1.00833
4100 pop2 1.0 0.833333
4200 pop1 1.21 1.00833
4200 pop2 1.0 0.833333
4300 pop1 1.21 1.00833
4300 pop2 1.0 0.833333
4400 pop1 1.21 1.00833
4400 pop2 1.0 0.833333
4500 pop1 1.21 1.00833
4500 pop2 1.0 0.833333
4600 pop1 1.21 1.00833
4600 pop2 1.0 0.833333
4700 pop1 1.21 1.00833
4700 pop2 1.0 0.833333
4800 pop1 1.21 1.00833
4800 pop2 1.0 0.833333
4900 pop1 1.21 1.00833
4900 pop2 1.0 0.833333
5000 pop1 1.21 1.00833
5000 pop2 1.0 0.833333
