1 pop1 1.0 0.980392
1 pop2 1.0 0.980392
100 pop1 1.00405 0.984361
100 pop2 1.00057 0.980949
200 pop1 1.00182 0.982178
200 pop2 1.00126 0.981628
300 pop1 0.997339 0.977784
300 pop2 1.0049 0.985191
400 pop1 1.00049 0.980876
400 pop2 1.00366 0.983981
500 pop1 0.999786 0.980183
500 pop2 1.00394 0.984256
600 pop1 1.00066 0.981038
600 pop2 1.00217 0.982519
700 pop1 0.999804 0.9802
700 pop2 1.0045 0.984806
800 pop1 1.00337 0.983699
800 pop2 1.0003 0.980685
900 pop1 1.00389 0.984211
900 pop2 0.998073 0.978503
1000 pop1 1.0066 0.986859
1000 pop2 0.997458 0.9779
1100 pop1 1.01168 0.991842
1100 pop2 0.99536 0.975843
1200 pop1 1.01594 0.996021
1200 pop2 0.995055 0.975544
1300 pop1 1.01895 0.998975
1300 pop2 0.995314 0.975798
1400 pop1 1.01945 0.999459
1400 pop2 0.996759 0.977215
1500 pop1 1.02011 1.00011
1500 pop2 0.997471 0.977913
1600 pop1 1.0201 1.0001
1600 pop2 0.9985 0.978922
1700 pop1 1.0201 1.0001
1700 pop2 0.999422 0.979825
1800 pop1 1.0201 1.0001
1800 pop2 0.999781 0.980177
1900 pop1 1.0201 1.0001
1900 pop2 0.999876 0.980271
2000 pop1 1.0201 1.0001
2000 pop2 1.0 0.980392
2100 pop1 1.0201 1.0001
2100 pop2 1.0 0.980392
2200 pop1 1.0201 1.0001
2200 pop2 1.0 0.980392
2300 pop1 1.0201 1.0001
2300 pop2 1.0 0.980392
2400 pop1 1.0201 1.0001
2400 pop2 1.0 0.980392
2500 pop1 1.0201 1.0001
2500 pop2 1.0 0.980392
2600 pop1 1.0201 1.0001
2600 pop2 1.0 0.980392
2700 pop1 1.0201 1.0001
2700 pop2 1.0 0.980392
2800 pop1 1.0201 1.0001
2800 pop2 1.0 0.980392
2900 pop1 1.0201 1.0001
2900 pop2 1.0 0.980392
3000 pop1 1.0201 1.0001
3000 pop2 1.0 0.980392
3100 pop1 1.0201 1.0001
3100 pop2 1.0 0.980392
3200 pop1 1.0201 1.0001
3200 pop2 1.0 0.980392
3300 pop1 1.0201 1.0001
3300 pop2 1.0 0.980392
3400 pop1 1.0201 1.0001
3400 pop2 1.0 0.980392
3500 pop1 1.0201 1.0001
3500 pop2 1.0 0.980392
3600 pop1 1.0201 1.0001
3600 pop2 1.0 0.980392
3700 pop1 1.0201 1.0001
3700 pop2 1.0 0.980392
3800 pop1 1.0201 1.0001
3800 pop2 1.0 0.980392
3900 pop1 1.0201 1.0001
3900 pop2 1.0 0.980392
4000 pop1 1.0201 1.0001
4000 pop2 1.0 0.980392
4100 pop1 1.0201 1.0001
4100 pop2 1.0 0.980392
4200 pop1 1.0201 1.0001
4200 pop2 1.0 0.980392
4300 pop1 1.0201 1.0001
4300 pop2 1.0 0.980392
4400 pop1 1.0201 1.0001
4400 pop2 1.0 0.980392
4500 pop1 1.0201 1.0001
4500 pop2 1.0 0.980392
4600 pop1 1.0201 1.0001
4600 pop2 1.0 0.980392
4700 pop1 1.0201 1.0001
4700 pop2 1.0 0.980392
4800 pop1 1.0201 1.0001
4800 pop2 1.0 0.980392
4900 pop1 1.0201 1.0001
4900 pop2 1.0 0.980392
5000 pop1 1.0201 1.0001
5000 pop2 1.0 0.980392
