1 pop1 1.0 0.909091
1 pop2 1.0 0.909091
100 pop1 1.08047 0.982245
100 pop2 1.08115 0.982865
200 pop1 1.08053 0.982301
200 pop2 1.0845 0.985909
300 pop1 1.08163 0.983299
300 pop2 1.08262 0.984202
400 pop1 1.08096 0.982695
400 pop2 1.08064 0.982399
500 pop1 1.0829 0.984454
500 pop2 1.0802 0.981996
600 pop1 1.08128 0.982983
600 pop2 1.08372 0.985198
700 pop1 1.08214 0.98376
700 pop2 1.08254 0.984127
800 pop1 1.08094 0.982673
800 pop2 1.08442 0.985836
900 pop1 1.08092 0.982658
900 pop2 1.08219 0.983806
1000 pop1 1.08418 0.985621
1000 pop2 1.0873 0.988457
1100 pop1 1.08905 0.990044
1100 pop2 1.05741 0.961283
1200 pop1 1.08545 0.986776
1200 pop2 1.0842 0.985641
1300 pop1 1.08455 0.985953
1300 pop2 1.08475 0.986138
1400 pop1 1.08577 0.987066
1400 pop2 1.08402 0.985475
1500 pop1 1.08596 0.987238
1500 pop2 1.08518 0.986526
1600 pop1 1.08555 0.98686
1600 pop2 1.08747 0.988611
1700 pop1 1.08616 0.987418
1700 pop2 1.08737 0.988517
1800 pop1 1.08356 0.985054
1800 pop2 1.08496 0.986328
1900 pop1 1.08462 0.986014
1900 pop2 1.08635 0.987593
2000 pop1 1.08506 0.986421
2000 pop2 1.08641 0.987647
2100 pop1 1.08805 0.989136
2100 pop2 1.08582 0.987108
2200 pop1 1.08373 0.985213
2200 pop2 1.08398 0.985434
2300 pop1 1.08492 0.986289
2300 pop2 1.08451 0.985917
2400 pop1 1.08743 0.988573
2400 pop2 1.08184 0.983494
2500 pop1 1.08483 0.986211
2500 pop2 1.08211 0.983741
2600 pop1 1.08443 0.985843
2600 pop2 1.08494 0.986312
2700 pop1 1.08744 0.988581
2700 pop2 1.08358 0.985075
2800 pop1 1.08555 0.986862
2800 pop2 1.08322 0.984749
2900 pop1 1.08532 0.986652
2900 pop2 1.08546 0.986784
3000 pop1 1.08536 0.98669
3000 pop2 1.08575 0.987046
3100 pop1 1.0837 0.985185
3100 pop2 1.08633 0.987569
3200 pop1 1.08286 0.984418
3200 pop2 1.08873 0.989758
3300 pop1 1.08331 0.984827
3300 pop2 1.08406 0.985507
3400 pop1 1.0832 0.984726
3400 pop2 1.08567 0.986971
3500 pop1 1.08602 0.987287
3500 pop2 1.08386 0.98533
3600 pop1 1.08947 0.990429
3600 pop2 1.08209 0.983721
3700 pop1 1.08326 0.984786
3700 pop2 1.08452 0.985924
3800 pop1 1.08242 0.984017
3800 pop2 1.08782 0.988925
3900 pop1 1.08977 0.990698
3900 pop2 1.08556 0.986876
4000 pop1 1.08401 0.985465
4000 pop2 1.0874 0.988548
4100 pop1 1.08361 0.985101
4100 pop2 1.08744 0.988585
4200 pop1 1.08447 0.985879
4200 pop2 1.08429 0.985718
4300 pop1 1.08273 0.984304
4300 pop2 1.08875 0.989777
4400 pop1 1.08585 0.987139
4400 pop2 1.08621 0.987465
4500 pop1 1.08382 0.985287
4500 pop2 1.08459 0.985994
4600 pop1 1.0858 0.987093
4600 pop2 1.08755 0.988683
4700 pop1 1.08568 0.986983
4700 pop2 1.0828 0.984368
4800 pop1 1.08543 0.986754
4800 pop2 1.08523 0.986575
4900 pop1 1.08305 0.984592
4900 pop2 1.08441 0.985824
5000 pop1 1.08384 0.985306
5000 pop2 1.08274 0.984306
