1 pop1 1.0 0.833333
1 pop2 1.0 0.833333
100 pop1 1.18916 0.990963
100 pop2 1.19118 0.992654
200 pop1 1.19118 0.992649
200 pop2 1.18655 0.988792
300 pop1 1.19144 0.992867
300 pop2 1.19273 0.993939
400 pop1 1.18993 0.991607
400 pop2 1.19238 0.993649
500 pop1 1.18872 0.9906
500 pop2 1.19302 0.994183
600 pop1 1.19312 0.99427
600 pop2 1.19035 0.991956
700 pop1 1.18888 0.99073
700 pop2 1.19286 0.994053
800 pop1 1.19159 0.992994
800 pop2 1.19175 0.993121
900 pop1 1.19412 0.9951
900 pop2 1.18551 0.987926
1000 pop1 1.19202 0.993351
1000 pop2 1.18829 0.990242
1100 pop1 1.19708 0.997565
1100 pop2 0.99064 0.825533
1200 pop1 1.20211 1.00176
1200 pop2 0.99493 0.829108
1300 pop1 1.19842 0.998683
1300 pop2 0.992122 0.826768
1400 pop1 1.20586 1.00489
1400 pop2 0.997621 0.831351
1500 pop1 1.20584 1.00487
1500 pop2 0.997777 0.831481
1600 pop1 1.2094 1.00783
1600 pop2 0.999766 0.833138
1700 pop1 1.20639 1.00532
1700 pop2 1.0 0.833333
1800 pop1 1.20957 1.00798
1800 pop2 1.0 0.833333
1900 pop1 1.21 1.00833
1900 pop2 1.0 0.833333
2000 pop1 1.20983 1.00819
2000 pop2 1.0 0.833333
2100 pop1 1.21 1.00833
2100 pop2 1.0 0.833333
2200 pop1 1.21 1.00833
2200 pop2 1.0 0.833333
2300 pop1 1.21 1.00833
2300 pop2 1.0 0.833333
2400 pop1 1.21 1.00833
2400 pop2 1.0 0.833333
2500 pop1 1.21 1.00833
2500 pop2 1.0 0.833333
2600 pop1 1.21 1.00833
2600 pop2 1.0 0.833333
2700 pop1 1.21 1.00833
2700 pop2 1.0 0.833333
2800 pop1 1.21 1.00833
2800 pop2 1.0 0.833333
2900 pop1 1.21 1.00833
2900 pop2 1.0 0.833333
3000 pop1 1.21 1.00833
3000 pop2 1.0 0.833333
3100 pop1 1.21 1.00833
3100 pop2 1.0 0.833333
3200 pop1 1.21 1.00833
3200 pop2 1.0 0.833333
3300 pop1 1.21 1.00833
3300 pop2 1.0 0.833333
3400 pop1 1.21 1.00833
3400 pop2 1.0 0.833333
3500 pop1 1.21 1.00833
3500 pop2 1.0 0.833333
3600 pop1 1.21 1.00833
3600 pop2 1.0 0.833333
3700 pop1 1.21 1.00833
3700 pop2 1.0 0.833333
3800 pop1 1.21 1.00833
3800 pop2 1.0 0.833333
3900 pop1 1.21 1.00833
3900 pop2 1.0 0.833333
4000 pop1 1.21 1.00833
4000 pop2 1.0 0.833333
4100 pop1 1.21 1.00833
4100 pop2 1.0 0.833333
4200 pop1 1.21 1.00833
4200 pop2 1.0 0.833333
4300 pop1 1.21 1.00833
4300 pop2 1.0 0.833333
4400 pop1 1.21 1.00833
4400 pop2 1.0 0.833333
4500 pop1 1.21 1.00833
4500 pop2 1.0 0.833333
4600 pop1 1.21 1.00833
4600 pop2 1.0 0.833333
4700 pop1 1.21 1.00833
4700 pop2 1.0 0.833333
4800 pop1 1.21 1.00833
4800 pop2 1.0 0.833333
4900 pop1 1.21 1.00833
4900 pop2 1.0 0.833333
5000 pop1 1.21 1.00833
5000 pop2 1.0 0.833333
