1 pop1 1.0 0.833333
1 pop2 1.0 0.833333
100 pop1 1.18904 0.990867
100 pop2 1.19371 0.994758
200 pop1 1.1898 0.991499
200 pop2 1.18885 0.990706
300 pop1 1.18813 0.990109
300 pop2 1.19189 0.993245
400 pop1 1.19145 0.992874
400 pop2 1.18635 0.988624
500 pop1 1.18998 0.991651
500 pop2 1.19506 0.995883
600 pop1 1.19154 0.992947
600 pop2 1.18718 0.989319
700 pop1 1.19437 0.995309
700 pop2 1.18808 0.990065
800 pop1 1.18969 0.99141
800 pop2 1.19019 0.991826
900 pop1 1.18717 0.989309
900 pop2 1.18826 0.99022
1000 pop1 1.19106 0.99255
1000 pop2 1.18956 0.9913
1100 pop1 1.1908 0.992336
1100 pop2 1.19376 0.994798
1200 pop1 1.19167 0.993058
1200 pop2 1.18718 0.989314
1300 pop1 1.19261 0.99384
1300 pop2 1.19091 0.992425
1400 pop1 1.19338 0.994483
1400 pop2 1.19038 0.991979
1500 pop1 1.19114 0.992616
1500 pop2 1.19086 0.992383
1600 pop1 1.19192 0.993263
1600 pop2 1.19189 0.993241
1700 pop1 1.1887 0.990581
1700 pop2 1.19209 0.993409
1800 pop1 1.19482 0.995687
1800 pop2 1.18859 0.990488
1900 pop1 1.19613 0.996771
1900 pop2 1.1969 0.997421
2000 pop1 1.1875 0.989586
2000 pop2 1.18689 0.989076
2100 pop1 1.19328 0.994402
2100 pop2 1.18916 0.990968
2200 pop1 1.19 0.991663
2200 pop2 1.18987 0.99156
2300 pop1 1.19139 0.992823
2300 pop2 1.19064 0.992201
2400 pop1 1.19366 0.994715
2400 pop2 1.18925 0.991042
2500 pop1 1.19405 0.99504
2500 pop2 1.18863 0.990528
2600 pop1 1.19274 0.993951
2600 pop2 1.19406 0.995052
2700 pop1 1.18927 0.99106
2700 pop2 1.18919 0.990988
2800 pop1 1.19399 0.994992
2800 pop2 1.18843 0.990359
2900 pop1 1.19004 0.991704
2900 pop2 1.1903 0.991915
3000 pop1 1.18945 0.991206
3000 pop2 1.19178 0.993153
3100 pop1 1.18929 0.991073
3100 pop2 1.19381 0.994839
3200 pop1 1.18927 0.991058
3200 pop2 1.18884 0.990704
3300 pop1 1.1898 0.991497
3300 pop2 1.19031 0.991923
3400 pop1 1.19635 0.996962
3400 pop2 1.18823 0.990188
3500 pop1 1.19222 0.993518
3500 pop2 1.19055 0.992122
3600 pop1 1.19033 0.991943
3600 pop2 1.18799 0.989989
3700 pop1 1.19198 0.993317
3700 pop2 1.1897 0.99142
3800 pop1 1.19082 0.992347
3800 pop2 1.18753 0.989604
3900 pop1 1.19136 0.992797
3900 pop2 1.18868 0.990568
4000 pop1 1.18694 0.989117
4000 pop2 1.19203 0.993357
4100 pop1 1.19445 0.995374
4100 pop2 1.18852 0.99043
4200 pop1 1.19464 0.99553
4200 pop2 1.19184 0.993198
4300 pop1 1.19097 0.992476
4300 pop2 1.18927 0.991061
4400 pop1 1.19117 0.992643
4400 pop2 1.18965 0.991374
4500 pop1 1.18969 0.991406
4500 pop2 1.19236 0.993631
4600 pop1 1.19367 0.994721
4600 pop2 1.19328 0.994403
4700 pop1 1.19052 0.992102
4700 pop2 1.19099 0.992491
4800 pop1 1.19111 0.992594
4800 pop2 1.19219 0.993491
4900 pop1 1.19465 0.995543
4900 pop2 1.19104 0.992533
5000 pop1 1.18771 0.989761
5000 pop2 1.19197 0.993306
