1 pop1 1.0 0.980392
1 pop2 1.0 0.980392
100 pop1 1.00869 0.98891
100 pop2 1.00213 0.982483
200 pop1 1.00617 0.986437
200 pop2 1.00628 0.986545
300 pop1 1.00199 0.982344
300 pop2 1.00972 0.989922
400 pop1 1.00312 0.983448
400 pop2 1.00677 0.98703
500 pop1 1.00493 0.985227
500 pop2 1.00535 0.985639
600 pop1 1.00558 0.985867
600 pop2 1.00554 0.985825
700 pop1 1.00499 0.985285
700 pop2 1.00559 0.985876
800 pop1 1.00526 0.985549
800 pop2 1.00511 0.985403
900 pop1 1.00811 0.988346
900 pop2 1.00327 0.983595
1000 pop1 1.00756 0.987802
1000 pop2 1.00241 0.982752
1100 pop1 1.00875 0.988971
1100 pop2 1.00534 0.985628
1200 pop1 1.00718 0.98743
1200 pop2 1.0091 0.98931
1300 pop1 1.01035 0.990535
1300 pop2 1.01144 0.991606
1400 pop1 1.01107 0.991241
1400 pop2 1.01044 0.990623
1500 pop1 1.00991 0.990105
1500 pop2 1.01421 0.994325
1600 pop1 1.01159 0.991753
1600 pop2 1.01305 0.993184
1700 pop1 1.01176 0.991924
1700 pop2 1.01062 0.9908
1800 pop1 1.01291 0.993047
1800 pop2 1.01129 0.991463
1900 pop1 1.0118 0.991956
1900 pop2 1.01095 0.991126
2000 pop1 1.01064 0.990822
2000 pop2 1.01108 0.991257
2100 pop1 1.00936 0.98957
2100 pop2 1.01225 0.9924
2200 pop1 1.01112 0.991292
2200 pop2 1.01291 0.993048
2300 pop1 1.00974 0.989937
2300 pop2 1.01483 0.994931
2400 pop1 1.00807 0.988301
2400 pop2 1.016 0.996074
2500 pop1 1.00973 0.989932
2500 pop2 1.01452 0.994628
2600 pop1 1.00883 0.989051
2600 pop2 1.01507 0.995164
2700 pop1 1.00847 0.988697
2700 pop2 1.01465 0.994754
2800 pop1 1.00999 0.990183
2800 pop2 1.01392 0.994042
2900 pop1 1.00991 0.990105
2900 pop2 1.01571 0.995797
3000 pop1 1.00794 0.988179
3000 pop2 1.01547 0.995557
3100 pop1 1.01192 0.99208
3100 pop2 1.0137 0.993822
3200 pop1 1.01268 0.992828
3200 pop2 1.01187 0.992028
3300 pop1 1.01137 0.991544
3300 pop2 1.01196 0.992121
3400 pop1 1.01326 0.99339
3400 pop2 1.01357 0.993692
3500 pop1 1.01263 0.992771
3500 pop2 1.01239 0.99254
3600 pop1 1.01211 0.992261
3600 pop2 1.01382 0.993944
3700 pop1 1.01191 0.992066
3700 pop2 1.01236 0.992511
3800 pop1 1.01222 0.99237
3800 pop2 1.01152 0.991682
3900 pop1 1.01083 0.991008
3900 pop2 1.01324 0.993371
4000 pop1 1.01145 0.991618
4000 pop2 1.01471 0.994815
4100 pop1 1.00989 0.990089
4100 pop2 1.01431 0.994421
4200 pop1 1.01194 0.992097
4200 pop2 1.01293 0.993064
4300 pop1 1.01339 0.993516
4300 pop2 1.01132 0.99149
4400 pop1 1.01306 0.993199
4400 pop2 1.01013 0.990327
4500 pop1 1.01439 0.9945
4500 pop2 1.00974 0.989945
4600 pop1 1.01434 0.994456
4600 pop2 1.00988 0.990083
4700 pop1 1.01464 0.994745
4700 pop2 1.0101 0.990292
4800 pop1 1.01472 0.99482
4800 pop2 1.01154 0.991703
4900 pop1 1.01134 0.991507
4900 pop2 1.01136 0.991526
5000 pop1 1.0131 0.99323
5000 pop2 1.01233 0.99248
