1 pop1 1.0 0.909091
1 pop2 1.0 0.909091
100 pop1 1.07591 0.978103
100 pop2 1.08133 0.98303
200 pop1 1.08539 0.986719
200 pop2 1.08269 0.984267
300 pop1 1.08455 0.985955
300 pop2 1.0782 0.980185
400 pop1 1.08419 0.985627
400 pop2 1.08514 0.986491
500 pop1 1.0826 0.984182
500 pop2 1.08193 0.983571
600 pop1 1.0831 0.984638
600 pop2 1.08234 0.983946
700 pop1 1.08618 0.987435
700 pop2 1.07818 0.980166
800 pop1 1.07863 0.980577
800 pop2 1.08548 0.9868
900 pop1 1.0793 0.981186
900 pop2 1.0824 0.984002
1000 pop1 1.08239 0.983991
1000 pop2 1.081 0.982724
1100 pop1 1.08845 0.989502
1100 pop2 1.06613 0.969208
1200 pop1 1.08703 0.988209
1200 pop2 1.08613 0.987387
1300 pop1 1.08699 0.988171
1300 pop2 1.08704 0.98822
1400 pop1 1.08432 0.985747
1400 pop2 1.08252 0.984112
1500 pop1 1.08841 0.989462
1500 pop2 1.0853 0.986637
1600 pop1 1.0839 0.985364
1600 pop2 1.08495 0.986314
1700 pop1 1.08704 0.988218
1700 pop2 1.08443 0.985842
1800 pop1 1.08248 0.984072
1800 pop2 1.08777 0.988886
1900 pop1 1.08839 0.989445
1900 pop2 1.08718 0.988343
2000 pop1 1.08509 0.986443
2000 pop2 1.0858 0.987087
2100 pop1 1.08412 0.985561
2100 pop2 1.08706 0.988234
2200 pop1 1.08655 0.987771
2200 pop2 1.08657 0.987795
2300 pop1 1.08792 0.989018
2300 pop2 1.08673 0.987933
2400 pop1 1.08591 0.98719
2400 pop2 1.08744 0.988584
2500 pop1 1.08469 0.986078
2500 pop2 1.08819 0.989267
2600 pop1 1.08765 0.98877
2600 pop2 1.08308 0.984618
2700 pop1 1.08384 0.985307
2700 pop2 1.08521 0.986558
2800 pop1 1.08676 0.987965
2800 pop2 1.08237 0.983968
2900 pop1 1.08828 0.989347
2900 pop2 1.08335 0.984864
3000 pop1 1.08695 0.988136
3000 pop2 1.08435 0.985771
3100 pop1 1.08288 0.984432
3100 pop2 1.08555 0.986861
3200 pop1 1.08642 0.987651
3200 pop2 1.08589 0.987174
3300 pop1 1.08583 0.987117
3300 pop2 1.08437 0.98579
3400 pop1 1.08693 0.988115
3400 pop2 1.08783 0.988932
3500 pop1 1.08721 0.988371
3500 pop2 1.08854 0.989584
3600 pop1 1.08384 0.985306
3600 pop2 1.08697 0.988157
3700 pop1 1.08445 0.985864
3700 pop2 1.08253 0.984115
3800 pop1 1.08233 0.98394
3800 pop2 1.0855 0.986821
3900 pop1 1.08437 0.98579
3900 pop2 1.08452 0.985923
4000 pop1 1.08503 0.986391
4000 pop2 1.08412 0.985566
4100 pop1 1.08623 0.987481
4100 pop2 1.09026 0.991142
4200 pop1 1.08513 0.986483
4200 pop2 1.08462 0.986017
4300 pop1 1.08526 0.986603
4300 pop2 1.08587 0.987157
4400 pop1 1.08231 0.983921
4400 pop2 1.08553 0.986842
4500 pop1 1.08355 0.985048
4500 pop2 1.08282 0.984382
4600 pop1 1.08419 0.985631
4600 pop2 1.08625 0.987498
4700 pop1 1.08028 0.982074
4700 pop2 1.08906 0.990054
4800 pop1 1.08704 0.988216
4800 pop2 1.08677 0.987971
4900 pop1 1.08249 0.984079
4900 pop2 1.08882 0.989834
5000 pop1 1.08678 0.987983
5000 pop2 1.08356 0.985056
