1 pop1 1.0 0.980392
1 pop2 1.0 0.980392
100 pop1 1.00449 0.984789
100 pop2 1.00811 0.988348
200 pop1 1.00123 0.981597
200 pop2 1.01044 0.990624
300 pop1 1.00425 0.984561
300 pop2 1.00806 0.988293
400 pop1 1.00374 0.984056
400 pop2 1.00707 0.987325
500 pop1 1.00318 0.98351
500 pop2 1.00822 0.988452
600 pop1 1.00369 0.98401
600 pop2 1.00878 0.989004
700 pop1 1.00322 0.983552
700 pop2 1.00763 0.987871
800 pop1 1.00267 0.983012
800 pop2 1.00892 0.989133
900 pop1 1.00227 0.982618
900 pop2 1.00627 0.986538
1000 pop1 1.00363 0.983954
1000 pop2 1.00488 0.985177
1100 pop1 1.00727 0.987516
1100 pop2 0.999984 0.980377
1200 pop1 1.00831 0.988539
1200 pop2 1.00322 0.983545
1300 pop1 1.01231 0.992458
1300 pop2 1.00775 0.987988
1400 pop1 1.01472 0.994819
1400 pop2 1.00908 0.989292
1500 pop1 1.01452 0.99463
1500 pop2 1.00916 0.989373
1600 pop1 1.01244 0.992588
1600 pop2 1.00869 0.988912
1700 pop1 1.01117 0.991343
1700 pop2 1.01237 0.992517
1800 pop1 1.01091 0.991089
1800 pop2 1.01339 0.993523
1900 pop1 1.01201 0.992162
1900 pop2 1.01244 0.992584
2000 pop1 1.01276 0.992904
2000 pop2 1.01271 0.992849
2100 pop1 1.01225 0.992401
2100 pop2 1.01314 0.993272
2200 pop1 1.01231 0.992465
2200 pop2 1.01241 0.992562
2300 pop1 1.01089 0.991066
2300 pop2 1.01324 0.993373
2400 pop1 1.01078 0.990963
2400 pop2 1.01417 0.994281
2500 pop1 1.01015 0.990341
2500 pop2 1.01298 0.993121
2600 pop1 1.01093 0.991106
2600 pop2 1.01209 0.992248
2700 pop1 1.01072 0.9909
2700 pop2 1.01266 0.9928
2800 pop1 1.01029 0.99048
2800 pop2 1.0142 0.994313
2900 pop1 1.00923 0.989437
2900 pop2 1.01436 0.994474
3000 pop1 1.00725 0.987496
3000 pop2 1.01577 0.995855
3100 pop1 1.00743 0.987679
3100 pop2 1.01613 0.996201
3200 pop1 1.00801 0.988248
3200 pop2 1.01642 0.99649
3300 pop1 1.00917 0.989385
3300 pop2 1.01564 0.995727
3400 pop1 1.00942 0.98963
3400 pop2 1.01582 0.995901
3500 pop1 1.00875 0.988972
3500 pop2 1.01527 0.99536
3600 pop1 1.00885 0.989067
3600 pop2 1.01518 0.995277
3700 pop1 1.01009 0.990283
3700 pop2 1.01473 0.994831
3800 pop1 1.00905 0.989261
3800 pop2 1.01504 0.995135
3900 pop1 1.00766 0.987899
3900 pop2 1.01476 0.994859
4000 pop1 1.01054 0.990727
4000 pop2 1.01568 0.995762
4100 pop1 1.01078 0.99096
4100 pop2 1.01457 0.994677
4200 pop1 1.01105 0.991229
4200 pop2 1.01425 0.994361
4300 pop1 1.0097 0.989903
4300 pop2 1.01445 0.994563
4400 pop1 1.00836 0.988588
4400 pop2 1.01529 0.995387
4500 pop1 1.00958 0.98978
4500 pop2 1.01407 0.994184
4600 pop1 1.011 0.991174
4600 pop2 1.01286 0.992996
4700 pop1 1.01153 0.991693
4700 pop2 1.01347 0.993596
4800 pop1 1.01175 0.991911
4800 pop2 1.01387 0.993991
4900 pop1 1.01256 0.992703
4900 pop2 1.01076 0.990938
5000 pop1 1.01144 0.99161
5000 pop2 1.01177 0.991931
