1 pop1 1.0 0.909091
1 pop2 1.0 0.909091
100 pop1 1.01948 0.9268
100 pop2 1.01371 0.921557
200 pop1 1.01499 0.922715
200 pop2 1.01386 0.921693
300 pop1 1.01385 0.92168
300 pop2 1.01367 0.921516
400 pop1 1.019 0.926363
400 pop2 1.01168 0.91971
500 pop1 1.01401 0.92183
500 pop2 1.01839 0.925809
600 pop1 1.01152 0.919565
600 pop2 1.01692 0.924476
700 pop1 1.00657 0.915064
700 pop2 1.01696 0.924511
800 pop1 1.00803 0.916388
800 pop2 1.02465 0.931499
900 pop1 1.01787 0.92534
900 pop2 1.01481 0.922552
1000 pop1 1.01444 0.922218
1000 pop2 1.01501 0.922738
1100 pop1 1.05924 0.962949
1100 pop2 1.04347 0.948609
1200 pop1 1.0494 0.953996
1200 pop2 1.05396 0.958148
1300 pop1 1.04052 0.945924
1300 pop2 1.06748 0.970439
1400 pop1 1.04093 0.946299
1400 pop2 1.06813 0.971028
1500 pop1 1.04608 0.950978
1500 pop2 1.06578 0.968891
1600 pop1 1.04789 0.95263
1600 pop2 1.06228 0.965709
1700 pop1 1.0521 0.956452
1700 pop2 1.06005 0.963686
1800 pop1 1.04838 0.953075
1800 pop2 1.06202 0.965476
1900 pop1 1.05113 0.955576
1900 pop2 1.05761 0.961468
2000 pop1 1.05405 0.958223
2000 pop2 1.05806 0.961868
2100 pop1 1.0601 0.963729
2100 pop2 1.04962 0.954197
2200 pop1 1.05578 0.959804
2200 pop2 1.05511 0.959188
2300 pop1 1.05379 0.957991
2300 pop2 1.0577 0.961542
2400 pop1 1.0557 0.959727
2400 pop2 1.05665 0.960593
2500 pop1 1.05509 0.959169
2500 pop2 1.05422 0.958383
2600 pop1 1.06204 0.965493
2600 pop2 1.05091 0.955376
2700 pop1 1.0545 0.95864
2700 pop2 1.05679 0.960714
2800 pop1 1.0583 0.962093
2800 pop2 1.05425 0.958409
2900 pop1 1.05587 0.959884
2900 pop2 1.05576 0.959785
3000 pop1 1.0536 0.957822
3000 pop2 1.05883 0.962577
3100 pop1 1.0556 0.959639
3100 pop2 1.05612 0.960105
3200 pop1 1.04941 0.954008
3200 pop2 1.06069 0.964259
3300 pop1 1.04866 0.953327
3300 pop2 1.06602 0.96911
3400 pop1 1.0531 0.957363
3400 pop2 1.0567 0.960634
3500 pop1 1.0632 0.966545
3500 pop2 1.04728 0.952075
3600 pop1 1.06395 0.967229
3600 pop2 1.04549 0.950449
3700 pop1 1.05893 0.962659
3700 pop2 1.05096 0.955418
3800 pop1 1.05618 0.960165
3800 pop2 1.05544 0.959495
3900 pop1 1.0516 0.955998
3900 pop2 1.05875 0.962502
4000 pop1 1.05011 0.954649
4000 pop2 1.0643 0.967547
4100 pop1 1.05253 0.956845
4100 pop2 1.05841 0.962194
4200 pop1 1.05335 0.957591
4200 pop2 1.0588 0.962545
4300 pop1 1.05914 0.962858
4300 pop2 1.05022 0.954744
4400 pop1 1.06148 0.96498
4400 pop2 1.05002 0.95456
4500 pop1 1.0622 0.965634
4500 pop2 1.04884 0.953494
4600 pop1 1.05684 0.960765
4600 pop2 1.05631 0.960283
4700 pop1 1.05874 0.962495
4700 pop2 1.04969 0.95426
4800 pop1 1.0677 0.970633
4800 pop2 1.04266 0.94787
4900 pop1 1.05931 0.963006
4900 pop2 1.05456 0.958695
5000 pop1 1.05653 0.960479
5000 pop2 1.05091 0.955376
