1 pop1 1.0 0.980392
1 pop2 1.0 0.980392
100 pop1 1.00615 0.986421
100 pop2 1.00914 0.989355
200 pop1 1.0083 0.988534
200 pop2 1.00841 0.988639
300 pop1 1.00924 0.989455
300 pop2 1.00794 0.988177
400 pop1 1.00938 0.989588
400 pop2 1.01011 0.990302
500 pop1 1.0113 0.991472
500 pop2 1.00628 0.986548
600 pop1 1.00886 0.989079
600 pop2 1.00652 0.986784
700 pop1 1.00818 0.988407
700 pop2 1.00827 0.988499
800 pop1 1.00782 0.988062
800 pop2 1.01082 0.991001
900 pop1 1.00647 0.986738
900 pop2 1.01004 0.990239
1000 pop1 1.00784 0.98808
1000 pop2 1.01139 0.991562
1100 pop1 1.01089 0.991065
1100 pop2 0.99811 0.978539
1200 pop1 1.0167 0.99677
1200 pop2 0.996444 0.976905
1300 pop1 1.01678 0.99684
1300 pop2 0.996639 0.977097
1400 pop1 1.01829 0.998322
1400 pop2 0.996622 0.97708
1500 pop1 1.01889 0.998914
1500 pop2 0.996199 0.976665
1600 pop1 1.01869 0.998717
1600 pop2 0.996509 0.97697
1700 pop1 1.01922 0.999236
1700 pop2 0.997402 0.977846
1800 pop1 1.01978 0.999781
1800 pop2 0.997538 0.977979
1900 pop1 1.0201 1.0001
1900 pop2 0.998544 0.978964
2000 pop1 1.0201 1.0001
2000 pop2 0.998811 0.979226
2100 pop1 1.0201 1.0001
2100 pop2 0.999026 0.979438
2200 pop1 1.0201 1.0001
2200 pop2 0.999417 0.979821
2300 pop1 1.0201 1.0001
2300 pop2 0.999314 0.979719
2400 pop1 1.0201 1.0001
2400 pop2 0.999158 0.979567
2500 pop1 1.0201 1.0001
2500 pop2 0.999649 0.980048
2600 pop1 1.0201 1.0001
2600 pop2 0.999777 0.980173
2700 pop1 1.0201 1.0001
2700 pop2 0.999864 0.980259
2800 pop1 1.0201 1.0001
2800 pop2 0.999844 0.98024
2900 pop1 1.0201 1.0001
2900 pop2 0.999968 0.980361
3000 pop1 1.0201 1.0001
3000 pop2 1.0 0.980392
3100 pop1 1.0201 1.0001
3100 pop2 1.0 0.980392
3200 pop1 1.0201 1.0001
3200 pop2 1.0 0.980392
3300 pop1 1.0201 1.0001
3300 pop2 1.0 0.980392
3400 pop1 1.0201 1.0001
3400 pop2 1.0 0.980392
3500 pop1 1.0201 1.0001
3500 pop2 1.0 0.980392
3600 pop1 1.0201 1.0001
3600 pop2 1.0 0.980392
3700 pop1 1.0201 1.0001
3700 pop2 1.0 0.980392
3800 pop1 1.0201 1.0001
3800 pop2 1.0 0.980392
3900 pop1 1.0201 1.0001
3900 pop2 1.0 0.980392
4000 pop1 1.0201 1.0001
4000 pop2 1.0 0.980392
4100 pop1 1.0201 1.0001
4100 pop2 1.0 0.980392
4200 pop1 1.0201 1.0001
4200 pop2 1.0 0.980392
4300 pop1 1.0201 1.0001
4300 pop2 1.0 0.980392
4400 pop1 1.0201 1.0001
4400 pop2 1.0 0.980392
4500 pop1 1.0201 1.0001
4500 pop2 1.0 0.980392
4600 pop1 1.0201 1.0001
4600 pop2 1.0 0.980392
4700 pop1 1.0201 1.0001
4700 pop2 1.0 0.980392
4800 pop1 1.0201 1.0001
4800 pop2 1.0 0.980392
4900 pop1 1.0201 1.0001
4900 pop2 1.0 0.980392
5000 pop1 1.0201 1.0001
5000 pop2 1.0 0.980392
