1 pop1 1.0 0.980392
1 pop2 1.0 0.980392
100 pop1 1.0025 0.982843
100 pop2 0.999364 0.979768
200 pop1 0.999926 0.980319
200 pop2 1.0021 0.982454
300 pop1 1.00167 0.98203
300 pop2 0.999967 0.980359
400 pop1 1.00108 0.981455
400 pop2 0.999605 0.980005
500 pop1 1.00368 0.983999
500 pop2 0.997454 0.977896
600 pop1 1.0008 0.981175
600 pop2 1.00061 0.980987
700 pop1 1.00248 0.982823
700 pop2 0.999588 0.979988
800 pop1 1.00445 0.984755
800 pop2 0.99652 0.97698
900 pop1 1.00268 0.983018
900 pop2 0.99805 0.97848
1000 pop1 1.00373 0.984046
1000 pop2 0.997918 0.978351
1100 pop1 1.00763 0.987873
1100 pop2 0.995564 0.976043
1200 pop1 1.01096 0.991133
1200 pop2 0.994772 0.975266
1300 pop1 1.01408 0.9942
1300 pop2 0.994472 0.974973
1400 pop1 1.01516 0.995256
1400 pop2 0.995015 0.975505
1500 pop1 1.01734 0.997388
1500 pop2 0.994151 0.974658
1600 pop1 1.01949 0.999504
1600 pop2 0.994619 0.975116
1700 pop1 1.01989 0.999889
1700 pop2 0.995263 0.975748
1800 pop1 1.02011 1.00011
1800 pop2 0.996406 0.976869
1900 pop1 1.02011 1.0001
1900 pop2 0.997578 0.978018
2000 pop1 1.0201 1.0001
2000 pop2 0.998512 0.978933
2100 pop1 1.0201 1.0001
2100 pop2 0.999218 0.979625
2200 pop1 1.0201 1.0001
2200 pop2 0.999677 0.980075
2300 pop1 1.0201 1.0001
2300 pop2 0.999601 0.980001
2400 pop1 1.0201 1.0001
2400 pop2 0.999968 0.980361
2500 pop1 1.0201 1.0001
2500 pop2 1.0 0.980392
2600 pop1 1.0201 1.0001
2600 pop2 1.0 0.980392
2700 pop1 1.0201 1.0001
2700 pop2 1.0 0.980392
2800 pop1 1.0201 1.0001
2800 pop2 1.0 0.980392
2900 pop1 1.0201 1.0001
2900 pop2 1.0 0.980392
3000 pop1 1.0201 1.0001
3000 pop2 1.0 0.980392
3100 pop1 1.0201 1.0001
3100 pop2 1.0 0.980392
3200 pop1 1.0201 1.0001
3200 pop2 1.0 0.980392
3300 pop1 1.0201 1.0001
3300 pop2 1.0 0.980392
3400 pop1 1.0201 1.0001
3400 pop2 1.0 0.980392
3500 pop1 1.0201 1.0001
3500 pop2 1.0 0.980392
3600 pop1 1.0201 1.0001
3600 pop2 1.0 0.980392
3700 pop1 1.0201 1.0001
3700 pop2 1.0 0.980392
3800 pop1 1.0201 1.0001
3800 pop2 1.0 0.980392
3900 pop1 1.0201 1.0001
3900 pop2 1.0 0.980392
4000 pop1 1.0201 1.0001
4000 pop2 1.0 0.980392
4100 pop1 1.0201 1.0001
4100 pop2 1.0 0.980392
4200 pop1 1.0201 1.0001
4200 pop2 1.0 0.980392
4300 pop1 1.0201 1.0001
4300 pop2 1.0 0.980392
4400 pop1 1.0201 1.0001
4400 pop2 1.0 0.980392
4500 pop1 1.0201 1.0001
4500 pop2 1.0 0.980392
4600 pop1 1.0201 1.0001
4600 pop2 1.0 0.980392
4700 pop1 1.0201 1.0001
4700 pop2 1.0 0.980392
4800 pop1 1.0201 1.0001
4800 pop2 1.0 0.980392
4900 pop1 1.0201 1.0001
4900 pop2 1.0 0.980392
5000 pop1 1.0201 1.0001
5000 pop2 1.0 0.980392
