1 pop1 1.0 0.980392
1 pop2 1.0 0.980392
100 pop1 1.00326 0.983591
100 pop2 0.998398 0.978822
200 pop1 1.00326 0.983584
200 pop2 0.997584 0.978024
300 pop1 1.00138 0.981745
300 pop2 0.999218 0.979626
400 pop1 1.00237 0.98272
400 pop2 0.998915 0.979328
500 pop1 1.00387 0.984188
500 pop2 0.997994 0.978426
600 pop1 1.00501 0.985304
600 pop2 0.996375 0.976839
700 pop1 1.00747 0.987711
700 pop2 0.993845 0.974358
800 pop1 1.00875 0.988974
800 pop2 0.991858 0.97241
900 pop1 1.00931 0.989519
900 pop2 0.993108 0.973635
1000 pop1 1.00771 0.987952
1000 pop2 0.99448 0.974981
1100 pop1 1.01351 0.993633
1100 pop2 0.994301 0.974805
1200 pop1 1.01664 0.996711
1200 pop2 0.993707 0.974223
1300 pop1 1.01806 0.998094
1300 pop2 0.992764 0.973298
1400 pop1 1.01882 0.998843
1400 pop2 0.99278 0.973313
1500 pop1 1.02008 1.00008
1500 pop2 0.993277 0.973801
1600 pop1 1.02011 1.00011
1600 pop2 0.99406 0.974569
1700 pop1 1.02011 1.00011
1700 pop2 0.995418 0.9759
1800 pop1 1.02011 1.00011
1800 pop2 0.996515 0.976975
1900 pop1 1.02011 1.0001
1900 pop2 0.997663 0.978101
2000 pop1 1.0201 1.0001
2000 pop2 0.998073 0.978503
2100 pop1 1.0201 1.0001
2100 pop2 0.999242 0.979649
2200 pop1 1.0201 1.0001
2200 pop2 0.999079 0.979489
2300 pop1 1.0201 1.0001
2300 pop2 0.999397 0.979801
2400 pop1 1.0201 1.0001
2400 pop2 0.999589 0.979989
2500 pop1 1.0201 1.0001
2500 pop2 0.999182 0.97959
2600 pop1 1.0201 1.0001
2600 pop2 0.999031 0.979442
2700 pop1 1.0201 1.0001
2700 pop2 0.999445 0.979848
2800 pop1 1.0201 1.0001
2800 pop2 0.999908 0.980302
2900 pop1 1.0201 1.0001
2900 pop2 0.999773 0.980169
3000 pop1 1.0201 1.0001
3000 pop2 0.999777 0.980173
3100 pop1 1.0201 1.0001
3100 pop2 0.999852 0.980247
3200 pop1 1.0201 1.0001
3200 pop2 0.999832 0.980228
3300 pop1 1.0201 1.0001
3300 pop2 0.99988 0.980275
3400 pop1 1.0201 1.0001
3400 pop2 1.0 0.980392
3500 pop1 1.0201 1.0001
3500 pop2 1.0 0.980392
3600 pop1 1.0201 1.0001
3600 pop2 1.0 0.980392
3700 pop1 1.0201 1.0001
3700 pop2 1.0 0.980392
3800 pop1 1.0201 1.0001
3800 pop2 1.0 0.980392
3900 pop1 1.0201 1.0001
3900 pop2 1.0 0.980392
4000 pop1 1.0201 1.0001
4000 pop2 1.0 0.980392
4100 pop1 1.0201 1.0001
4100 pop2 1.0 0.980392
4200 pop1 1.0201 1.0001
4200 pop2 1.0 0.980392
4300 pop1 1.0201 1.0001
4300 pop2 1.0 0.980392
4400 pop1 1.0201 1.0001
4400 pop2 1.0 0.980392
4500 pop1 1.0201 1.0001
4500 pop2 1.0 0.980392
4600 pop1 1.0201 1.0001
4600 pop2 1.0 0.980392
4700 pop1 1.0201 1.0001
4700 pop2 1.0 0.980392
4800 pop1 1.0201 1.0001
4800 pop2 1.0 0.980392
4900 pop1 1.0201 1.0001
4900 pop2 1.0 0.980392
5000 pop1 1.0201 1.0001
5000 pop2 1.0 0.980392
