1 pop1 1.0 0.980392
1 pop2 1.0 0.980392
100 pop1 1.0016 0.981964
100 pop2 1.0007 0.981081
200 pop1 1.0016 0.981963
200 pop2 1.00076 0.981138
300 pop1 1.0002 0.980588
300 pop2 1.00039 0.980772
400 pop1 1.00099 0.981358
400 pop2 1.00131 0.98168
500 pop1 0.99972 0.980117
500 pop2 1.0021 0.982447
600 pop1 0.998517 0.978939
600 pop2 1.00253 0.982874
700 pop1 0.998398 0.978821
700 pop2 1.0035 0.983823
800 pop1 0.995708 0.976184
800 pop2 1.00478 0.985079
900 pop1 0.995606 0.976084
900 pop2 1.00602 0.986295
1000 pop1 0.996182 0.976649
1000 pop2 1.00494 0.985237
1100 pop1 0.998794 0.979209
1100 pop2 1.00505 0.985346
1200 pop1 1.00318 0.983508
1200 pop2 1.01215 0.992299
1300 pop1 1.00346 0.983783
1300 pop2 1.01497 0.995066
1400 pop1 1.00471 0.985006
1400 pop2 1.01397 0.994084
1500 pop1 1.00388 0.984198
1500 pop2 1.01602 0.996094
1600 pop1 1.00292 0.983254
1600 pop2 1.01666 0.996728
1700 pop1 1.00224 0.98259
1700 pop2 1.01765 0.997698
1800 pop1 1.00221 0.982556
1800 pop2 1.01719 0.997244
1900 pop1 1.00216 0.982513
1900 pop2 1.01787 0.997911
2000 pop1 1.00248 0.982828
2000 pop2 1.01747 0.997517
2100 pop1 1.00435 0.984653
2100 pop2 1.01547 0.995561
2200 pop1 1.00325 0.983582
2200 pop2 1.01605 0.996132
2300 pop1 1.00399 0.984304
2300 pop2 1.01578 0.995864
2400 pop1 1.00374 0.984061
2400 pop2 1.01651 0.996582
2500 pop1 1.00245 0.982796
2500 pop2 1.01742 0.99747
2600 pop1 1.00296 0.983297
2600 pop2 1.01756 0.997604
2700 pop1 1.0017 0.982059
2700 pop2 1.01822 0.998251
2800 pop1 1.00113 0.981499
2800 pop2 1.01877 0.998796
2900 pop1 1.00154 0.981903
2900 pop2 1.01876 0.998786
3000 pop1 1.00117 0.98154
3000 pop2 1.01856 0.998585
3100 pop1 1.00132 0.981684
3100 pop2 1.01876 0.998784
3200 pop1 1.00165 0.982006
3200 pop2 1.01896 0.998979
3300 pop1 1.00216 0.982511
3300 pop2 1.01832 0.998357
3400 pop1 1.00157 0.981928
3400 pop2 1.01838 0.998409
3500 pop1 1.00265 0.982989
3500 pop2 1.01775 0.997791
3600 pop1 1.0026 0.98294
3600 pop2 1.01755 0.997596
3700 pop1 1.00217 0.98252
3700 pop2 1.01772 0.997762
3800 pop1 1.00089 0.981266
3800 pop2 1.01893 0.998954
3900 pop1 1.00088 0.981257
3900 pop2 1.0192 0.999213
4000 pop1 1.00019 0.980579
4000 pop2 1.0198 0.999804
4100 pop1 0.999981 0.980373
4100 pop2 1.02002 1.00002
4200 pop1 1.00082 0.981198
4200 pop2 1.01917 0.999182
4300 pop1 1.00103 0.981404
4300 pop2 1.01932 0.999338
4400 pop1 1.00082 0.981195
4400 pop2 1.0194 0.99941
4500 pop1 1.00078 0.981154
4500 pop2 1.01936 0.999377
4600 pop1 1.00077 0.981146
4600 pop2 1.01908 0.999094
4700 pop1 1.00197 0.982323
4700 pop2 1.01846 0.998494
4800 pop1 1.00171 0.982071
4800 pop2 1.01824 0.998275
4900 pop1 1.00166 0.982017
4900 pop2 1.01863 0.998658
5000 pop1 1.00081 0.981189
5000 pop2 1.01903 0.999047
