1 pop1 1.0 0.980392
1 pop2 1.0 0.980392
100 pop1 0.996472 0.976933
100 pop2 1.00557 0.985856
200 pop1 0.995506 0.975986
200 pop2 1.00472 0.985023
300 pop1 0.996113 0.976581
300 pop2 1.00422 0.984534
400 pop1 0.998211 0.978638
400 pop2 1.00184 0.982201
500 pop1 0.996012 0.976482
500 pop2 1.00481 0.985109
600 pop1 0.997082 0.977532
600 pop2 1.00322 0.983548
700 pop1 0.994174 0.974681
700 pop2 1.00612 0.986393
800 pop1 0.997343 0.977787
800 pop2 1.00309 0.983425
900 pop1 0.999202 0.97961
900 pop2 1.00157 0.981933
1000 pop1 0.998535 0.978956
1000 pop2 1.00261 0.982946
1100 pop1 1.00296 0.983294
1100 pop2 1.00511 0.985406
1200 pop1 1.00615 0.986422
1200 pop2 1.00756 0.987803
1300 pop1 1.00702 0.987279
1300 pop2 1.01032 0.990514
1400 pop1 1.00565 0.985932
1400 pop2 1.01226 0.992411
1500 pop1 1.00487 0.985164
1500 pop2 1.01303 0.993165
1600 pop1 1.00463 0.984927
1600 pop2 1.01404 0.994154
1700 pop1 1.00464 0.984939
1700 pop2 1.01493 0.995032
1800 pop1 1.00468 0.984976
1800 pop2 1.01495 0.995047
1900 pop1 1.00405 0.984367
1900 pop2 1.01562 0.995704
2000 pop1 1.00582 0.986097
2000 pop2 1.01352 0.99365
2100 pop1 1.00648 0.986748
2100 pop2 1.01339 0.993518
2200 pop1 1.00512 0.985413
2200 pop2 1.01486 0.994959
2300 pop1 1.00342 0.983742
2300 pop2 1.01679 0.99685
2400 pop1 1.0033 0.983628
2400 pop2 1.01688 0.99694
2500 pop1 1.00241 0.982752
2500 pop2 1.01749 0.997543
2600 pop1 1.00196 0.982311
2600 pop2 1.01816 0.998192
2700 pop1 1.00157 0.981927
2700 pop2 1.01842 0.998446
2800 pop1 1.00168 0.982042
2800 pop2 1.01868 0.998703
2900 pop1 1.00235 0.982692
2900 pop2 1.01777 0.99781
3000 pop1 1.00414 0.984455
3000 pop2 1.01612 0.996196
3100 pop1 1.00426 0.98457
3100 pop2 1.01605 0.996128
3200 pop1 1.00487 0.985164
3200 pop2 1.01528 0.995373
3300 pop1 1.00466 0.984957
3300 pop2 1.0155 0.995592
3400 pop1 1.00482 0.98512
3400 pop2 1.01518 0.995277
3500 pop1 1.00712 0.98737
3500 pop2 1.01306 0.993198
3600 pop1 1.009 0.98922
3600 pop2 1.01172 0.991886
3700 pop1 1.01073 0.990911
3700 pop2 1.00963 0.989836
3800 pop1 1.00921 0.989422
3800 pop2 1.01133 0.991502
3900 pop1 1.00911 0.989326
3900 pop2 1.01195 0.992109
4000 pop1 1.01058 0.990764
4000 pop2 1.01053 0.990716
4100 pop1 1.01104 0.991219
4100 pop2 1.0096 0.989801
4200 pop1 1.01098 0.991159
4200 pop2 1.00928 0.989486
4300 pop1 1.00947 0.989674
4300 pop2 1.01107 0.991248
4400 pop1 1.00918 0.98939
4400 pop2 1.01045 0.990636
4500 pop1 1.01072 0.990905
4500 pop2 1.00989 0.990088
4600 pop1 1.01112 0.991293
4600 pop2 1.00904 0.989256
4700 pop1 1.01234 0.992494
4700 pop2 1.00808 0.98831
4800 pop1 1.01338 0.993513
4800 pop2 1.00732 0.98757
4900 pop1 1.01328 0.993413
4900 pop2 1.00716 0.987408
5000 pop1 1.01335 0.993485
5000 pop2 1.00739 0.987633
