1 pop1 1.0 0.833333
1 pop2 1.0 0.833333
100 pop1 1.06618 0.888487
100 pop2 1.07278 0.893985
200 pop1 1.07026 0.891881
200 pop2 1.06823 0.890192
300 pop1 1.07876 0.898968
300 pop2 1.0672 0.889329
400 pop1 1.063 0.885832
400 pop2 1.07051 0.892095
500 pop1 1.06639 0.888662
500 pop2 1.0785 0.898748
600 pop1 1.06725 0.889376
600 pop2 1.06291 0.885759
700 pop1 1.07347 0.894559
700 pop2 1.08366 0.903051
800 pop1 1.07672 0.89727
800 pop2 1.06462 0.887184
900 pop1 1.07748 0.897902
900 pop2 1.07082 0.892354
1000 pop1 1.06527 0.887728
1000 pop2 1.07052 0.892104
1100 pop1 1.11859 0.932159
1100 pop2 1.11659 0.930488
1200 pop1 1.11839 0.931994
1200 pop2 1.12898 0.940819
1300 pop1 1.11445 0.928706
1300 pop2 1.12181 0.934844
1400 pop1 1.12607 0.938393
1400 pop2 1.11975 0.933129
1500 pop1 1.12043 0.933691
1500 pop2 1.12423 0.936858
1600 pop1 1.11622 0.930186
1600 pop2 1.1249 0.937416
1700 pop1 1.13313 0.944273
1700 pop2 1.11611 0.930094
1800 pop1 1.12711 0.939256
1800 pop2 1.11921 0.932677
1900 pop1 1.13086 0.942386
1900 pop2 1.11849 0.932077
2000 pop1 1.12305 0.935878
2000 pop2 1.11969 0.933072
2100 pop1 1.12294 0.93578
2100 pop2 1.12513 0.937611
2200 pop1 1.11239 0.926992
2200 pop2 1.12516 0.937631
2300 pop1 1.12793 0.93994
2300 pop2 1.11963 0.933022
2400 pop1 1.12307 0.935888
2400 pop2 1.12641 0.938679
2500 pop1 1.1227 0.935579
2500 pop2 1.12108 0.934231
2600 pop1 1.12331 0.936088
2600 pop2 1.11937 0.932809
2700 pop1 1.13506 0.945883
2700 pop2 1.11182 0.926518
2800 pop1 1.11672 0.930598
2800 pop2 1.13275 0.94396
2900 pop1 1.12189 0.934906
2900 pop2 1.11974 0.933113
3000 pop1 1.11279 0.927322
3000 pop2 1.12928 0.941065
3100 pop1 1.12737 0.939473
3100 pop2 1.11762 0.931352
3200 pop1 1.12735 0.939456
3200 pop2 1.11976 0.933135
3300 pop1 1.12704 0.939199
3300 pop2 1.1152 0.929336
3400 pop1 1.1264 0.938666
3400 pop2 1.12428 0.9369
3500 pop1 1.13885 0.949045
3500 pop2 1.10452 0.920429
3600 pop1 1.12574 0.938116
3600 pop2 1.11744 0.9312
3700 pop1 1.12987 0.941562
3700 pop2 1.11663 0.930521
3800 pop1 1.12441 0.937006
3800 pop2 1.11256 0.927134
3900 pop1 1.12194 0.93495
3900 pop2 1.12375 0.936458
4000 pop1 1.12282 0.935687
4000 pop2 1.1213 0.934414
4100 pop1 1.11697 0.930808
4100 pop2 1.12607 0.938391
4200 pop1 1.12336 0.936131
4200 pop2 1.12157 0.934646
4300 pop1 1.12606 0.938383
4300 pop2 1.12008 0.933399
4400 pop1 1.12223 0.935189
4400 pop2 1.12105 0.934209
4500 pop1 1.1289 0.940747
4500 pop2 1.11029 0.925245
4600 pop1 1.12659 0.938828
4600 pop2 1.11377 0.928145
4700 pop1 1.13301 0.944172
4700 pop2 1.11423 0.928523
4800 pop1 1.12979 0.941496
4800 pop2 1.11321 0.927678
4900 pop1 1.13372 0.944769
4900 pop2 1.10892 0.924102
5000 pop1 1.12015 0.933458
5000 pop2 1.1253 0.937752
