1 pop1 1.0 0.909091
1 pop2 1.0 0.909091
100 pop1 1.0831 0.984635
100 pop2 1.08433 0.985752
200 pop1 1.08487 0.986244
200 pop2 1.08205 0.983677
300 pop1 1.08202 0.983659
300 pop2 1.08336 0.984873
400 pop1 1.08405 0.985496
400 pop2 1.08176 0.983421
500 pop1 1.08512 0.986471
500 pop2 1.08406 0.985511
600 pop1 1.08266 0.984235
600 pop2 1.08212 0.983747
700 pop1 1.0841 0.985547
700 pop2 1.08346 0.984967
800 pop1 1.08091 0.982649
800 pop2 1.07964 0.981488
900 pop1 1.07989 0.981719
900 pop2 1.08481 0.986191
1000 pop1 1.08241 0.984007
1000 pop2 1.08441 0.985825
1100 pop1 1.08363 0.985122
1100 pop2 1.06842 0.971289
1200 pop1 1.0853 0.986637
1200 pop2 1.08342 0.984927
1300 pop1 1.08514 0.986488
1300 pop2 1.08792 0.989022
1400 pop1 1.08241 0.984008
1400 pop2 1.08448 0.985889
1500 pop1 1.08605 0.987315
1500 pop2 1.08607 0.987338
1600 pop1 1.084 0.985451
1600 pop2 1.08254 0.98413
1700 pop1 1.08677 0.987973
1700 pop2 1.08728 0.988439
1800 pop1 1.08287 0.984428
1800 pop2 1.08373 0.98521
1900 pop1 1.08417 0.98561
1900 pop2 1.08938 0.990346
2000 pop1 1.08379 0.985266
2000 pop2 1.08507 0.986427
2100 pop1 1.08569 0.986993
2100 pop2 1.08546 0.986786
2200 pop1 1.08622 0.987476
2200 pop2 1.08572 0.987017
2300 pop1 1.08678 0.987985
2300 pop2 1.08788 0.988981
2400 pop1 1.08376 0.985237
2400 pop2 1.08199 0.98363
2500 pop1 1.08264 0.984216
2500 pop2 1.08634 0.987582
2600 pop1 1.08711 0.988282
2600 pop2 1.08581 0.987103
2700 pop1 1.08648 0.987706
2700 pop2 1.08638 0.987618
2800 pop1 1.08412 0.985567
2800 pop2 1.08732 0.988472
2900 pop1 1.08519 0.986536
2900 pop2 1.0822 0.983814
3000 pop1 1.08557 0.98688
3000 pop2 1.08309 0.984625
3100 pop1 1.08414 0.985586
3100 pop2 1.08495 0.986314
3200 pop1 1.08598 0.987255
3200 pop2 1.0853 0.98664
3300 pop1 1.08612 0.987382
3300 pop2 1.0867 0.987905
3400 pop1 1.08449 0.985901
3400 pop2 1.08563 0.986934
3500 pop1 1.08784 0.988944
3500 pop2 1.08335 0.984867
3600 pop1 1.08459 0.985989
3600 pop2 1.08667 0.987885
3700 pop1 1.08743 0.988576
3700 pop2 1.08168 0.983347
3800 pop1 1.08973 0.990662
3800 pop2 1.08747 0.988605
3900 pop1 1.08242 0.984015
3900 pop2 1.08513 0.986483
4000 pop1 1.08328 0.984804
4000 pop2 1.08565 0.986954
4100 pop1 1.08545 0.98677
4100 pop2 1.08514 0.986487
4200 pop1 1.08817 0.989248
4200 pop2 1.08643 0.987665
4300 pop1 1.0854 0.986731
4300 pop2 1.08394 0.985397
4400 pop1 1.08613 0.987387
4400 pop2 1.08751 0.988646
4500 pop1 1.08439 0.985809
4500 pop2 1.08658 0.987796
4600 pop1 1.08666 0.98787
4600 pop2 1.08585 0.987139
4700 pop1 1.08462 0.986019
4700 pop2 1.08286 0.984419
4800 pop1 1.08731 0.98846
4800 pop2 1.08329 0.984812
4900 pop1 1.08104 0.982764
4900 pop2 1.0818 0.983457
5000 pop1 1.08364 0.985132
5000 pop2 1.08519 0.986539
