1 pop1 1.0 0.833333
1 pop2 1.0 0.833333
100 pop1 1.19121 0.992677
100 pop2 1.19488 0.99573
200 pop1 1.19035 0.991956
200 pop2 1.18872 0.990604
300 pop1 1.19156 0.99297
300 pop2 1.19273 0.993938
400 pop1 1.19257 0.993811
400 pop2 1.18866 0.990547
500 pop1 1.18805 0.990041
500 pop2 1.1934 0.994501
600 pop1 1.19104 0.992532
600 pop2 1.18837 0.990305
700 pop1 1.18686 0.989053
700 pop2 1.1914 0.992835
800 pop1 1.18906 0.990886
800 pop2 1.19079 0.992322
900 pop1 1.19312 0.994267
900 pop2 1.18931 0.991094
1000 pop1 1.19058 0.992153
1000 pop2 1.19222 0.993518
1100 pop1 1.18753 0.989611
1100 pop2 1.18915 0.990959
1200 pop1 1.1938 0.994837
1200 pop2 1.19224 0.993533
1300 pop1 1.19441 0.995338
1300 pop2 1.18891 0.990755
1400 pop1 1.19153 0.992941
1400 pop2 1.18972 0.991437
1500 pop1 1.1907 0.992254
1500 pop2 1.18936 0.991131
1600 pop1 1.19347 0.994557
1600 pop2 1.19064 0.992198
1700 pop1 1.19598 0.996649
1700 pop2 1.18999 0.99166
1800 pop1 1.18972 0.991432
1800 pop2 1.1912 0.992667
1900 pop1 1.19091 0.992429
1900 pop2 1.18853 0.990438
2000 pop1 1.19039 0.991992
2000 pop2 1.19108 0.992568
2100 pop1 1.19232 0.993602
2100 pop2 1.18931 0.991089
2200 pop1 1.18838 0.990317
2200 pop2 1.19203 0.993354
2300 pop1 1.18973 0.991446
2300 pop2 1.18984 0.991532
2400 pop1 1.19267 0.993892
2400 pop2 1.19025 0.991876
2500 pop1 1.19033 0.991941
2500 pop2 1.1901 0.991749
2600 pop1 1.19403 0.995025
2600 pop2 1.19022 0.99185
2700 pop1 1.19119 0.992659
2700 pop2 1.19339 0.994488
2800 pop1 1.18661 0.988839
2800 pop2 1.19206 0.993385
2900 pop1 1.19323 0.99436
2900 pop2 1.18724 0.989363
3000 pop1 1.19049 0.992073
3000 pop2 1.19089 0.99241
3100 pop1 1.18945 0.991208
3100 pop2 1.19061 0.992172
3200 pop1 1.19315 0.994288
3200 pop2 1.18981 0.991508
3300 pop1 1.18927 0.991061
3300 pop2 1.18972 0.991429
3400 pop1 1.19023 0.99186
3400 pop2 1.18509 0.987572
3500 pop1 1.1909 0.99242
3500 pop2 1.1911 0.99258
3600 pop1 1.19196 0.993302
3600 pop2 1.18986 0.991552
3700 pop1 1.18673 0.988945
3700 pop2 1.18989 0.991571
3800 pop1 1.19429 0.995245
3800 pop2 1.18788 0.989903
3900 pop1 1.19078 0.99232
3900 pop2 1.18915 0.990956
4000 pop1 1.19028 0.9919
4000 pop2 1.19184 0.993203
4100 pop1 1.18964 0.991369
4100 pop2 1.18917 0.990978
4200 pop1 1.18501 0.987508
4200 pop2 1.19106 0.992548
4300 pop1 1.19042 0.992019
4300 pop2 1.19055 0.992123
4400 pop1 1.19062 0.992186
4400 pop2 1.19228 0.993565
4500 pop1 1.19166 0.99305
4500 pop2 1.19272 0.993931
4600 pop1 1.19279 0.993994
4600 pop2 1.18804 0.990037
4700 pop1 1.19182 0.993186
4700 pop2 1.19114 0.992614
4800 pop1 1.18979 0.99149
4800 pop2 1.18588 0.988232
4900 pop1 1.19431 0.995255
4900 pop2 1.19376 0.994802
5000 pop1 1.1931 0.994248
5000 pop2 1.19311 0.994258
