1 pop1 1.0 0.833333
1 pop2 1.0 0.833333
100 pop1 1.12453 0.937107
100 pop2 1.11478 0.928984
200 pop1 1.12253 0.935445
200 pop2 1.11756 0.931299
300 pop1 1.13153 0.942939
300 pop2 1.11384 0.928201
400 pop1 1.12937 0.941145
400 pop2 1.11579 0.929826
500 pop1 1.12847 0.94039
500 pop2 1.12105 0.934209
600 pop1 1.12867 0.940557
600 pop2 1.12547 0.937891
700 pop1 1.12514 0.937618
700 pop2 1.12044 0.9337
800 pop1 1.12627 0.93856
800 pop2 1.11869 0.932241
900 pop1 1.12963 0.941357
900 pop2 1.12005 0.933371
1000 pop1 1.13148 0.942902
1000 pop2 1.12119 0.934325
1100 pop1 1.14199 0.951661
1100 pop2 1.15056 0.958802
1200 pop1 1.13883 0.949026
1200 pop2 1.14692 0.955764
1300 pop1 1.14466 0.953886
1300 pop2 1.14188 0.951568
1400 pop1 1.14293 0.952445
1400 pop2 1.1409 0.950753
1500 pop1 1.13872 0.948932
1500 pop2 1.14708 0.955904
1600 pop1 1.1429 0.952414
1600 pop2 1.14141 0.951176
1700 pop1 1.14206 0.951716
1700 pop2 1.14741 0.956173
1800 pop1 1.1329 0.944087
1800 pop2 1.1492 0.957667
1900 pop1 1.14255 0.952128
1900 pop2 1.14254 0.952118
2000 pop1 1.14177 0.951473
2000 pop2 1.14673 0.955606
2100 pop1 1.14471 0.953926
2100 pop2 1.1395 0.949585
2200 pop1 1.14499 0.954162
2200 pop2 1.14381 0.953172
2300 pop1 1.14566 0.95472
2300 pop2 1.14525 0.954374
2400 pop1 1.14049 0.950406
2400 pop2 1.14217 0.951805
2500 pop1 1.14885 0.957377
2500 pop2 1.13478 0.94565
2600 pop1 1.13924 0.949368
2600 pop2 1.1481 0.956747
2700 pop1 1.14345 0.952877
2700 pop2 1.13919 0.949326
2800 pop1 1.14622 0.955181
2800 pop2 1.13441 0.945342
2900 pop1 1.14436 0.953632
2900 pop2 1.14275 0.952295
3000 pop1 1.14357 0.952977
3000 pop2 1.14274 0.952282
3100 pop1 1.14058 0.950482
3100 pop2 1.13944 0.949533
3200 pop1 1.14373 0.953111
3200 pop2 1.13869 0.948912
3300 pop1 1.13848 0.948734
3300 pop2 1.14316 0.952633
3400 pop1 1.15239 0.960321
3400 pop2 1.13929 0.949411
3500 pop1 1.14697 0.955808
3500 pop2 1.13894 0.94912
3600 pop1 1.14174 0.951447
3600 pop2 1.14024 0.950202
3700 pop1 1.14204 0.9517
3700 pop2 1.13988 0.949903
3800 pop1 1.15479 0.962321
3800 pop2 1.14106 0.950885
3900 pop1 1.14332 0.952764
3900 pop2 1.14167 0.95139
4000 pop1 1.14562 0.954686
4000 pop2 1.13359 0.944659
4100 pop1 1.14128 0.951064
4100 pop2 1.14345 0.952877
4200 pop1 1.14535 0.954458
4200 pop2 1.13868 0.948898
4300 pop1 1.14282 0.952347
4300 pop2 1.1491 0.957581
4400 pop1 1.13477 0.94564
4400 pop2 1.14392 0.953266
4500 pop1 1.14432 0.953597
4500 pop2 1.13966 0.949714
4600 pop1 1.14833 0.95694
4600 pop2 1.14318 0.952652
4700 pop1 1.14817 0.956812
4700 pop2 1.13374 0.944784
4800 pop1 1.14558 0.954648
4800 pop2 1.13912 0.94927
4900 pop1 1.13957 0.949641
4900 pop2 1.14822 0.956848
5000 pop1 1.14203 0.951695
5000 pop2 1.1382 0.948496
