1 pop1 1.0 0.833333
1 pop2 1.0 0.833333
100 pop1 1.12246 0.935382
100 pop2 1.11607 0.930059
200 pop1 1.11397 0.928305
200 pop2 1.11911 0.932596
300 pop1 1.12271 0.935589
300 pop2 1.12717 0.939309
400 pop1 1.11433 0.928611
400 pop2 1.12391 0.936589
500 pop1 1.12516 0.937631
500 pop2 1.12145 0.934542
600 pop1 1.12255 0.935458
600 pop2 1.13276 0.943963
700 pop1 1.12589 0.938246
700 pop2 1.12237 0.935306
800 pop1 1.126 0.938332
800 pop2 1.11886 0.932381
900 pop1 1.11654 0.930449
900 pop2 1.11868 0.932236
1000 pop1 1.12494 0.937447
1000 pop2 1.12585 0.938206
1100 pop1 1.13161 0.943012
1100 pop2 1.14912 0.957603
1200 pop1 1.13044 0.942034
1200 pop2 1.15231 0.960256
1300 pop1 1.12683 0.939026
1300 pop2 1.14802 0.956685
1400 pop1 1.1375 0.947917
1400 pop2 1.14108 0.950903
1500 pop1 1.13659 0.947159
1500 pop2 1.14882 0.957351
1600 pop1 1.14277 0.952309
1600 pop2 1.14527 0.954395
1700 pop1 1.14341 0.952838
1700 pop2 1.14162 0.951347
1800 pop1 1.13653 0.94711
1800 pop2 1.14357 0.952976
1900 pop1 1.14171 0.951426
1900 pop2 1.13709 0.947573
2000 pop1 1.14762 0.956348
2000 pop2 1.13462 0.945514
2100 pop1 1.14431 0.953589
2100 pop2 1.1377 0.948087
2200 pop1 1.14108 0.950902
2200 pop2 1.14093 0.950771
2300 pop1 1.13815 0.948456
2300 pop2 1.14328 0.952733
2400 pop1 1.14018 0.950151
2400 pop2 1.15031 0.958593
2500 pop1 1.14267 0.952225
2500 pop2 1.1436 0.952999
2600 pop1 1.14862 0.95718
2600 pop2 1.13439 0.945324
2700 pop1 1.13821 0.948512
2700 pop2 1.14467 0.953892
2800 pop1 1.14783 0.956524
2800 pop2 1.13988 0.949901
2900 pop1 1.1428 0.952331
2900 pop2 1.14616 0.955136
3000 pop1 1.13643 0.947027
3000 pop2 1.14711 0.955926
3100 pop1 1.14726 0.956049
3100 pop2 1.14236 0.951964
3200 pop1 1.14496 0.95413
3200 pop2 1.14629 0.955243
3300 pop1 1.14633 0.955273
3300 pop2 1.13888 0.949071
3400 pop1 1.13789 0.948239
3400 pop2 1.14161 0.951343
3500 pop1 1.13763 0.948028
3500 pop2 1.13774 0.948115
3600 pop1 1.13856 0.948799
3600 pop2 1.13966 0.949719
3700 pop1 1.14936 0.9578
3700 pop2 1.14068 0.950566
3800 pop1 1.14163 0.951359
3800 pop2 1.14682 0.955684
3900 pop1 1.14102 0.950847
3900 pop2 1.14128 0.951066
4000 pop1 1.14256 0.952131
4000 pop2 1.14336 0.9528
4100 pop1 1.14202 0.951684
4100 pop2 1.14145 0.951212
4200 pop1 1.14109 0.950905
4200 pop2 1.13528 0.94607
4300 pop1 1.14662 0.955516
4300 pop2 1.14037 0.950309
4400 pop1 1.14887 0.95739
4400 pop2 1.1305 0.942087
4500 pop1 1.1504 0.958669
4500 pop2 1.13329 0.944407
4600 pop1 1.14663 0.955526
4600 pop2 1.13676 0.947304
4700 pop1 1.14066 0.950553
4700 pop2 1.14228 0.9519
4800 pop1 1.14917 0.957639
4800 pop2 1.13895 0.949124
4900 pop1 1.14041 0.950343
4900 pop2 1.1362 0.946835
5000 pop1 1.14257 0.952138
5000 pop2 1.14271 0.952258
