1 pop1 1.0 0.909091
1 pop2 1.0 0.909091
100 pop1 1.01229 0.920268
100 pop2 1.02134 0.928487
200 pop1 1.01826 0.925688
200 pop2 1.01101 0.919102
300 pop1 1.01143 0.919485
300 pop2 1.01975 0.927047
400 pop1 1.01243 0.920388
400 pop2 1.01264 0.920579
500 pop1 1.0071 0.915547
500 pop2 1.01681 0.924372
600 pop1 1.01225 0.920228
600 pop2 1.02071 0.927914
700 pop1 1.01366 0.921512
700 pop2 1.0135 0.921365
800 pop1 1.01675 0.924321
800 pop2 1.01337 0.921248
900 pop1 1.01055 0.918684
900 pop2 1.01601 0.923648
1000 pop1 1.02073 0.927936
1000 pop2 0.999808 0.908916
1100 pop1 1.05299 0.957263
1100 pop2 1.04634 0.951222
1200 pop1 1.04275 0.947953
1200 pop2 1.0639 0.967178
1300 pop1 1.04264 0.947855
1300 pop2 1.06452 0.967741
1400 pop1 1.05176 0.956147
1400 pop2 1.05799 0.961807
1500 pop1 1.05425 0.958406
1500 pop2 1.05565 0.959681
1600 pop1 1.04493 0.949935
1600 pop2 1.06123 0.964753
1700 pop1 1.0481 0.952821
1700 pop2 1.06231 0.965738
1800 pop1 1.04756 0.952331
1800 pop2 1.06422 0.967473
1900 pop1 1.04907 0.953697
1900 pop2 1.05946 0.963149
2000 pop1 1.05595 0.959956
2000 pop2 1.05743 0.961301
2100 pop1 1.0529 0.957183
2100 pop2 1.05962 0.963294
2200 pop1 1.05186 0.956234
2200 pop2 1.05917 0.962884
2300 pop1 1.05134 0.955764
2300 pop2 1.05921 0.962915
2400 pop1 1.05276 0.957053
2400 pop2 1.05802 0.961837
2500 pop1 1.05686 0.960778
2500 pop2 1.05401 0.958193
2600 pop1 1.06228 0.965713
2600 pop2 1.04974 0.954308
2700 pop1 1.05983 0.963477
2700 pop2 1.05032 0.954838
2800 pop1 1.05747 0.961338
2800 pop2 1.05481 0.958914
2900 pop1 1.05962 0.963288
2900 pop2 1.05488 0.958979
3000 pop1 1.05735 0.961229
3000 pop2 1.05512 0.959199
3100 pop1 1.06041 0.964012
3100 pop2 1.05056 0.955057
3200 pop1 1.0499 0.954452
3200 pop2 1.06128 0.964796
3300 pop1 1.04696 0.951784
3300 pop2 1.06077 0.964338
3400 pop1 1.05353 0.957756
3400 pop2 1.05555 0.959587
3500 pop1 1.04842 0.953111
3500 pop2 1.06269 0.966083
3600 pop1 1.05187 0.956246
3600 pop2 1.05876 0.962512
3700 pop1 1.04923 0.953845
3700 pop2 1.06219 0.965629
3800 pop1 1.05133 0.955751
3800 pop2 1.06046 0.964058
3900 pop1 1.05324 0.957494
3900 pop2 1.05605 0.960047
4000 pop1 1.0587 0.962455
4000 pop2 1.05303 0.957303
4100 pop1 1.06082 0.964386
4100 pop2 1.04944 0.954037
4200 pop1 1.05978 0.963432
4200 pop2 1.05413 0.958298
4300 pop1 1.06379 0.967085
4300 pop2 1.0467 0.951548
4400 pop1 1.06152 0.965017
4400 pop2 1.04727 0.95206
4500 pop1 1.05603 0.960026
4500 pop2 1.055 0.959089
4600 pop1 1.04985 0.954409
4600 pop2 1.05895 0.962678
4700 pop1 1.05486 0.958962
4700 pop2 1.05604 0.960038
4800 pop1 1.05024 0.954763
4800 pop2 1.05636 0.960326
4900 pop1 1.04779 0.952534
4900 pop2 1.06248 0.965894
5000 pop1 1.04918 0.9538
5000 pop2 1.06089 0.964441
