1 pop1 1.0 0.833333
1 pop2 1.0 0.833333
100 pop1 1.07851 0.898754
100 pop2 1.07172 0.8931
200 pop1 1.07026 0.891881
200 pop2 1.06554 0.887949
300 pop1 1.06809 0.890075
300 pop2 1.07525 0.896041
400 pop1 1.06609 0.888406
400 pop2 1.07323 0.894358
500 pop1 1.06822 0.890182
500 pop2 1.0764 0.897
600 pop1 1.06807 0.890059
600 pop2 1.07115 0.892622
700 pop1 1.07669 0.897242
700 pop2 1.06785 0.889873
800 pop1 1.06679 0.888995
800 pop2 1.08307 0.902555
900 pop1 1.0682 0.89017
900 pop2 1.07326 0.894385
1000 pop1 1.07116 0.892635
1000 pop2 1.07173 0.893109
1100 pop1 1.10916 0.924298
1100 pop2 1.12843 0.940355
1200 pop1 1.11058 0.925484
1200 pop2 1.12771 0.939761
1300 pop1 1.1113 0.926085
1300 pop2 1.13099 0.94249
1400 pop1 1.11602 0.93002
1400 pop2 1.12955 0.941289
1500 pop1 1.13318 0.94432
1500 pop2 1.11227 0.926889
1600 pop1 1.12708 0.939232
1600 pop2 1.11057 0.925473
1700 pop1 1.11661 0.93051
1700 pop2 1.1306 0.942163
1800 pop1 1.1226 0.935496
1800 pop2 1.1202 0.933503
1900 pop1 1.12639 0.938657
1900 pop2 1.11915 0.932624
2000 pop1 1.12497 0.937474
2000 pop2 1.11812 0.93177
2100 pop1 1.12614 0.938452
2100 pop2 1.11718 0.930982
2200 pop1 1.11694 0.930783
2200 pop2 1.12407 0.936726
2300 pop1 1.12962 0.941352
2300 pop2 1.1121 0.92675
2400 pop1 1.12452 0.937096
2400 pop2 1.1195 0.932913
2500 pop1 1.12818 0.940154
2500 pop2 1.11806 0.931719
2600 pop1 1.12618 0.93848
2600 pop2 1.11825 0.931877
2700 pop1 1.11512 0.929265
2700 pop2 1.12661 0.938838
2800 pop1 1.12044 0.9337
2800 pop2 1.12502 0.937516
2900 pop1 1.12309 0.935908
2900 pop2 1.12632 0.938598
3000 pop1 1.1318 0.943163
3000 pop2 1.11119 0.925993
3100 pop1 1.11775 0.931457
3100 pop2 1.12537 0.937811
3200 pop1 1.11648 0.930402
3200 pop2 1.12698 0.939152
3300 pop1 1.13314 0.944285
3300 pop2 1.1179 0.931587
3400 pop1 1.12902 0.940851
3400 pop2 1.11282 0.927348
3500 pop1 1.11859 0.932156
3500 pop2 1.12023 0.933526
3600 pop1 1.12368 0.936401
3600 pop2 1.12209 0.935076
3700 pop1 1.12798 0.939984
3700 pop2 1.11804 0.931702
3800 pop1 1.13172 0.943096
3800 pop2 1.11013 0.925112
3900 pop1 1.12703 0.939193
3900 pop2 1.11587 0.929895
4000 pop1 1.12082 0.934016
4000 pop2 1.12377 0.936475
4100 pop1 1.11787 0.931562
4100 pop2 1.12886 0.940719
4200 pop1 1.1151 0.929251
4200 pop2 1.12323 0.936022
4300 pop1 1.11636 0.930299
4300 pop2 1.12717 0.939307
4400 pop1 1.11944 0.93287
4400 pop2 1.12425 0.936878
4500 pop1 1.12138 0.934484
4500 pop2 1.12528 0.937733
4600 pop1 1.12211 0.935088
4600 pop2 1.12052 0.933767
4700 pop1 1.1136 0.927998
4700 pop2 1.12584 0.9382
4800 pop1 1.12271 0.935589
4800 pop2 1.11697 0.930809
4900 pop1 1.12337 0.936139
4900 pop2 1.12149 0.934575
5000 pop1 1.11867 0.932223
5000 pop2 1.11997 0.933308
