1 pop1 1.0 0.980392
1 pop2 1.0 0.980392
100 pop1 1.00479 0.985092
100 pop2 1.00612 0.986391
200 pop1 1.00173 0.982088
200 pop2 1.00812 0.988356
300 pop1 1.00627 0.986537
300 pop2 1.00865 0.988871
400 pop1 1.00552 0.985802
400 pop2 1.00766 0.987902
500 pop1 1.00491 0.985207
500 pop2 1.0079 0.988135
600 pop1 1.0063 0.986567
600 pop2 1.00751 0.987752
700 pop1 1.0068 0.987059
700 pop2 1.00488 0.98518
800 pop1 1.0033 0.983628
800 pop2 1.00889 0.989104
900 pop1 1.00586 0.986142
900 pop2 1.00601 0.986289
1000 pop1 1.00624 0.98651
1000 pop2 1.00683 0.987092
1100 pop1 1.00717 0.987425
1100 pop2 1.00351 0.983837
1200 pop1 1.01071 0.990894
1200 pop2 1.00703 0.987287
1300 pop1 1.01079 0.990974
1300 pop2 1.01077 0.990955
1400 pop1 1.01238 0.992531
1400 pop2 1.00976 0.989957
1500 pop1 1.01284 0.992977
1500 pop2 1.01242 0.992572
1600 pop1 1.01295 0.993088
1600 pop2 1.01191 0.992072
1700 pop1 1.01071 0.990888
1700 pop2 1.01232 0.992471
1800 pop1 1.01136 0.991531
1800 pop2 1.01192 0.992075
1900 pop1 1.01145 0.991614
1900 pop2 1.01237 0.992522
2000 pop1 1.01125 0.991417
2000 pop2 1.01467 0.994774
2100 pop1 1.01082 0.991
2100 pop2 1.0138 0.993925
2200 pop1 1.0117 0.991867
2200 pop2 1.01343 0.993557
2300 pop1 1.01252 0.992665
2300 pop2 1.01209 0.992249
2400 pop1 1.01287 0.993006
2400 pop2 1.00999 0.990183
2500 pop1 1.0141 0.994211
2500 pop2 1.01003 0.990223
2600 pop1 1.01613 0.996205
2600 pop2 1.00833 0.988558
2700 pop1 1.01523 0.995327
2700 pop2 1.00978 0.98998
2800 pop1 1.0136 0.993728
2800 pop2 1.01166 0.991824
2900 pop1 1.01224 0.99239
2900 pop2 1.01262 0.992761
3000 pop1 1.0123 0.992447
3000 pop2 1.01297 0.993106
3100 pop1 1.0128 0.992945
3100 pop2 1.01049 0.990672
3200 pop1 1.01347 0.993602
3200 pop2 1.01276 0.992901
3300 pop1 1.01292 0.993063
3300 pop2 1.01091 0.991087
3400 pop1 1.01267 0.992817
3400 pop2 1.01187 0.992032
3500 pop1 1.01344 0.993571
3500 pop2 1.01231 0.992456
3600 pop1 1.01215 0.992303
3600 pop2 1.01029 0.99048
3700 pop1 1.01143 0.991597
3700 pop2 1.01186 0.992021
3800 pop1 1.01143 0.9916
3800 pop2 1.01395 0.994067
3900 pop1 1.01199 0.992149
3900 pop2 1.01239 0.992535
4000 pop1 1.01191 0.992066
4000 pop2 1.013 0.993139
4100 pop1 1.01301 0.993143
4100 pop2 1.0123 0.992456
4200 pop1 1.00998 0.990179
4200 pop2 1.01185 0.992012
4300 pop1 1.01093 0.99111
4300 pop2 1.01333 0.993461
4400 pop1 1.01034 0.990531
4400 pop2 1.01303 0.99317
4500 pop1 1.01012 0.990312
4500 pop2 1.01427 0.994386
4600 pop1 1.01069 0.99087
4600 pop2 1.01454 0.994651
4700 pop1 1.00951 0.989711
4700 pop2 1.01211 0.992262
4800 pop1 1.00936 0.989567
4800 pop2 1.0136 0.993729
4900 pop1 1.00981 0.990011
4900 pop2 1.01505 0.995144
5000 pop1 1.01014 0.990334
5000 pop2 1.01445 0.994561
