1 pop1 1.0 0.980392
1 pop2 1.0 0.980392
100 pop1 1.00949 0.989699
100 pop2 1.00495 0.985246
200 pop1 1.00946 0.98967
200 pop2 1.0085 0.988721
300 pop1 1.00929 0.989497
300 pop2 1.00637 0.986638
400 pop1 1.00648 0.986741
400 pop2 1.00805 0.988289
500 pop1 1.00829 0.988521
500 pop2 1.00585 0.986126
600 pop1 1.00786 0.988101
600 pop2 1.00842 0.988652
700 pop1 1.01113 0.991299
700 pop2 1.00519 0.985483
800 pop1 1.01011 0.990307
800 pop2 1.00553 0.98581
900 pop1 1.00916 0.989372
900 pop2 1.00761 0.987857
1000 pop1 1.00884 0.989063
1000 pop2 1.01016 0.99035
1100 pop1 1.01046 0.990651
1100 pop2 0.996943 0.977395
1200 pop1 1.01445 0.99456
1200 pop2 0.996901 0.977354
1300 pop1 1.01681 0.996872
1300 pop2 0.996306 0.97677
1400 pop1 1.01723 0.997281
1400 pop2 0.99631 0.976774
1500 pop1 1.01861 0.998641
1500 pop2 0.995735 0.976211
1600 pop1 1.01912 0.999139
1600 pop2 0.995563 0.976042
1700 pop1 1.01977 0.99977
1700 pop2 0.995252 0.975737
1800 pop1 1.02001 1.00001
1800 pop2 0.995372 0.975854
1900 pop1 1.02011 1.00011
1900 pop2 0.99522 0.975706
2000 pop1 1.02011 1.00011
2000 pop2 0.995699 0.976175
2100 pop1 1.02011 1.00011
2100 pop2 0.995679 0.976156
2200 pop1 1.02011 1.00011
2200 pop2 0.996281 0.976746
2300 pop1 1.02011 1.00011
2300 pop2 0.99686 0.977314
2400 pop1 1.02011 1.00011
2400 pop2 0.998005 0.978436
2500 pop1 1.02011 1.0001
2500 pop2 0.998611 0.979031
2600 pop1 1.0201 1.0001
2600 pop2 0.999102 0.979512
2700 pop1 1.0201 1.0001
2700 pop2 0.999286 0.979692
2800 pop1 1.0201 1.0001
2800 pop2 0.999158 0.979567
2900 pop1 1.0201 1.0001
2900 pop2 0.999669 0.980067
3000 pop1 1.0201 1.0001
3000 pop2 0.999709 0.980107
3100 pop1 1.0201 1.0001
3100 pop2 0.999976 0.980369
3200 pop1 1.0201 1.0001
3200 pop2 1.0 0.980392
3300 pop1 1.0201 1.0001
3300 pop2 1.0 0.980392
3400 pop1 1.0201 1.0001
3400 pop2 1.0 0.980392
3500 pop1 1.0201 1.0001
3500 pop2 1.0 0.980392
3600 pop1 1.0201 1.0001
3600 pop2 1.0 0.980392
3700 pop1 1.0201 1.0001
3700 pop2 1.0 0.980392
3800 pop1 1.0201 1.0001
3800 pop2 1.0 0.980392
3900 pop1 1.0201 1.0001
3900 pop2 1.0 0.980392
4000 pop1 1.0201 1.0001
4000 pop2 1.0 0.980392
4100 pop1 1.0201 1.0001
4100 pop2 1.0 0.980392
4200 pop1 1.0201 1.0001
4200 pop2 1.0 0.980392
4300 pop1 1.0201 1.0001
4300 pop2 1.0 0.980392
4400 pop1 1.0201 1.0001
4400 pop2 1.0 0.980392
4500 pop1 1.0201 1.0001
4500 pop2 1.0 0.980392
4600 pop1 1.0201 1.0001
4600 pop2 1.0 0.980392
4700 pop1 1.0201 1.0001
4700 pop2 1.0 0.980392
4800 pop1 1.0201 1.0001
4800 pop2 1.0 0.980392
4900 pop1 1.0201 1.0001
4900 pop2 1.0 0.980392
5000 pop1 1.0201 1.0001
5000 pop2 1.0 0.980392
