1 pop1 1.0 0.833333
1 pop2 1.0 0.833333
100 pop1 1.19281 0.994009
100 pop2 1.19116 0.992637
200 pop1 1.19272 0.993937
200 pop2 1.19222 0.993517
300 pop1 1.19186 0.993214
300 pop2 1.19184 0.993198
400 pop1 1.19092 0.992433
400 pop2 1.18577 0.988144
500 pop1 1.1888 0.990669
500 pop2 1.18766 0.989715
600 pop1 1.19196 0.9933
600 pop2 1.19194 0.99328
700 pop1 1.19226 0.993547
700 pop2 1.19084 0.992367
800 pop1 1.19242 0.993687
800 pop2 1.19064 0.992202
900 pop1 1.18801 0.990012
900 pop2 1.18946 0.991219
1000 pop1 1.19246 0.993719
1000 pop2 1.19305 0.99421
1100 pop1 1.19653 0.997112
1100 pop2 1.0 0.833333
1200 pop1 1.20606 1.00505
1200 pop2 1.0 0.833333
1300 pop1 1.20888 1.0074
1300 pop2 1.0 0.833333
1400 pop1 1.20862 1.00719
1400 pop2 1.0 0.833333
1500 pop1 1.2094 1.00783
1500 pop2 1.0 0.833333
1600 pop1 1.21 1.00833
1600 pop2 1.0 0.833333
1700 pop1 1.21 1.00833
1700 pop2 1.0 0.833333
1800 pop1 1.21 1.00833
1800 pop2 1.0 0.833333
1900 pop1 1.21 1.00833
1900 pop2 1.0 0.833333
2000 pop1 1.21 1.00833
2000 pop2 1.0 0.833333
2100 pop1 1.21 1.00833
2100 pop2 1.0 0.833333
2200 pop1 1.21 1.00833
2200 pop2 1.0 0.833333
2300 pop1 1.21 1.00833
2300 pop2 1.0 0.833333
2400 pop1 1.21 1.00833
2400 pop2 1.0 0.833333
2500 pop1 1.21 1.00833
2500 pop2 1.0 0.833333
2600 pop1 1.21 1.00833
2600 pop2 1.0 0.833333
2700 pop1 1.21 1.00833
2700 pop2 1.0 0.833333
2800 pop1 1.21 1.00833
2800 pop2 1.0 0.833333
2900 pop1 1.21 1.00833
2900 pop2 1.0 0.833333
3000 pop1 1.21 1.00833
3000 pop2 1.0 0.833333
3100 pop1 1.21 1.00833
3100 pop2 1.0 0.833333
3200 pop1 1.21 1.00833
3200 pop2 1.0 0.833333
3300 pop1 1.21 1.00833
3300 pop2 1.0 0.833333
3400 pop1 1.21 1.00833
3400 pop2 1.0 0.833333
3500 pop1 1.21 1.00833
3500 pop2 1.0 0.833333
3600 pop1 1.21 1.00833
3600 pop2 1.0 0.833333
3700 pop1 1.21 1.00833
3700 pop2 1.0 0.833333
3800 pop1 1.21 1.00833
3800 pop2 1.0 0.833333
3900 pop1 1.21 1.00833
3900 pop2 1.0 0.833333
4000 pop1 1.21 1.00833
4000 pop2 1.0 0.833333
4100 pop1 1.21 1.00833
4100 pop2 1.0 0.833333
4200 pop1 1.21 1.00833
4200 pop2 1.0 0.833333
4300 pop1 1.21 1.00833
4300 pop2 1.0 0.833333
4400 pop1 1.21 1.00833
4400 pop2 1.0 0.833333
4500 pop1 1.21 1.00833
4500 pop2 1.0 0.833333
4600 pop1 1.21 1.00833
4600 pop2 1.0 0.833333
4700 pop1 1.21 1.00833
4700 pop2 1.0 0.833333
4800 pop1 1.21 1.00833
4800 pop2 1.0 0.833333
4900 pop1 1.21 1.00833
4900 pop2 1.0 0.833333
5000 pop1 1.21 1.00833
5000 pop2 1.0 0.833333
