1 pop1 1.0 0.833333
1 pop2 1.0 0.833333
100 pop1 1.19029 0.991911
100 pop2 1.19203 0.993358
200 pop1 1.18782 0.989847
200 pop2 1.19045 0.992043
300 pop1 1.18796 0.989964
300 pop2 1.1889 0.990754
400 pop1 1.19193 0.993275
400 pop2 1.19288 0.994063
500 pop1 1.19075 0.992288
500 pop2 1.19108 0.992564
600 pop1 1.19103 0.992523
600 pop2 1.18949 0.99124
700 pop1 1.18745 0.989545
700 pop2 1.19092 0.992433
800 pop1 1.19268 0.993902
800 pop2 1.19 0.991663
900 pop1 1.19597 0.996645
900 pop2 1.18678 0.988984
1000 pop1 1.19169 0.993077
1000 pop2 1.19375 0.994796
1100 pop1 1.19089 0.992409
1100 pop2 1.18843 0.99036
1200 pop1 1.19419 0.99516
1200 pop2 1.19273 0.993946
1300 pop1 1.19348 0.994567
1300 pop2 1.19048 0.992069
1400 pop1 1.19041 0.992012
1400 pop2 1.18939 0.991159
1500 pop1 1.18704 0.989197
1500 pop2 1.19195 0.993289
1600 pop1 1.19292 0.994098
1600 pop2 1.19195 0.99329
1700 pop1 1.1924 0.99367
1700 pop2 1.19355 0.994625
1800 pop1 1.19114 0.992616
1800 pop2 1.18886 0.990718
1900 pop1 1.19198 0.993313
1900 pop2 1.19269 0.993907
2000 pop1 1.19003 0.991692
2000 pop2 1.1953 0.996079
2100 pop1 1.19485 0.99571
2100 pop2 1.19139 0.992825
2200 pop1 1.1927 0.99392
2200 pop2 1.18997 0.99164
2300 pop1 1.18827 0.990224
2300 pop2 1.19082 0.992351
2400 pop1 1.19046 0.99205
2400 pop2 1.19018 0.991813
2500 pop1 1.18981 0.991509
2500 pop2 1.19076 0.992297
2600 pop1 1.1933 0.994419
2600 pop2 1.19098 0.992483
2700 pop1 1.18943 0.991193
2700 pop2 1.19499 0.995826
2800 pop1 1.19113 0.992609
2800 pop2 1.1906 0.992166
2900 pop1 1.19361 0.994671
2900 pop2 1.19175 0.993123
3000 pop1 1.18993 0.991609
3000 pop2 1.19383 0.994862
3100 pop1 1.19031 0.991928
3100 pop2 1.19164 0.993036
3200 pop1 1.19152 0.992934
3200 pop2 1.18798 0.989986
3300 pop1 1.19498 0.995821
3300 pop2 1.19223 0.993526
3400 pop1 1.19087 0.992391
3400 pop2 1.1933 0.994416
3500 pop1 1.19122 0.992681
3500 pop2 1.19255 0.99379
3600 pop1 1.18394 0.986614
3600 pop2 1.19437 0.995309
3700 pop1 1.19254 0.993787
3700 pop2 1.19216 0.993471
3800 pop1 1.18547 0.987893
3800 pop2 1.1918 0.993169
3900 pop1 1.1901 0.991748
3900 pop2 1.19256 0.993799
4000 pop1 1.18891 0.990761
4000 pop2 1.19165 0.993039
4100 pop1 1.19296 0.994136
4100 pop2 1.1937 0.994754
4200 pop1 1.18971 0.991423
4200 pop2 1.19253 0.993778
4300 pop1 1.19017 0.991805
4300 pop2 1.18968 0.9914
4400 pop1 1.19332 0.994432
4400 pop2 1.19359 0.994654
4500 pop1 1.1871 0.989252
4500 pop2 1.19131 0.992757
4600 pop1 1.1881 0.990085
4600 pop2 1.19327 0.994393
4700 pop1 1.18933 0.991111
4700 pop2 1.19115 0.992627
4800 pop1 1.18977 0.991479
4800 pop2 1.19345 0.994541
4900 pop1 1.19224 0.993535
4900 pop2 1.19109 0.992574
5000 pop1 1.18831 0.99026
5000 pop2 1.19144 0.992866
