1 pop1 1.0 0.833333
1 pop2 1.0 0.833333
100 pop1 1.06644 0.888703
100 pop2 1.07205 0.893372
200 pop1 1.07819 0.898492
200 pop2 1.06629 0.888571
300 pop1 1.05919 0.882657
300 pop2 1.07613 0.896775
400 pop1 1.079 0.899164
400 pop2 1.05642 0.880349
500 pop1 1.06872 0.890597
500 pop2 1.066 0.888331
600 pop1 1.07499 0.895825
600 pop2 1.06819 0.89016
700 pop1 1.07155 0.892962
700 pop2 1.06561 0.888008
800 pop1 1.05997 0.883308
800 pop2 1.06997 0.891645
900 pop1 1.07204 0.893369
900 pop2 1.07034 0.891947
1000 pop1 1.06298 0.885816
1000 pop2 1.06946 0.891221
1100 pop1 1.13204 0.943371
1100 pop2 1.09992 0.916604
1200 pop1 1.12027 0.933555
1200 pop2 1.11288 0.927403
1300 pop1 1.1282 0.940167
1300 pop2 1.11439 0.928658
1400 pop1 1.1321 0.943413
1400 pop2 1.11356 0.927964
1500 pop1 1.12678 0.93898
1500 pop2 1.1177 0.931421
1600 pop1 1.12557 0.937971
1600 pop2 1.12094 0.934115
1700 pop1 1.13121 0.942675
1700 pop2 1.11581 0.929841
1800 pop1 1.12568 0.938063
1800 pop2 1.11792 0.931597
1900 pop1 1.12503 0.937523
1900 pop2 1.11533 0.929442
2000 pop1 1.12647 0.938728
2000 pop2 1.11722 0.931019
2100 pop1 1.12458 0.937146
2100 pop2 1.12346 0.936213
2200 pop1 1.12324 0.936035
2200 pop2 1.1096 0.924663
2300 pop1 1.12344 0.936197
2300 pop2 1.12539 0.937827
2400 pop1 1.12257 0.935472
2400 pop2 1.12042 0.933684
2500 pop1 1.12053 0.933775
2500 pop2 1.11648 0.930396
2600 pop1 1.12119 0.934324
2600 pop2 1.12379 0.936489
2700 pop1 1.12736 0.939464
2700 pop2 1.11764 0.931369
2800 pop1 1.12606 0.938382
2800 pop2 1.1189 0.932419
2900 pop1 1.1126 0.92717
2900 pop2 1.13601 0.946675
3000 pop1 1.12593 0.938273
3000 pop2 1.11611 0.930089
3100 pop1 1.11325 0.927708
3100 pop2 1.1322 0.9435
3200 pop1 1.1282 0.94017
3200 pop2 1.11572 0.929769
3300 pop1 1.12713 0.939274
3300 pop2 1.11171 0.926425
3400 pop1 1.12981 0.941507
3400 pop2 1.11494 0.929118
3500 pop1 1.12216 0.935137
3500 pop2 1.1152 0.929337
3600 pop1 1.12142 0.934515
3600 pop2 1.12371 0.936426
3700 pop1 1.12858 0.940484
3700 pop2 1.1193 0.932748
3800 pop1 1.13282 0.944019
3800 pop2 1.11242 0.927013
3900 pop1 1.12353 0.936271
3900 pop2 1.11574 0.92978
4000 pop1 1.12604 0.938369
4000 pop2 1.12254 0.935451
4100 pop1 1.12507 0.937558
4100 pop2 1.11544 0.929531
4200 pop1 1.12102 0.934185
4200 pop2 1.12277 0.93564
4300 pop1 1.12353 0.936278
4300 pop2 1.11773 0.931438
4400 pop1 1.12564 0.938031
4400 pop2 1.11994 0.933287
4500 pop1 1.13165 0.943044
4500 pop2 1.11583 0.929858
4600 pop1 1.13305 0.944205
4600 pop2 1.10837 0.923638
4700 pop1 1.11998 0.933321
4700 pop2 1.12148 0.934571
4800 pop1 1.12033 0.933607
4800 pop2 1.1214 0.934503
4900 pop1 1.12852 0.940429
4900 pop2 1.11569 0.929744
5000 pop1 1.12066 0.933882
5000 pop2 1.12379 0.936491
