1 pop1 1.0 0.833333
1 pop2 1.0 0.833333
100 pop1 1.19446 0.995387
100 pop2 1.19074 0.992286
200 pop1 1.1912 0.992667
200 pop2 1.19116 0.992633
300 pop1 1.19084 0.992367
300 pop2 1.18824 0.990197
400 pop1 1.19428 0.995236
400 pop2 1.19095 0.992459
500 pop1 1.18851 0.990424
500 pop2 1.18587 0.988228
600 pop1 1.18954 0.991286
600 pop2 1.18847 0.99039
700 pop1 1.19345 0.994542
700 pop2 1.19126 0.992718
800 pop1 1.18895 0.990792
800 pop2 1.1937 0.994746
900 pop1 1.19749 0.997911
900 pop2 1.19087 0.99239
1000 pop1 1.19378 0.99482
1000 pop2 1.19212 0.99343
1100 pop1 1.19397 0.994979
1100 pop2 1.18799 0.989994
1200 pop1 1.1889 0.990749
1200 pop2 1.19591 0.996592
1300 pop1 1.1877 0.989747
1300 pop2 1.19365 0.994708
1400 pop1 1.18715 0.989292
1400 pop2 1.19091 0.992425
1500 pop1 1.18997 0.991645
1500 pop2 1.1886 0.990501
1600 pop1 1.18885 0.990711
1600 pop2 1.19017 0.991806
1700 pop1 1.19034 0.991948
1700 pop2 1.19187 0.993224
1800 pop1 1.18961 0.991341
1800 pop2 1.18947 0.991225
1900 pop1 1.19162 0.993017
1900 pop2 1.18917 0.990979
2000 pop1 1.19299 0.994158
2000 pop2 1.18952 0.991267
2100 pop1 1.19391 0.994927
2100 pop2 1.19295 0.994124
2200 pop1 1.19077 0.992309
2200 pop2 1.19585 0.996541
2300 pop1 1.19484 0.995701
2300 pop2 1.19152 0.992934
2400 pop1 1.18762 0.989687
2400 pop2 1.1892 0.991004
2500 pop1 1.19131 0.992756
2500 pop2 1.19116 0.992633
2600 pop1 1.19362 0.994686
2600 pop2 1.18892 0.990763
2700 pop1 1.18927 0.991062
2700 pop2 1.19463 0.995525
2800 pop1 1.19279 0.993995
2800 pop2 1.19435 0.995293
2900 pop1 1.19375 0.994792
2900 pop2 1.19276 0.993968
3000 pop1 1.18978 0.991481
3000 pop2 1.19382 0.994846
3100 pop1 1.19394 0.994953
3100 pop2 1.18795 0.98996
3200 pop1 1.19095 0.992457
3200 pop2 1.19329 0.994409
3300 pop1 1.19162 0.993015
3300 pop2 1.19453 0.995439
3400 pop1 1.19077 0.992312
3400 pop2 1.18884 0.990703
3500 pop1 1.19568 0.996397
3500 pop2 1.19117 0.992642
3600 pop1 1.18999 0.991659
3600 pop2 1.19357 0.99464
3700 pop1 1.19263 0.993855
3700 pop2 1.18948 0.991234
3800 pop1 1.191 0.992503
3800 pop2 1.19023 0.991856
3900 pop1 1.1877 0.989752
3900 pop2 1.19177 0.993139
4000 pop1 1.18702 0.989185
4000 pop2 1.19434 0.995285
4100 pop1 1.19068 0.992233
4100 pop2 1.19204 0.993368
4200 pop1 1.19348 0.994569
4200 pop2 1.1945 0.995419
4300 pop1 1.19079 0.992324
4300 pop2 1.1905 0.992084
4400 pop1 1.192 0.99333
4400 pop2 1.19189 0.993246
4500 pop1 1.19453 0.995441
4500 pop2 1.19222 0.993519
4600 pop1 1.19281 0.994012
4600 pop2 1.1883 0.990249
4700 pop1 1.19052 0.992096
4700 pop2 1.19091 0.992425
4800 pop1 1.19302 0.99418
4800 pop2 1.18525 0.987708
4900 pop1 1.19003 0.991692
4900 pop2 1.19137 0.99281
5000 pop1 1.18816 0.990132
5000 pop2 1.19006 0.991717
