1 pop1 1.0 0.833333
1 pop2 1.0 0.833333
100 pop1 1.19224 0.993535
100 pop2 1.1931 0.994247
200 pop1 1.18636 0.988635
200 pop2 1.18998 0.991654
300 pop1 1.18996 0.991631
300 pop2 1.19319 0.994322
400 pop1 1.19101 0.992509
400 pop2 1.18918 0.990981
500 pop1 1.1908 0.992336
500 pop2 1.18545 0.987879
600 pop1 1.18831 0.990259
600 pop2 1.18558 0.987987
700 pop1 1.1899 0.991582
700 pop2 1.19633 0.996941
800 pop1 1.19029 0.991909
800 pop2 1.19122 0.992686
900 pop1 1.19055 0.992122
900 pop2 1.19367 0.994726
1000 pop1 1.18974 0.991447
1000 pop2 1.19402 0.99502
1100 pop1 1.19627 0.996891
1100 pop2 1.18999 0.99166
1200 pop1 1.19071 0.992261
1200 pop2 1.19214 0.993447
1300 pop1 1.18984 0.991532
1300 pop2 1.19163 0.993028
1400 pop1 1.18612 0.988431
1400 pop2 1.19333 0.994441
1500 pop1 1.18447 0.987058
1500 pop2 1.19013 0.991777
1600 pop1 1.19168 0.993064
1600 pop2 1.19164 0.993036
1700 pop1 1.18939 0.991156
1700 pop2 1.19089 0.992412
1800 pop1 1.19118 0.992649
1800 pop2 1.19201 0.993343
1900 pop1 1.18925 0.991044
1900 pop2 1.18975 0.991459
2000 pop1 1.19021 0.991844
2000 pop2 1.19104 0.992533
2100 pop1 1.193 0.994166
2100 pop2 1.18862 0.990519
2200 pop1 1.19358 0.994647
2200 pop2 1.18863 0.990526
2300 pop1 1.18693 0.989112
2300 pop2 1.19123 0.992692
2400 pop1 1.19081 0.992342
2400 pop2 1.18731 0.989426
2500 pop1 1.19267 0.99389
2500 pop2 1.1915 0.992918
2600 pop1 1.18889 0.99074
2600 pop2 1.19088 0.992398
2700 pop1 1.18624 0.988536
2700 pop2 1.19073 0.992275
2800 pop1 1.18666 0.988883
2800 pop2 1.19318 0.994314
2900 pop1 1.18806 0.990054
2900 pop2 1.1927 0.993914
3000 pop1 1.18937 0.991144
3000 pop2 1.19085 0.992378
3100 pop1 1.18927 0.99106
3100 pop2 1.19481 0.995679
3200 pop1 1.18846 0.990386
3200 pop2 1.18913 0.990943
3300 pop1 1.18861 0.990508
3300 pop2 1.18823 0.990188
3400 pop1 1.188 0.990004
3400 pop2 1.1912 0.992667
3500 pop1 1.18798 0.989986
3500 pop2 1.18809 0.990074
3600 pop1 1.19128 0.992737
3600 pop2 1.19462 0.995519
3700 pop1 1.1877 0.989753
3700 pop2 1.19081 0.992339
3800 pop1 1.19284 0.994032
3800 pop2 1.19237 0.993643
3900 pop1 1.18776 0.989803
3900 pop2 1.18697 0.98914
4000 pop1 1.19172 0.993102
4000 pop2 1.18925 0.991042
4100 pop1 1.18847 0.99039
4100 pop2 1.18936 0.991136
4200 pop1 1.19313 0.994275
4200 pop2 1.19072 0.992269
4300 pop1 1.18601 0.988345
4300 pop2 1.18834 0.990283
4400 pop1 1.19288 0.994065
4400 pop2 1.19026 0.99188
4500 pop1 1.18911 0.990924
4500 pop2 1.19007 0.991726
4600 pop1 1.1923 0.993586
4600 pop2 1.19152 0.992931
4700 pop1 1.19152 0.992934
4700 pop2 1.19062 0.99218
4800 pop1 1.18898 0.990815
4800 pop2 1.18724 0.989368
4900 pop1 1.19109 0.992576
4900 pop2 1.19072 0.992269
5000 pop1 1.18734 0.989447
5000 pop2 1.19499 0.995821
