1 pop1 1.0 0.833333
1 pop2 1.0 0.833333
100 pop1 1.07132 0.892768
100 pop2 1.07079 0.892328
200 pop1 1.07751 0.897924
200 pop2 1.07327 0.89439
300 pop1 1.06999 0.891655
300 pop2 1.07549 0.896244
400 pop1 1.06584 0.8882
400 pop2 1.07468 0.895565
500 pop1 1.07116 0.892631
500 pop2 1.07461 0.895507
600 pop1 1.07369 0.894744
600 pop2 1.07117 0.892646
700 pop1 1.06172 0.884766
700 pop2 1.07916 0.899303
800 pop1 1.07271 0.893924
800 pop2 1.07018 0.891818
900 pop1 1.07341 0.894507
900 pop2 1.07959 0.899655
1000 pop1 1.07097 0.892475
1000 pop2 1.06341 0.886178
1100 pop1 1.1028 0.919002
1100 pop2 1.12738 0.939485
1200 pop1 1.10705 0.922545
1200 pop2 1.13272 0.94393
1300 pop1 1.11729 0.931073
1300 pop2 1.13004 0.941704
1400 pop1 1.10665 0.922211
1400 pop2 1.13551 0.946262
1500 pop1 1.12757 0.939638
1500 pop2 1.12233 0.935278
1600 pop1 1.12922 0.94102
1600 pop2 1.11992 0.933268
1700 pop1 1.12075 0.933961
1700 pop2 1.12312 0.93593
1800 pop1 1.12233 0.935279
1800 pop2 1.12377 0.936474
1900 pop1 1.1191 0.932583
1900 pop2 1.12519 0.93766
2000 pop1 1.12342 0.936181
2000 pop2 1.11715 0.930957
2100 pop1 1.11874 0.932287
2100 pop2 1.11998 0.933313
2200 pop1 1.12614 0.938453
2200 pop2 1.11998 0.933321
2300 pop1 1.12367 0.936395
2300 pop2 1.12182 0.934851
2400 pop1 1.11821 0.931838
2400 pop2 1.121 0.934165
2500 pop1 1.12056 0.933799
2500 pop2 1.11946 0.932879
2600 pop1 1.12113 0.934272
2600 pop2 1.12341 0.936171
2700 pop1 1.13085 0.942371
2700 pop2 1.11623 0.930191
2800 pop1 1.1264 0.938666
2800 pop2 1.12337 0.936145
2900 pop1 1.12692 0.939103
2900 pop2 1.11531 0.929423
3000 pop1 1.13086 0.942387
3000 pop2 1.11104 0.925863
3100 pop1 1.12267 0.935556
3100 pop2 1.11809 0.931741
3200 pop1 1.1275 0.939587
3200 pop2 1.12032 0.933604
3300 pop1 1.12711 0.939259
3300 pop2 1.10874 0.92395
3400 pop1 1.11879 0.932322
3400 pop2 1.12574 0.938117
3500 pop1 1.1262 0.938496
3500 pop2 1.1141 0.928416
3600 pop1 1.13298 0.944147
3600 pop2 1.11237 0.926974
3700 pop1 1.1291 0.940916
3700 pop2 1.11214 0.926785
3800 pop1 1.12822 0.940187
3800 pop2 1.11393 0.928272
3900 pop1 1.12089 0.934073
3900 pop2 1.126 0.938335
4000 pop1 1.12459 0.937157
4000 pop2 1.11886 0.932383
4100 pop1 1.12778 0.939814
4100 pop2 1.1141 0.928416
4200 pop1 1.11214 0.92678
4200 pop2 1.12842 0.940347
4300 pop1 1.11592 0.929931
4300 pop2 1.12528 0.937731
4400 pop1 1.1226 0.935496
4400 pop2 1.11848 0.932071
4500 pop1 1.13343 0.944528
4500 pop2 1.10728 0.922733
4600 pop1 1.11686 0.930716
4600 pop2 1.12383 0.936526
4700 pop1 1.12293 0.935776
4700 pop2 1.11525 0.929377
4800 pop1 1.13145 0.942871
4800 pop2 1.1167 0.930587
4900 pop1 1.1219 0.934915
4900 pop2 1.12316 0.93597
5000 pop1 1.1308 0.942332
5000 pop2 1.11318 0.92765
