1 pop1 1.0 0.909091
1 pop2 1.0 0.909091
100 pop1 1.0425 0.947727
100 pop2 1.04157 0.94688
200 pop1 1.03877 0.944334
200 pop2 1.04127 0.946613
300 pop1 1.03566 0.94151
300 pop2 1.04152 0.946834
400 pop1 1.03777 0.943423
400 pop2 1.04182 0.947112
500 pop1 1.03812 0.94375
500 pop2 1.04461 0.949647
600 pop1 1.03371 0.939735
600 pop2 1.04163 0.946938
700 pop1 1.03884 0.944398
700 pop2 1.04202 0.947293
800 pop1 1.04363 0.948754
800 pop2 1.03783 0.943478
900 pop1 1.04226 0.947512
900 pop2 1.03959 0.945082
1000 pop1 1.03221 0.938372
1000 pop2 1.04551 0.950466
1100 pop1 1.09035 0.991227
1100 pop2 0.965473 0.877702
1200 pop1 1.09631 0.996643
1200 pop2 0.970234 0.882031
1300 pop1 1.09902 0.999106
1300 pop2 0.986756 0.897051
1400 pop1 1.10253 1.0023
1400 pop2 0.998558 0.90778
1500 pop1 1.1025 1.00227
1500 pop2 0.99998 0.909073
1600 pop1 1.1025 1.00227
1600 pop2 1.0 0.909091
1700 pop1 1.1025 1.00227
1700 pop2 1.0 0.909091
1800 pop1 1.1025 1.00227
1800 pop2 1.0 0.909091
1900 pop1 1.1025 1.00227
1900 pop2 1.0 0.909091
2000 pop1 1.1025 1.00227
2000 pop2 1.0 0.909091
2100 pop1 1.1025 1.00227
2100 pop2 1.0 0.909091
2200 pop1 1.1025 1.00227
2200 pop2 1.0 0.909091
2300 pop1 1.1025 1.00227
2300 pop2 1.0 0.909091
2400 pop1 1.1025 1.00227
2400 pop2 1.0 0.909091
2500 pop1 1.1025 1.00227
2500 pop2 1.0 0.909091
2600 pop1 1.1025 1.00227
2600 pop2 1.0 0.909091
2700 pop1 1.1025 1.00227
2700 pop2 1.0 0.909091
2800 pop1 1.1025 1.00227
2800 pop2 1.0 0.909091
2900 pop1 1.1025 1.00227
2900 pop2 1.0 0.909091
3000 pop1 1.1025 1.00227
3000 pop2 1.0 0.909091
3100 pop1 1.1025 1.00227
3100 pop2 1.0 0.909091
3200 pop1 1.1025 1.00227
3200 pop2 1.0 0.909091
3300 pop1 1.1025 1.00227
3300 pop2 1.0 0.909091
3400 pop1 1.1025 1.00227
3400 pop2 1.0 0.909091
3500 pop1 1.1025 1.00227
3500 pop2 1.0 0.909091
3600 pop1 1.1025 1.00227
3600 pop2 1.0 0.909091
3700 pop1 1.1025 1.00227
3700 pop2 1.0 0.909091
3800 pop1 1.1025 1.00227
3800 pop2 1.0 0.909091
3900 pop1 1.1025 1.00227
3900 pop2 1.0 0.909091
4000 pop1 1.1025 1.00227
4000 pop2 1.0 0.909091
4100 pop1 1.1025 1.00227
4100 pop2 1.0 0.909091
4200 pop1 1.1025 1.00227
4200 pop2 1.0 0.909091
4300 pop1 1.1025 1.00227
4300 pop2 1.0 0.909091
4400 pop1 1.1025 1.00227
4400 pop2 1.0 0.909091
4500 pop1 1.1025 1.00227
4500 pop2 1.0 0.909091
4600 pop1 1.1025 1.00227
4600 pop2 1.0 0.909091
4700 pop1 1.1025 1.00227
4700 pop2 1.0 0.909091
4800 pop1 1.1025 1.00227
4800 pop2 1.0 0.909091
4900 pop1 1.1025 1.00227
4900 pop2 1.0 0.909091
5000 pop1 1.1025 1.00227
5000 pop2 1.0 0.909091
