1 pop1 1.0 0.909091
1 pop2 1.0 0.909091
100 pop1 1.03101 0.937285
100 pop2 1.04061 0.946006
200 pop1 1.03617 0.941974
200 pop2 1.03402 0.940018
300 pop1 1.0369 0.942639
300 pop2 1.03027 0.936609
400 pop1 1.04187 0.947157
400 pop2 1.03255 0.938682
500 pop1 1.03332 0.939383
500 pop2 1.03685 0.942589
600 pop1 1.0307 0.937001
600 pop2 1.03574 0.941584
700 pop1 1.03399 0.939988
700 pop2 1.03516 0.941058
800 pop1 1.03102 0.93729
800 pop2 1.02674 0.933398
900 pop1 1.04546 0.950422
900 pop2 1.02943 0.935846
1000 pop1 1.02933 0.935756
1000 pop2 1.03074 0.93704
1100 pop1 1.06713 0.970116
1100 pop2 1.0523 0.956639
1200 pop1 1.06042 0.964018
1200 pop2 1.06127 0.964792
1300 pop1 1.05361 0.957825
1300 pop2 1.06923 0.972028
1400 pop1 1.05723 0.961118
1400 pop2 1.06668 0.969706
1500 pop1 1.05871 0.962461
1500 pop2 1.06391 0.96719
1600 pop1 1.06873 0.971575
1600 pop2 1.05758 0.961438
1700 pop1 1.06628 0.969342
1700 pop2 1.056 0.960004
1800 pop1 1.06289 0.966261
1800 pop2 1.06063 0.964209
1900 pop1 1.06433 0.967576
1900 pop2 1.05912 0.962834
2000 pop1 1.06377 0.967067
2000 pop2 1.06345 0.966768
2100 pop1 1.05544 0.959491
2100 pop2 1.06391 0.967192
2200 pop1 1.06471 0.967919
2200 pop2 1.06065 0.964229
2300 pop1 1.06395 0.967226
2300 pop2 1.06247 0.965883
2400 pop1 1.05472 0.958832
2400 pop2 1.06979 0.972534
2500 pop1 1.06764 0.970578
2500 pop2 1.0549 0.958999
2600 pop1 1.06161 0.965101
2600 pop2 1.06301 0.966376
2700 pop1 1.06119 0.964718
2700 pop2 1.05847 0.962249
2800 pop1 1.06568 0.9688
2800 pop2 1.05554 0.959583
2900 pop1 1.0641 0.967366
2900 pop2 1.06299 0.966354
3000 pop1 1.06043 0.964027
3000 pop2 1.06575 0.968862
3100 pop1 1.06202 0.965474
3100 pop2 1.05743 0.961302
3200 pop1 1.06715 0.970137
3200 pop2 1.0569 0.960817
3300 pop1 1.06426 0.967505
3300 pop2 1.06022 0.963833
3400 pop1 1.06451 0.967735
3400 pop2 1.05777 0.961612
3500 pop1 1.06318 0.966532
3500 pop2 1.06159 0.96508
3600 pop1 1.06192 0.965386
3600 pop2 1.05969 0.963358
3700 pop1 1.05986 0.963509
3700 pop2 1.06224 0.965669
3800 pop1 1.0715 0.974093
3800 pop2 1.04968 0.954255
3900 pop1 1.05833 0.962119
3900 pop2 1.06423 0.96748
4000 pop1 1.06179 0.965268
4000 pop2 1.0605 0.964094
4100 pop1 1.06177 0.965242
4100 pop2 1.05958 0.963256
4200 pop1 1.06157 0.965061
4200 pop2 1.06088 0.964438
4300 pop1 1.06143 0.964939
4300 pop2 1.06109 0.964627
4400 pop1 1.06344 0.966762
4400 pop2 1.05997 0.963605
4500 pop1 1.06656 0.969597
4500 pop2 1.06088 0.964441
4600 pop1 1.06161 0.965103
4600 pop2 1.0596 0.963273
4700 pop1 1.06188 0.965342
4700 pop2 1.06163 0.965122
4800 pop1 1.06077 0.964333
4800 pop2 1.06311 0.96646
4900 pop1 1.05913 0.962847
4900 pop2 1.06128 0.964796
5000 pop1 1.063 0.966368
5000 pop2 1.05783 0.961666
