1 pop1 1.0 0.980392
1 pop2 1.0 0.980392
100 pop1 0.998054 0.978484
100 pop2 1.00388 0.984196
200 pop1 1.00019 0.980576
200 pop2 1.00103 0.9814
300 pop1 0.999797 0.980193
300 pop2 1.00251 0.982857
400 pop1 1.0003 0.980686
400 pop2 1.00091 0.981286
500 pop1 1.00063 0.981012
500 pop2 1.0015 0.981863
600 pop1 1.00007 0.980459
600 pop2 0.999786 0.980182
700 pop1 1.00126 0.981628
700 pop2 0.999204 0.979612
800 pop1 1.00307 0.983399
800 pop2 0.999267 0.979674
900 pop1 1.0033 0.983625
900 pop2 0.998253 0.978679
1000 pop1 1.0055 0.985788
1000 pop2 0.995836 0.97631
1100 pop1 1.01298 0.993115
1100 pop2 0.99658 0.977039
1200 pop1 1.01695 0.997009
1200 pop2 0.996958 0.977409
1300 pop1 1.01744 0.997489
1300 pop2 0.997822 0.978257
1400 pop1 1.01881 0.998832
1400 pop2 0.997547 0.977987
1500 pop1 1.01935 0.999359
1500 pop2 0.998704 0.979121
1600 pop1 1.01938 0.999389
1600 pop2 0.999358 0.979762
1700 pop1 1.01939 0.999404
1700 pop2 0.999509 0.979911
1800 pop1 1.01995 0.99995
1800 pop2 0.999087 0.979497
1900 pop1 1.01989 0.999894
1900 pop2 0.999282 0.979688
2000 pop1 1.0201 1.0001
2000 pop2 0.999693 0.980091
2100 pop1 1.0201 1.0001
2100 pop2 0.999928 0.980322
2200 pop1 1.0201 1.0001
2200 pop2 1.0 0.980392
2300 pop1 1.0201 1.0001
2300 pop2 1.0 0.980392
2400 pop1 1.0201 1.0001
2400 pop2 1.0 0.980392
2500 pop1 1.0201 1.0001
2500 pop2 1.0 0.980392
2600 pop1 1.0201 1.0001
2600 pop2 1.0 0.980392
2700 pop1 1.0201 1.0001
2700 pop2 1.0 0.980392
2800 pop1 1.0201 1.0001
2800 pop2 1.0 0.980392
2900 pop1 1.0201 1.0001
2900 pop2 1.0 0.980392
3000 pop1 1.0201 1.0001
3000 pop2 1.0 0.980392
3100 pop1 1.0201 1.0001
3100 pop2 1.0 0.980392
3200 pop1 1.0201 1.0001
3200 pop2 1.0 0.980392
3300 pop1 1.0201 1.0001
3300 pop2 1.0 0.980392
3400 pop1 1.0201 1.0001
3400 pop2 1.0 0.980392
3500 pop1 1.0201 1.0001
3500 pop2 1.0 0.980392
3600 pop1 1.0201 1.0001
3600 pop2 1.0 0.980392
3700 pop1 1.0201 1.0001
3700 pop2 1.0 0.980392
3800 pop1 1.0201 1.0001
3800 pop2 1.0 0.980392
3900 pop1 1.0201 1.0001
3900 pop2 1.0 0.980392
4000 pop1 1.0201 1.0001
4000 pop2 1.0 0.980392
4100 pop1 1.0201 1.0001
4100 pop2 1.0 0.980392
4200 pop1 1.0201 1.0001
4200 pop2 1.0 0.980392
4300 pop1 1.0201 1.0001
4300 pop2 1.0 0.980392
4400 pop1 1.0201 1.0001
4400 pop2 1.0 0.980392
4500 pop1 1.0201 1.0001
4500 pop2 1.0 0.980392
4600 pop1 1.0201 1.0001
4600 pop2 1.0 0.980392
4700 pop1 1.0201 1.0001
4700 pop2 1.0 0.980392
4800 pop1 1.0201 1.0001
4800 pop2 1.0 0.980392
4900 pop1 1.0201 1.0001
4900 pop2 1.0 0.980392
5000 pop1 1.0201 1.0001
5000 pop2 1.0 0.980392
