1 pop1 1.0 0.833333
1 pop2 1.0 0.833333
100 pop1 1.06721 0.889345
100 pop2 1.07209 0.893411
200 pop1 1.06434 0.886953
200 pop2 1.07316 0.894297
300 pop1 1.06925 0.891041
300 pop2 1.06982 0.89152
400 pop1 1.06636 0.888634
400 pop2 1.07522 0.896019
500 pop1 1.07461 0.895504
500 pop2 1.0632 0.885997
600 pop1 1.07409 0.895078
600 pop2 1.07205 0.893373
700 pop1 1.07601 0.896676
700 pop2 1.07585 0.896544
800 pop1 1.07416 0.895132
800 pop2 1.07073 0.892278
900 pop1 1.06732 0.889437
900 pop2 1.07808 0.898398
1000 pop1 1.08094 0.900785
1000 pop2 1.06091 0.884094
1100 pop1 1.12982 0.941514
1100 pop2 1.10993 0.924938
1200 pop1 1.12134 0.934454
1200 pop2 1.11563 0.929693
1300 pop1 1.11724 0.931033
1300 pop2 1.12073 0.933941
1400 pop1 1.12756 0.939635
1400 pop2 1.1176 0.931334
1500 pop1 1.12328 0.936067
1500 pop2 1.12387 0.936562
1600 pop1 1.13699 0.947495
1600 pop2 1.11395 0.928289
1700 pop1 1.12018 0.933486
1700 pop2 1.11834 0.931953
1800 pop1 1.12992 0.941599
1800 pop2 1.1209 0.934082
1900 pop1 1.12077 0.933972
1900 pop2 1.12359 0.936325
2000 pop1 1.11337 0.92781
2000 pop2 1.12482 0.937349
2100 pop1 1.12501 0.937505
2100 pop2 1.11505 0.929209
2200 pop1 1.12548 0.937898
2200 pop2 1.11477 0.928973
2300 pop1 1.1248 0.937329
2300 pop2 1.11853 0.932112
2400 pop1 1.12593 0.938272
2400 pop2 1.11734 0.931113
2500 pop1 1.12978 0.941485
2500 pop2 1.11435 0.928622
2600 pop1 1.12436 0.93697
2600 pop2 1.12185 0.934878
2700 pop1 1.11922 0.932685
2700 pop2 1.12661 0.938843
2800 pop1 1.12472 0.937263
2800 pop2 1.11749 0.931245
2900 pop1 1.11958 0.932982
2900 pop2 1.12069 0.93391
3000 pop1 1.12472 0.937265
3000 pop2 1.12776 0.9398
3100 pop1 1.12001 0.933338
3100 pop2 1.1261 0.93842
3200 pop1 1.11994 0.933283
3200 pop2 1.12598 0.938318
3300 pop1 1.12811 0.940091
3300 pop2 1.11227 0.926894
3400 pop1 1.12161 0.934673
3400 pop2 1.11708 0.930897
3500 pop1 1.13497 0.945806
3500 pop2 1.10554 0.921287
3600 pop1 1.12421 0.936838
3600 pop2 1.12269 0.935577
3700 pop1 1.12338 0.936148
3700 pop2 1.11699 0.930826
3800 pop1 1.12996 0.941634
3800 pop2 1.11414 0.928453
3900 pop1 1.12685 0.939042
3900 pop2 1.11926 0.932717
4000 pop1 1.1174 0.931169
4000 pop2 1.12856 0.94047
4100 pop1 1.11382 0.928182
4100 pop2 1.12927 0.941058
4200 pop1 1.11849 0.932072
4200 pop2 1.12171 0.934761
4300 pop1 1.12006 0.933384
4300 pop2 1.12316 0.935969
4400 pop1 1.12894 0.940783
4400 pop2 1.1197 0.933085
4500 pop1 1.12858 0.940487
4500 pop2 1.11522 0.929351
4600 pop1 1.12843 0.94036
4600 pop2 1.11674 0.930615
4700 pop1 1.11783 0.931524
4700 pop2 1.12612 0.938436
4800 pop1 1.11557 0.929638
4800 pop2 1.12899 0.940823
4900 pop1 1.12281 0.935674
4900 pop2 1.11828 0.931902
5000 pop1 1.11999 0.933323
5000 pop2 1.119 0.932499
