1 pop1 1.0 0.980392
1 pop2 1.0 0.980392
100 pop1 1.00545 0.985736
100 pop2 1.00923 0.98944
200 pop1 1.00775 0.987991
200 pop2 1.00927 0.989483
300 pop1 1.00756 0.987806
300 pop2 1.00629 0.986555
400 pop1 1.00718 0.987434
400 pop2 1.00766 0.987899
500 pop1 1.00935 0.989559
500 pop2 1.00923 0.989441
600 pop1 1.00616 0.986429
600 pop2 1.0094 0.989607
700 pop1 1.00709 0.987339
700 pop2 1.01089 0.991072
800 pop1 1.00595 0.986221
800 pop2 1.00861 0.988835
900 pop1 1.00531 0.985601
900 pop2 1.01028 0.990472
1000 pop1 1.00886 0.989075
1000 pop2 1.01007 0.990269
1100 pop1 1.01385 0.993975
1100 pop2 0.997799 0.978234
1200 pop1 1.01509 0.99519
1200 pop2 0.997412 0.977855
1300 pop1 1.0179 0.997941
1300 pop2 0.997093 0.977542
1400 pop1 1.01905 0.999072
1400 pop2 0.997506 0.977947
1500 pop1 1.01922 0.999237
1500 pop2 0.998061 0.978491
1600 pop1 1.0197 0.999709
1600 pop2 0.997933 0.978366
1700 pop1 1.01964 0.999643
1700 pop2 0.999002 0.979414
1800 pop1 1.01969 0.999696
1800 pop2 0.999697 0.980095
1900 pop1 1.01965 0.999656
1900 pop2 0.999992 0.980384
2000 pop1 1.02008 1.00007
2000 pop2 1.0 0.980392
2100 pop1 1.01988 0.999885
2100 pop2 1.0 0.980392
2200 pop1 1.0201 1.0001
2200 pop2 1.0 0.980392
2300 pop1 1.0201 1.0001
2300 pop2 1.0 0.980392
2400 pop1 1.0201 1.0001
2400 pop2 1.0 0.980392
2500 pop1 1.0201 1.0001
2500 pop2 1.0 0.980392
2600 pop1 1.0201 1.0001
2600 pop2 1.0 0.980392
2700 pop1 1.0201 1.0001
2700 pop2 1.0 0.980392
2800 pop1 1.0201 1.0001
2800 pop2 1.0 0.980392
2900 pop1 1.0201 1.0001
2900 pop2 1.0 0.980392
3000 pop1 1.0201 1.0001
3000 pop2 1.0 0.980392
3100 pop1 1.0201 1.0001
3100 pop2 1.0 0.980392
3200 pop1 1.0201 1.0001
3200 pop2 1.0 0.980392
3300 pop1 1.0201 1.0001
3300 pop2 1.0 0.980392
3400 pop1 1.0201 1.0001
3400 pop2 1.0 0.980392
3500 pop1 1.0201 1.0001
3500 pop2 1.0 0.980392
3600 pop1 1.0201 1.0001
3600 pop2 1.0 0.980392
3700 pop1 1.0201 1.0001
3700 pop2 1.0 0.980392
3800 pop1 1.0201 1.0001
3800 pop2 1.0 0.980392
3900 pop1 1.0201 1.0001
3900 pop2 1.0 0.980392
4000 pop1 1.0201 1.0001
4000 pop2 1.0 0.980392
4100 pop1 1.0201 1.0001
4100 pop2 1.0 0.980392
4200 pop1 1.0201 1.0001
4200 pop2 1.0 0.980392
4300 pop1 1.0201 1.0001
4300 pop2 1.0 0.980392
4400 pop1 1.0201 1.0001
4400 pop2 1.0 0.980392
4500 pop1 1.0201 1.0001
4500 pop2 1.0 0.980392
4600 pop1 1.0201 1.0001
4600 pop2 1.0 0.980392
4700 pop1 1.0201 1.0001
4700 pop2 1.0 0.980392
4800 pop1 1.0201 1.0001
4800 pop2 1.0 0.980392
4900 pop1 1.0201 1.0001
4900 pop2 1.0 0.980392
5000 pop1 1.0201 1.0001
5000 pop2 1.0 0.980392
