1 pop1 1.0 0.833333
1 pop2 1.0 0.833333
100 pop1 1.06974 0.891453
100 pop2 1.07167 0.893058
200 pop1 1.06448 0.88707
200 pop2 1.07295 0.894123
300 pop1 1.06559 0.887995
300 pop2 1.07819 0.898492
400 pop1 1.0758 0.896498
400 pop2 1.07044 0.892037
500 pop1 1.0704 0.892001
500 pop2 1.07018 0.89182
600 pop1 1.067 0.889164
600 pop2 1.06691 0.889095
700 pop1 1.06646 0.888715
700 pop2 1.06573 0.888111
800 pop1 1.06727 0.889396
800 pop2 1.06781 0.889844
900 pop1 1.0721 0.89342
900 pop2 1.07202 0.893348
1000 pop1 1.08379 0.903162
1000 pop2 1.06244 0.885364
1100 pop1 1.12691 0.939094
1100 pop2 1.11892 0.932431
1200 pop1 1.12654 0.93878
1200 pop2 1.11846 0.932049
1300 pop1 1.12232 0.935263
1300 pop2 1.12125 0.934373
1400 pop1 1.12943 0.941189
1400 pop2 1.11442 0.928684
1500 pop1 1.1192 0.932664
1500 pop2 1.12343 0.936191
1600 pop1 1.11938 0.932818
1600 pop2 1.12272 0.935603
1700 pop1 1.1208 0.934001
1700 pop2 1.12418 0.93682
1800 pop1 1.12769 0.939738
1800 pop2 1.11611 0.930088
1900 pop1 1.12324 0.93603
1900 pop2 1.12769 0.939738
2000 pop1 1.11898 0.93248
2000 pop2 1.12801 0.94001
2100 pop1 1.11991 0.93326
2100 pop2 1.12287 0.935722
2200 pop1 1.12583 0.938196
2200 pop2 1.11964 0.933034
2300 pop1 1.12612 0.938436
2300 pop2 1.11492 0.929098
2400 pop1 1.1289 0.940754
2400 pop2 1.11718 0.930982
2500 pop1 1.11991 0.933255
2500 pop2 1.12474 0.937281
2600 pop1 1.12104 0.9342
2600 pop2 1.12283 0.935688
2700 pop1 1.11883 0.932355
2700 pop2 1.12462 0.937186
2800 pop1 1.13037 0.941978
2800 pop2 1.11242 0.927017
2900 pop1 1.13366 0.944715
2900 pop2 1.11155 0.926291
3000 pop1 1.128 0.94
3000 pop2 1.11435 0.928622
3100 pop1 1.11859 0.932158
3100 pop2 1.12568 0.938064
3200 pop1 1.11839 0.93199
3200 pop2 1.12224 0.935202
3300 pop1 1.11829 0.931906
3300 pop2 1.126 0.938335
3400 pop1 1.12367 0.936389
3400 pop2 1.12036 0.933631
3500 pop1 1.12202 0.935017
3500 pop2 1.12055 0.933791
3600 pop1 1.12759 0.93966
3600 pop2 1.11744 0.931198
3700 pop1 1.12787 0.939888
3700 pop2 1.11565 0.92971
3800 pop1 1.12627 0.938562
3800 pop2 1.11671 0.930589
3900 pop1 1.13337 0.944477
3900 pop2 1.10867 0.923895
4000 pop1 1.12033 0.933609
4000 pop2 1.12159 0.934658
4100 pop1 1.12262 0.935517
4100 pop2 1.11947 0.932894
4200 pop1 1.12889 0.940746
4200 pop2 1.12145 0.934544
4300 pop1 1.12697 0.939143
4300 pop2 1.1166 0.930498
4400 pop1 1.12059 0.933823
4400 pop2 1.11765 0.931377
4500 pop1 1.13013 0.941772
4500 pop2 1.11062 0.925514
4600 pop1 1.12607 0.938391
4600 pop2 1.11523 0.929356
4700 pop1 1.12246 0.935385
4700 pop2 1.12462 0.937186
4800 pop1 1.11882 0.932348
4800 pop2 1.12551 0.937924
4900 pop1 1.12363 0.93636
4900 pop2 1.12329 0.936078
5000 pop1 1.13502 0.945848
5000 pop2 1.10825 0.923542
