1 pop1 1.0 0.833333
1 pop2 1.0 0.833333
100 pop1 1.06392 0.886603
100 pop2 1.07146 0.89288
200 pop1 1.0717 0.893081
200 pop2 1.0702 0.891832
300 pop1 1.07622 0.896846
300 pop2 1.0689 0.890747
400 pop1 1.07456 0.895468
400 pop2 1.05694 0.880779
500 pop1 1.08116 0.900966
500 pop2 1.07267 0.893894
600 pop1 1.06654 0.888786
600 pop2 1.07103 0.892524
700 pop1 1.0639 0.886579
700 pop2 1.0805 0.900415
800 pop1 1.0829 0.902414
800 pop2 1.0575 0.881247
900 pop1 1.07501 0.895844
900 pop2 1.07239 0.893656
1000 pop1 1.05552 0.879599
1000 pop2 1.07764 0.89803
1100 pop1 1.11626 0.930215
1100 pop2 1.11868 0.932233
1200 pop1 1.11449 0.928744
1200 pop2 1.1255 0.937916
1300 pop1 1.11209 0.926743
1300 pop2 1.12648 0.938737
1400 pop1 1.1262 0.938499
1400 pop2 1.11594 0.929951
1500 pop1 1.1209 0.934083
1500 pop2 1.12528 0.93773
1600 pop1 1.12445 0.937041
1600 pop2 1.12293 0.935774
1700 pop1 1.1261 0.93842
1700 pop2 1.11724 0.93103
1800 pop1 1.12425 0.936873
1800 pop2 1.12363 0.936356
1900 pop1 1.12794 0.939951
1900 pop2 1.11394 0.928287
2000 pop1 1.12409 0.936742
2000 pop2 1.11616 0.93013
2100 pop1 1.12792 0.93993
2100 pop2 1.11744 0.931203
2200 pop1 1.12482 0.937353
2200 pop2 1.12228 0.935235
2300 pop1 1.1211 0.934254
2300 pop2 1.12208 0.935064
2400 pop1 1.11631 0.93026
2400 pop2 1.1209 0.934084
2500 pop1 1.12775 0.939795
2500 pop2 1.11078 0.925654
2600 pop1 1.1192 0.932669
2600 pop2 1.1237 0.936415
2700 pop1 1.12594 0.938282
2700 pop2 1.11549 0.929571
2800 pop1 1.1339 0.944915
2800 pop2 1.11228 0.9269
2900 pop1 1.12123 0.934358
2900 pop2 1.11929 0.932741
3000 pop1 1.1277 0.939747
3000 pop2 1.11879 0.932326
3100 pop1 1.12584 0.938197
3100 pop2 1.11762 0.931353
3200 pop1 1.13124 0.942703
3200 pop2 1.11941 0.932844
3300 pop1 1.12472 0.937269
3300 pop2 1.11802 0.931683
3400 pop1 1.12875 0.940622
3400 pop2 1.11115 0.925955
3500 pop1 1.12636 0.938632
3500 pop2 1.11164 0.92637
3600 pop1 1.12418 0.936818
3600 pop2 1.11824 0.931867
3700 pop1 1.11885 0.932377
3700 pop2 1.13109 0.942578
3800 pop1 1.11722 0.931018
3800 pop2 1.12552 0.937934
3900 pop1 1.13986 0.949886
3900 pop2 1.10813 0.923442
4000 pop1 1.11186 0.926554
4000 pop2 1.13087 0.942395
4100 pop1 1.13031 0.941923
4100 pop2 1.11082 0.92568
4200 pop1 1.12213 0.935106
4200 pop2 1.11525 0.929379
4300 pop1 1.12611 0.938422
4300 pop2 1.12317 0.935977
4400 pop1 1.11925 0.932707
4400 pop2 1.12378 0.93648
4500 pop1 1.12984 0.941529
4500 pop2 1.11427 0.928557
4600 pop1 1.12482 0.937347
4600 pop2 1.11756 0.9313
4700 pop1 1.12189 0.934908
4700 pop2 1.12346 0.936214
4800 pop1 1.13292 0.944102
4800 pop2 1.10957 0.92464
4900 pop1 1.13068 0.942235
4900 pop2 1.1187 0.932249
5000 pop1 1.12641 0.938677
5000 pop2 1.11912 0.932601
