1 pop1 1.0 0.833333
1 pop2 1.0 0.833333
100 pop1 1.19085 0.992373
100 pop2 1.19569 0.99641
200 pop1 1.19144 0.992871
200 pop2 1.19191 0.993255
300 pop1 1.19083 0.992359
300 pop2 1.19326 0.994383
400 pop1 1.18907 0.990891
400 pop2 1.19247 0.993728
500 pop1 1.19065 0.992205
500 pop2 1.19258 0.993816
600 pop1 1.19243 0.993694
600 pop2 1.19034 0.99195
700 pop1 1.18778 0.989817
700 pop2 1.1942 0.995163
800 pop1 1.18901 0.990841
800 pop2 1.19086 0.992383
900 pop1 1.18638 0.988653
900 pop2 1.18967 0.991395
1000 pop1 1.19059 0.99216
1000 pop2 1.18994 0.991621
1100 pop1 1.20037 1.00031
1100 pop2 0.992395 0.826996
1200 pop1 1.20282 1.00235
1200 pop2 0.993331 0.827776
1300 pop1 1.20046 1.00038
1300 pop2 0.995437 0.829531
1400 pop1 1.20544 1.00453
1400 pop2 0.996022 0.830018
1500 pop1 1.2082 1.00683
1500 pop2 0.996451 0.830376
1600 pop1 1.2097 1.00808
1600 pop2 0.999844 0.833203
1700 pop1 1.21001 1.00834
1700 pop2 1.0 0.833333
1800 pop1 1.21 1.00833
1800 pop2 1.0 0.833333
1900 pop1 1.21 1.00833
1900 pop2 1.0 0.833333
2000 pop1 1.21 1.00833
2000 pop2 1.0 0.833333
2100 pop1 1.21 1.00833
2100 pop2 1.0 0.833333
2200 pop1 1.21 1.00833
2200 pop2 1.0 0.833333
2300 pop1 1.21 1.00833
2300 pop2 1.0 0.833333
2400 pop1 1.21 1.00833
2400 pop2 1.0 0.833333
2500 pop1 1.21 1.00833
2500 pop2 1.0 0.833333
2600 pop1 1.21 1.00833
2600 pop2 1.0 0.833333
2700 pop1 1.21 1.00833
2700 pop2 1.0 0.833333
2800 pop1 1.21 1.00833
2800 pop2 1.0 0.833333
2900 pop1 1.21 1.00833
2900 pop2 1.0 0.833333
3000 pop1 1.21 1.00833
3000 pop2 1.0 0.833333
3100 pop1 1.21 1.00833
3100 pop2 1.0 0.833333
3200 pop1 1.21 1.00833
3200 pop2 1.0 0.833333
3300 pop1 1.21 1.00833
3300 pop2 1.0 0.833333
3400 pop1 1.21 1.00833
3400 pop2 1.0 0.833333
3500 pop1 1.21 1.00833
3500 pop2 1.0 0.833333
3600 pop1 1.21 1.00833
3600 pop2 1.0 0.833333
3700 pop1 1.21 1.00833
3700 pop2 1.0 0.833333
3800 pop1 1.21 1.00833
3800 pop2 1.0 0.833333
3900 pop1 1.21 1.00833
3900 pop2 1.0 0.833333
4000 pop1 1.21 1.00833
4000 pop2 1.0 0.833333
4100 pop1 1.21 1.00833
4100 pop2 1.0 0.833333
4200 pop1 1.21 1.00833
4200 pop2 1.0 0.833333
4300 pop1 1.21 1.00833
4300 pop2 1.0 0.833333
4400 pop1 1.21 1.00833
4400 pop2 1.0 0.833333
4500 pop1 1.21 1.00833
4500 pop2 1.0 0.833333
4600 pop1 1.21 1.00833
4600 pop2 1.0 0.833333
4700 pop1 1.21 1.00833
4700 pop2 1.0 0.833333
4800 pop1 1.21 1.00833
4800 pop2 1.0 0.833333
4900 pop1 1.21 1.00833
4900 pop2 1.0 0.833333
5000 pop1 1.21 1.00833
5000 pop2 1.0 0.833333
