1 pop1 1.0 0.980392
1 pop2 1.0 0.980392
100 pop1 1.0059 0.986179
100 pop2 0.995484 0.975965
200 pop1 1.0047 0.984999
200 pop2 0.995703 0.976179
300 pop1 1.00392 0.984231
300 pop2 0.996728 0.977184
400 pop1 1.00564 0.985919
400 pop2 0.995378 0.975861
500 pop1 1.00541 0.985692
500 pop2 0.995809 0.976283
600 pop1 1.006 0.986279
600 pop2 0.994565 0.975063
700 pop1 1.00613 0.9864
700 pop2 0.994543 0.975042
800 pop1 1.004 0.984313
800 pop2 0.996979 0.977431
900 pop1 1.00382 0.984133
900 pop2 0.997132 0.97758
1000 pop1 1.00335 0.983679
1000 pop2 0.996824 0.977279
1100 pop1 1.00546 0.985745
1100 pop2 1.00498 0.985277
1200 pop1 1.00712 0.987369
1200 pop2 1.00984 0.990034
1300 pop1 1.00745 0.987697
1300 pop2 1.01095 0.991126
1400 pop1 1.00964 0.989846
1400 pop2 1.00933 0.989539
1500 pop1 1.00961 0.98981
1500 pop2 1.0102 0.990396
1600 pop1 1.01016 0.990355
1600 pop2 1.00997 0.990167
1700 pop1 1.01076 0.990937
1700 pop2 1.01026 0.990447
1800 pop1 1.01212 0.992276
1800 pop2 1.00876 0.988976
1900 pop1 1.01302 0.993155
1900 pop2 1.00713 0.987384
2000 pop1 1.01333 0.993461
2000 pop2 1.00747 0.98772
2100 pop1 1.0145 0.99461
2100 pop2 1.00559 0.985876
2200 pop1 1.01501 0.99511
2200 pop2 1.00598 0.986254
2300 pop1 1.01537 0.995463
2300 pop2 1.00475 0.98505
2400 pop1 1.01536 0.995455
2400 pop2 1.00498 0.985278
2500 pop1 1.01378 0.993905
2500 pop2 1.00658 0.986841
2600 pop1 1.0144 0.994507
2600 pop2 1.00648 0.986742
2700 pop1 1.01507 0.995166
2700 pop2 1.00552 0.985806
2800 pop1 1.01451 0.994622
2800 pop2 1.00553 0.985817
2900 pop1 1.01407 0.99419
2900 pop2 1.0064 0.986668
3000 pop1 1.01217 0.992323
3000 pop2 1.00784 0.988081
3100 pop1 1.01419 0.994301
3100 pop2 1.00623 0.986498
3200 pop1 1.01391 0.994032
3200 pop2 1.00666 0.986923
3300 pop1 1.01589 0.995971
3300 pop2 1.00477 0.985073
3400 pop1 1.01694 0.996998
3400 pop2 1.00336 0.983688
3500 pop1 1.01806 0.998101
3500 pop2 1.00225 0.982594
3600 pop1 1.01901 0.999026
3600 pop2 1.00141 0.981776
3700 pop1 1.01821 0.998248
3700 pop2 1.00209 0.982437
3800 pop1 1.01773 0.997772
3800 pop2 1.00235 0.9827
3900 pop1 1.01714 0.997197
3900 pop2 1.00325 0.983582
4000 pop1 1.01684 0.996907
4000 pop2 1.00385 0.984168
4100 pop1 1.01665 0.99672
4100 pop2 1.00357 0.983892
4200 pop1 1.01604 0.996121
4200 pop2 1.00382 0.984133
4300 pop1 1.01587 0.995951
4300 pop2 1.00444 0.984746
4400 pop1 1.01567 0.995752
4400 pop2 1.00512 0.985416
4500 pop1 1.01418 0.994297
4500 pop2 1.00657 0.986833
4600 pop1 1.01521 0.995308
4600 pop2 1.00542 0.985711
4700 pop1 1.01588 0.995959
4700 pop2 1.00455 0.984849
4800 pop1 1.01589 0.995967
4800 pop2 1.00485 0.985152
4900 pop1 1.01594 0.996018
4900 pop2 1.00517 0.985459
5000 pop1 1.01538 0.995475
5000 pop2 1.0052 0.98549
