1 pop1 1.0 0.980392
1 pop2 1.0 0.980392
100 pop1 1.00079 0.981165
100 pop2 1.00256 0.982905
200 pop1 0.999248 0.979655
200 pop2 1.00318 0.983513
300 pop1 0.9986 0.97902
300 pop2 1.00228 0.982624
400 pop1 0.999909 0.980303
400 pop2 1.00065 0.981032
500 pop1 1.00006 0.980453
500 pop2 1.00161 0.981974
600 pop1 1.0 0.980396
600 pop2 1.00246 0.982804
700 pop1 1.00121 0.98158
700 pop2 1.00032 0.980704
800 pop1 1.00228 0.982625
800 pop2 0.999929 0.980322
900 pop1 0.999183 0.979591
900 pop2 1.00132 0.981682
1000 pop1 1.0011 0.981466
1000 pop2 1.00092 0.981292
1100 pop1 1.00637 0.986637
1100 pop2 0.999489 0.979891
1200 pop1 1.00995 0.990143
1200 pop2 1.00186 0.982217
1300 pop1 1.00982 0.990023
1300 pop2 1.00556 0.985841
1400 pop1 1.009 0.98922
1400 pop2 1.00837 0.988598
1500 pop1 1.01031 0.990498
1500 pop2 1.00923 0.989445
1600 pop1 1.00927 0.989476
1600 pop2 1.00976 0.989958
1700 pop1 1.0089 0.989114
1700 pop2 1.01044 0.990624
1800 pop1 1.01022 0.990411
1800 pop2 1.00921 0.989418
1900 pop1 1.00941 0.989616
1900 pop2 1.01055 0.99074
2000 pop1 1.00843 0.988653
2000 pop2 1.0115 0.991667
2100 pop1 1.00842 0.988651
2100 pop2 1.01163 0.991794
2200 pop1 1.00906 0.989276
2200 pop2 1.01133 0.991503
2300 pop1 1.00927 0.989477
2300 pop2 1.01142 0.991588
2400 pop1 1.00936 0.989571
2400 pop2 1.01092 0.991099
2500 pop1 1.00792 0.988154
2500 pop2 1.01201 0.992162
2600 pop1 1.00953 0.98974
2600 pop2 1.01037 0.990556
2700 pop1 1.00886 0.989082
2700 pop2 1.01122 0.991389
2800 pop1 1.00803 0.988262
2800 pop2 1.01224 0.992388
2900 pop1 1.00679 0.987045
2900 pop2 1.01338 0.993509
3000 pop1 1.00734 0.987587
3000 pop2 1.01222 0.992376
3100 pop1 1.00556 0.985839
3100 pop2 1.01539 0.995481
3200 pop1 1.00527 0.985556
3200 pop2 1.01495 0.995052
3300 pop1 1.00591 0.98619
3300 pop2 1.01398 0.994101
3400 pop1 1.00548 0.985766
3400 pop2 1.01483 0.994935
3500 pop1 1.00396 0.984272
3500 pop2 1.01669 0.996756
3600 pop1 1.00297 0.983308
3600 pop2 1.01755 0.997594
3700 pop1 1.00216 0.982507
3700 pop2 1.0183 0.998338
3800 pop1 1.00181 0.982165
3800 pop2 1.01851 0.998543
3900 pop1 1.00203 0.982381
3900 pop2 1.0182 0.998238
4000 pop1 1.00181 0.982163
4000 pop2 1.01824 0.998272
4100 pop1 1.00226 0.982606
4100 pop2 1.0182 0.998235
4200 pop1 1.00286 0.983195
4200 pop2 1.01734 0.997388
4300 pop1 1.00325 0.983579
4300 pop2 1.01704 0.9971
4400 pop1 1.00316 0.983486
4400 pop2 1.01703 0.997088
4500 pop1 1.00215 0.982504
4500 pop2 1.01833 0.998361
4600 pop1 1.00284 0.983174
4600 pop2 1.01702 0.997081
4700 pop1 1.00266 0.983
4700 pop2 1.01742 0.997466
4800 pop1 1.00063 0.981015
4800 pop2 1.01908 0.999098
4900 pop1 1.00046 0.980838
4900 pop2 1.0195 0.999505
5000 pop1 1.00073 0.98111
5000 pop2 1.01925 0.999266
