1 pop1 1.0 0.980392
1 pop2 1.0 0.980392
100 pop1 1.00609 0.986367
100 pop2 1.00794 0.988175
200 pop1 1.00647 0.986734
200 pop2 1.00698 0.987233
300 pop1 1.00483 0.985126
300 pop2 1.00749 0.987737
400 pop1 1.00659 0.986856
400 pop2 1.00795 0.988185
500 pop1 1.00485 0.985148
500 pop2 1.00712 0.987369
600 pop1 1.00694 0.987194
600 pop2 1.00299 0.983321
700 pop1 1.00572 0.985999
700 pop2 1.00505 0.985347
800 pop1 1.00492 0.985221
800 pop2 1.00648 0.986742
900 pop1 1.00474 0.985044
900 pop2 1.00667 0.98693
1000 pop1 1.00269 0.983033
1000 pop2 1.00593 0.986205
1100 pop1 1.00836 0.988585
1100 pop2 1.00206 0.982412
1200 pop1 1.00982 0.99002
1200 pop2 1.00574 0.986024
1300 pop1 1.01218 0.992329
1300 pop2 1.00901 0.989222
1400 pop1 1.0109 0.991078
1400 pop2 1.01096 0.991136
1500 pop1 1.01156 0.991728
1500 pop2 1.01213 0.992287
1600 pop1 1.01068 0.990861
1600 pop2 1.01238 0.992533
1700 pop1 1.01054 0.990724
1700 pop2 1.01429 0.994406
1800 pop1 1.00968 0.989883
1800 pop2 1.01488 0.994979
1900 pop1 1.01047 0.99066
1900 pop2 1.01406 0.994178
2000 pop1 1.01058 0.990768
2000 pop2 1.01332 0.993453
2100 pop1 1.01062 0.990803
2100 pop2 1.01304 0.993181
2200 pop1 1.00984 0.990043
2200 pop2 1.01366 0.99378
2300 pop1 1.01159 0.991757
2300 pop2 1.01241 0.992557
2400 pop1 1.01251 0.992657
2400 pop2 1.01176 0.991925
2500 pop1 1.01187 0.992028
2500 pop2 1.01469 0.994792
2600 pop1 1.00992 0.990118
2600 pop2 1.01389 0.994011
2700 pop1 1.00978 0.98998
2700 pop2 1.01452 0.994631
2800 pop1 1.01016 0.990353
2800 pop2 1.01391 0.994034
2900 pop1 1.00964 0.989841
2900 pop2 1.01416 0.99427
3000 pop1 1.01025 0.990439
3000 pop2 1.01533 0.995425
3100 pop1 1.00967 0.989873
3100 pop2 1.01492 0.995022
3200 pop1 1.00886 0.989081
3200 pop2 1.01547 0.995559
3300 pop1 1.0103 0.990488
3300 pop2 1.01451 0.994621
3400 pop1 1.01134 0.991506
3400 pop2 1.01205 0.992209
3500 pop1 1.0117 0.991862
3500 pop2 1.01165 0.991811
3600 pop1 1.00994 0.990134
3600 pop2 1.01326 0.993397
3700 pop1 1.01161 0.991776
3700 pop2 1.01279 0.992928
3800 pop1 1.01202 0.992176
3800 pop2 1.01177 0.991928
3900 pop1 1.01278 0.992921
3900 pop2 1.01218 0.992334
4000 pop1 1.01376 0.993879
4000 pop2 1.0127 0.992842
4100 pop1 1.01239 0.992542
4100 pop2 1.01332 0.993448
4200 pop1 1.01101 0.99119
4200 pop2 1.01437 0.994476
4300 pop1 1.0113 0.991468
4300 pop2 1.01385 0.993971
4400 pop1 1.01457 0.994674
4400 pop2 1.01276 0.992906
4500 pop1 1.01222 0.992375
4500 pop2 1.01201 0.992165
4600 pop1 1.01279 0.99293
4600 pop2 1.01326 0.993395
4700 pop1 1.01116 0.991332
4700 pop2 1.01436 0.994468
4800 pop1 1.01086 0.99104
4800 pop2 1.01447 0.994579
4900 pop1 1.01305 0.993183
4900 pop2 1.01293 0.993071
5000 pop1 1.0128 0.992941
5000 pop2 1.01127 0.991439
