1 pop1 1.0 0.833333
1 pop2 1.0 0.833333
100 pop1 1.12598 0.938313
100 pop2 1.1307 0.942246
200 pop1 1.12566 0.938052
200 pop2 1.11659 0.930488
300 pop1 1.11621 0.930173
300 pop2 1.1248 0.937336
400 pop1 1.13056 0.942134
400 pop2 1.11604 0.930033
500 pop1 1.11745 0.931207
500 pop2 1.1246 0.937171
600 pop1 1.13303 0.944192
600 pop2 1.12276 0.935636
700 pop1 1.12402 0.936685
700 pop2 1.12223 0.935194
800 pop1 1.11637 0.93031
800 pop2 1.11881 0.932341
900 pop1 1.11897 0.932472
900 pop2 1.11332 0.927765
1000 pop1 1.12389 0.936574
1000 pop2 1.12344 0.936201
1100 pop1 1.13626 0.946883
1100 pop2 1.14977 0.958142
1200 pop1 1.13189 0.943246
1200 pop2 1.149 0.957503
1300 pop1 1.13486 0.94572
1300 pop2 1.15343 0.961195
1400 pop1 1.13942 0.949516
1400 pop2 1.14219 0.951829
1500 pop1 1.13599 0.946656
1500 pop2 1.15114 0.959285
1600 pop1 1.14365 0.953038
1600 pop2 1.13713 0.947606
1700 pop1 1.14606 0.955051
1700 pop2 1.13486 0.945714
1800 pop1 1.13765 0.948042
1800 pop2 1.15074 0.958948
1900 pop1 1.14025 0.950211
1900 pop2 1.13912 0.949264
2000 pop1 1.14285 0.952373
2000 pop2 1.14223 0.951859
2100 pop1 1.14287 0.952394
2100 pop2 1.14619 0.955162
2200 pop1 1.14656 0.955468
2200 pop2 1.13998 0.949979
2300 pop1 1.14696 0.955797
2300 pop2 1.14847 0.957055
2400 pop1 1.14653 0.955445
2400 pop2 1.14221 0.951839
2500 pop1 1.1415 0.951249
2500 pop2 1.14444 0.953701
2600 pop1 1.14668 0.95557
2600 pop2 1.13767 0.948055
2700 pop1 1.15046 0.958719
2700 pop2 1.13559 0.946324
2800 pop1 1.14315 0.952623
2800 pop2 1.14232 0.951932
2900 pop1 1.13924 0.949371
2900 pop2 1.14662 0.955517
3000 pop1 1.13503 0.94586
3000 pop2 1.14167 0.951391
3100 pop1 1.13652 0.947096
3100 pop2 1.14743 0.956195
3200 pop1 1.14373 0.953108
3200 pop2 1.13837 0.948645
3300 pop1 1.14651 0.955426
3300 pop2 1.14322 0.952685
3400 pop1 1.14509 0.954242
3400 pop2 1.14454 0.953784
3500 pop1 1.14211 0.951761
3500 pop2 1.15377 0.961472
3600 pop1 1.15135 0.959457
3600 pop2 1.13539 0.946157
3700 pop1 1.1417 0.951415
3700 pop2 1.13722 0.94768
3800 pop1 1.14443 0.953691
3800 pop2 1.13726 0.947717
3900 pop1 1.14147 0.951225
3900 pop2 1.14181 0.951509
4000 pop1 1.1458 0.954837
4000 pop2 1.145 0.954164
4100 pop1 1.13745 0.947871
4100 pop2 1.14818 0.956818
4200 pop1 1.13564 0.946367
4200 pop2 1.14113 0.95094
4300 pop1 1.14528 0.954403
4300 pop2 1.14467 0.953888
4400 pop1 1.14918 0.957648
4400 pop2 1.14632 0.955264
4500 pop1 1.14497 0.95414
4500 pop2 1.13679 0.947322
4600 pop1 1.13265 0.943873
4600 pop2 1.145 0.954168
4700 pop1 1.14666 0.955547
4700 pop2 1.14682 0.955685
4800 pop1 1.14554 0.954619
4800 pop2 1.14638 0.955314
4900 pop1 1.14591 0.954922
4900 pop2 1.14141 0.951175
5000 pop1 1.14645 0.955375
5000 pop2 1.13632 0.946937
