1 pop1 1.0 0.980392
1 pop2 1.0 0.980392
100 pop1 1.00219 0.982539
100 pop2 1.00237 0.98272
200 pop1 1.00071 0.981088
200 pop2 1.00284 0.983174
300 pop1 1.00235 0.982694
300 pop2 1.00168 0.982038
400 pop1 1.00247 0.98281
400 pop2 1.00179 0.982148
500 pop1 1.00229 0.982641
500 pop2 1.00143 0.981794
600 pop1 1.00223 0.98258
600 pop2 1.00188 0.982232
700 pop1 0.99895 0.979363
700 pop2 1.00529 0.985578
800 pop1 0.998384 0.978807
800 pop2 1.00475 0.985045
900 pop1 0.998894 0.979308
900 pop2 1.00347 0.983794
1000 pop1 0.999285 0.979691
1000 pop2 1.00339 0.983712
1100 pop1 1.0088 0.989017
1100 pop2 0.994789 0.975283
1200 pop1 1.01644 0.996509
1200 pop2 0.993109 0.973636
1300 pop1 1.01695 0.997012
1300 pop2 0.993529 0.974048
1400 pop1 1.01819 0.998227
1400 pop2 0.993388 0.97391
1500 pop1 1.01904 0.999063
1500 pop2 0.993849 0.974361
1600 pop1 1.01977 0.999772
1600 pop2 0.994942 0.975433
1700 pop1 1.01989 0.999889
1700 pop2 0.995099 0.975587
1800 pop1 1.02 0.999997
1800 pop2 0.996092 0.976561
1900 pop1 1.02011 1.0001
1900 pop2 0.997221 0.977667
2000 pop1 1.0201 1.0001
2000 pop2 0.998939 0.979352
2100 pop1 1.0201 1.0001
2100 pop2 0.999302 0.979708
2200 pop1 1.0201 1.0001
2200 pop2 0.999705 0.980103
2300 pop1 1.0201 1.0001
2300 pop2 0.999912 0.980306
2400 pop1 1.0201 1.0001
2400 pop2 1.0 0.980392
2500 pop1 1.0201 1.0001
2500 pop2 1.0 0.980392
2600 pop1 1.0201 1.0001
2600 pop2 1.0 0.980392
2700 pop1 1.0201 1.0001
2700 pop2 1.0 0.980392
2800 pop1 1.0201 1.0001
2800 pop2 1.0 0.980392
2900 pop1 1.0201 1.0001
2900 pop2 1.0 0.980392
3000 pop1 1.0201 1.0001
3000 pop2 1.0 0.980392
3100 pop1 1.0201 1.0001
3100 pop2 1.0 0.980392
3200 pop1 1.0201 1.0001
3200 pop2 1.0 0.980392
3300 pop1 1.0201 1.0001
3300 pop2 1.0 0.980392
3400 pop1 1.0201 1.0001
3400 pop2 1.0 0.980392
3500 pop1 1.0201 1.0001
3500 pop2 1.0 0.980392
3600 pop1 1.0201 1.0001
3600 pop2 1.0 0.980392
3700 pop1 1.0201 1.0001
3700 pop2 1.0 0.980392
3800 pop1 1.0201 1.0001
3800 pop2 1.0 0.980392
3900 pop1 1.0201 1.0001
3900 pop2 1.0 0.980392
4000 pop1 1.0201 1.0001
4000 pop2 1.0 0.980392
4100 pop1 1.0201 1.0001
4100 pop2 1.0 0.980392
4200 pop1 1.0201 1.0001
4200 pop2 1.0 0.980392
4300 pop1 1.0201 1.0001
4300 pop2 1.0 0.980392
4400 pop1 1.0201 1.0001
4400 pop2 1.0 0.980392
4500 pop1 1.0201 1.0001
4500 pop2 1.0 0.980392
4600 pop1 1.0201 1.0001
4600 pop2 1.0 0.980392
4700 pop1 1.0201 1.0001
4700 pop2 1.0 0.980392
4800 pop1 1.0201 1.0001
4800 pop2 1.0 0.980392
4900 pop1 1.0201 1.0001
4900 pop2 1.0 0.980392
5000 pop1 1.0201 1.0001
5000 pop2 1.0 0.980392
