1 pop1 1.0 0.980392
1 pop2 1.0 0.980392
100 pop1 1.00036 0.980748
100 pop2 1.00286 0.983192
200 pop1 1.00103 0.981399
200 pop2 1.00117 0.981539
300 pop1 1.0016 0.981962
300 pop2 1.00013 0.980521
400 pop1 1.00097 0.981345
400 pop2 1.00029 0.980677
500 pop1 1.00129 0.981661
500 pop2 1.00163 0.981986
600 pop1 0.998942 0.979355
600 pop2 1.00185 0.982209
700 pop1 1.00102 0.981393
700 pop2 1.00084 0.981216
800 pop1 0.998304 0.97873
800 pop2 1.00385 0.984165
900 pop1 0.998264 0.97869
900 pop2 1.00369 0.984015
1000 pop1 0.998125 0.978554
1000 pop2 1.00338 0.983708
1100 pop1 1.00184 0.982197
1100 pop2 1.00449 0.984793
1200 pop1 1.00415 0.984458
1200 pop2 1.00934 0.989551
1300 pop1 1.00569 0.985973
1300 pop2 1.01202 0.992179
1400 pop1 1.00743 0.987673
1400 pop2 1.01137 0.991535
1500 pop1 1.00762 0.987865
1500 pop2 1.01131 0.991476
1600 pop1 1.0093 0.989508
1600 pop2 1.01128 0.991448
1700 pop1 1.00897 0.989185
1700 pop2 1.01183 0.991991
1800 pop1 1.00994 0.990139
1800 pop2 1.01096 0.991139
1900 pop1 1.0111 0.991272
1900 pop2 1.01119 0.991359
2000 pop1 1.00911 0.98932
2000 pop2 1.01114 0.991313
2100 pop1 1.01083 0.991007
2100 pop2 1.00984 0.990039
2200 pop1 1.01043 0.990622
2200 pop2 1.01051 0.990694
2300 pop1 1.01138 0.991545
2300 pop2 1.00897 0.989183
2400 pop1 1.01344 0.993573
2400 pop2 1.00799 0.98823
2500 pop1 1.01151 0.991676
2500 pop2 1.00942 0.989624
2600 pop1 1.01133 0.991497
2600 pop2 1.00881 0.989025
2700 pop1 1.01246 0.99261
2700 pop2 1.00885 0.989068
2800 pop1 1.014 0.994116
2800 pop2 1.00716 0.987414
2900 pop1 1.01351 0.993633
2900 pop2 1.00727 0.987516
3000 pop1 1.01246 0.992606
3000 pop2 1.00799 0.988226
3100 pop1 1.01233 0.99248
3100 pop2 1.0081 0.988336
3200 pop1 1.01156 0.991726
3200 pop2 1.00991 0.990109
3300 pop1 1.0118 0.991964
3300 pop2 1.00841 0.988634
3400 pop1 1.01318 0.993311
3400 pop2 1.00741 0.987657
3500 pop1 1.01445 0.994555
3500 pop2 1.00623 0.986503
3600 pop1 1.01325 0.993386
3600 pop2 1.00748 0.987724
3700 pop1 1.01279 0.99293
3700 pop2 1.00878 0.989001
3800 pop1 1.01134 0.991505
3800 pop2 1.00918 0.989392
3900 pop1 1.01216 0.992313
3900 pop2 1.00869 0.988914
4000 pop1 1.01197 0.99213
4000 pop2 1.0095 0.989702
4100 pop1 1.0136 0.993727
4100 pop2 1.00677 0.987027
4200 pop1 1.01311 0.993244
4200 pop2 1.00678 0.987035
4300 pop1 1.01228 0.992436
4300 pop2 1.00936 0.98957
4400 pop1 1.01199 0.992151
4400 pop2 1.00951 0.989719
4500 pop1 1.01123 0.991398
4500 pop2 1.00961 0.98981
4600 pop1 1.01258 0.992726
4600 pop2 1.00806 0.988296
4700 pop1 1.01197 0.992126
4700 pop2 1.00971 0.989913
4800 pop1 1.01254 0.992686
4800 pop2 1.00918 0.989389
4900 pop1 1.01212 0.992273
4900 pop2 1.00808 0.988312
5000 pop1 1.01159 0.991759
5000 pop2 1.0092 0.989408
