1 pop1 1.0 0.833333
1 pop2 1.0 0.833333
100 pop1 1.19263 0.99386
100 pop2 1.18515 0.987623
200 pop1 1.19264 0.993867
200 pop2 1.19732 0.997766
300 pop1 1.19298 0.994153
300 pop2 1.18748 0.989564
400 pop1 1.19353 0.994611
400 pop2 1.19122 0.992683
500 pop1 1.19323 0.994355
500 pop2 1.19107 0.992556
600 pop1 1.19273 0.993938
600 pop2 1.1929 0.994082
700 pop1 1.1905 0.992087
700 pop2 1.18868 0.990568
800 pop1 1.19453 0.99544
800 pop2 1.194 0.994998
900 pop1 1.19518 0.995983
900 pop2 1.19163 0.993029
1000 pop1 1.18913 0.990938
1000 pop2 1.18555 0.987957
1100 pop1 1.20209 1.00174
1100 pop2 0.994894 0.829078
1200 pop1 1.19984 0.999869
1200 pop2 0.993236 0.827696
1300 pop1 1.20397 1.0033
1300 pop2 0.995682 0.829735
1400 pop1 1.20917 1.00764
1400 pop2 0.99574 0.829784
1500 pop1 1.20941 1.00784
1500 pop2 0.99782 0.831517
1600 pop1 1.20935 1.00779
1600 pop2 0.999142 0.832618
1700 pop1 1.21005 1.00838
1700 pop2 0.998752 0.832293
1800 pop1 1.21 1.00833
1800 pop2 0.999727 0.833106
1900 pop1 1.21 1.00833
1900 pop2 1.0 0.833333
2000 pop1 1.21 1.00833
2000 pop2 1.0 0.833333
2100 pop1 1.21 1.00833
2100 pop2 1.0 0.833333
2200 pop1 1.21 1.00833
2200 pop2 1.0 0.833333
2300 pop1 1.21 1.00833
2300 pop2 1.0 0.833333
2400 pop1 1.21 1.00833
2400 pop2 1.0 0.833333
2500 pop1 1.21 1.00833
2500 pop2 1.0 0.833333
2600 pop1 1.21 1.00833
2600 pop2 1.0 0.833333
2700 pop1 1.21 1.00833
2700 pop2 1.0 0.833333
2800 pop1 1.21 1.00833
2800 pop2 1.0 0.833333
2900 pop1 1.21 1.00833
2900 pop2 1.0 0.833333
3000 pop1 1.21 1.00833
3000 pop2 1.0 0.833333
3100 pop1 1.21 1.00833
3100 pop2 1.0 0.833333
3200 pop1 1.21 1.00833
3200 pop2 1.0 0.833333
3300 pop1 1.21 1.00833
3300 pop2 1.0 0.833333
3400 pop1 1.21 1.00833
3400 pop2 1.0 0.833333
3500 pop1 1.21 1.00833
3500 pop2 1.0 0.833333
3600 pop1 1.21 1.00833
3600 pop2 1.0 0.833333
3700 pop1 1.21 1.00833
3700 pop2 1.0 0.833333
3800 pop1 1.21 1.00833
3800 pop2 1.0 0.833333
3900 pop1 1.21 1.00833
3900 pop2 1.0 0.833333
4000 pop1 1.21 1.00833
4000 pop2 1.0 0.833333
4100 pop1 1.21 1.00833
4100 pop2 1.0 0.833333
4200 pop1 1.21 1.00833
4200 pop2 1.0 0.833333
4300 pop1 1.21 1.00833
4300 pop2 1.0 0.833333
4400 pop1 1.21 1.00833
4400 pop2 1.0 0.833333
4500 pop1 1.21 1.00833
4500 pop2 1.0 0.833333
4600 pop1 1.21 1.00833
4600 pop2 1.0 0.833333
4700 pop1 1.21 1.00833
4700 pop2 1.0 0.833333
4800 pop1 1.21 1.00833
4800 pop2 1.0 0.833333
4900 pop1 1.21 1.00833
4900 pop2 1.0 0.833333
5000 pop1 1.21 1.00833
5000 pop2 1.0 0.833333
