1 pop1 1.0 0.833333
1 pop2 1.0 0.833333
100 pop1 1.12022 0.933519
100 pop2 1.12933 0.941104
200 pop1 1.11762 0.931353
200 pop2 1.12378 0.936485
300 pop1 1.1249 0.937414
300 pop2 1.126 0.938335
400 pop1 1.13374 0.944787
400 pop2 1.1181 0.931754
500 pop1 1.12026 0.933551
500 pop2 1.12907 0.940893
600 pop1 1.12717 0.939312
600 pop2 1.12853 0.940442
700 pop1 1.11979 0.933161
700 pop2 1.11252 0.927097
800 pop1 1.12352 0.936269
800 pop2 1.12858 0.940485
900 pop1 1.13333 0.944446
900 pop2 1.12819 0.940158
1000 pop1 1.12549 0.937909
1000 pop2 1.11467 0.928892
1100 pop1 1.13736 0.947798
1100 pop2 1.14248 0.952064
1200 pop1 1.13349 0.944572
1200 pop2 1.15034 0.958619
1300 pop1 1.14441 0.953672
1300 pop2 1.13633 0.946944
1400 pop1 1.13429 0.945241
1400 pop2 1.14756 0.956297
1500 pop1 1.13544 0.946202
1500 pop2 1.14739 0.956157
1600 pop1 1.13567 0.946391
1600 pop2 1.14705 0.955871
1700 pop1 1.14027 0.950227
1700 pop2 1.14328 0.952736
1800 pop1 1.13902 0.949187
1800 pop2 1.1465 0.955413
1900 pop1 1.13798 0.948314
1900 pop2 1.14455 0.953791
2000 pop1 1.14523 0.954361
2000 pop2 1.13899 0.94916
2100 pop1 1.1396 0.94967
2100 pop2 1.14948 0.957897
2200 pop1 1.14484 0.954037
2200 pop2 1.13669 0.947241
2300 pop1 1.13717 0.947642
2300 pop2 1.14387 0.953222
2400 pop1 1.14571 0.954755
2400 pop2 1.13989 0.949912
2500 pop1 1.14602 0.955015
2500 pop2 1.14174 0.951446
2600 pop1 1.14599 0.95499
2600 pop2 1.13876 0.948966
2700 pop1 1.15115 0.959295
2700 pop2 1.14273 0.952271
2800 pop1 1.13965 0.949707
2800 pop2 1.14563 0.954692
2900 pop1 1.14677 0.955643
2900 pop2 1.13686 0.947382
3000 pop1 1.14831 0.956921
3000 pop2 1.14132 0.951102
3100 pop1 1.14698 0.955815
3100 pop2 1.14375 0.953128
3200 pop1 1.14641 0.955338
3200 pop2 1.13445 0.945372
3300 pop1 1.14438 0.953646
3300 pop2 1.13835 0.948623
3400 pop1 1.14151 0.951256
3400 pop2 1.1409 0.950751
3500 pop1 1.13885 0.949043
3500 pop2 1.14986 0.958218
3600 pop1 1.13688 0.947397
3600 pop2 1.14122 0.951015
3700 pop1 1.13606 0.946714
3700 pop2 1.15015 0.958461
3800 pop1 1.14373 0.953108
3800 pop2 1.13848 0.94873
3900 pop1 1.1436 0.952998
3900 pop2 1.14183 0.951527
4000 pop1 1.14058 0.950481
4000 pop2 1.14295 0.952457
4100 pop1 1.14656 0.955464
4100 pop2 1.14301 0.952508
4200 pop1 1.14478 0.953986
4200 pop2 1.13903 0.949191
4300 pop1 1.13549 0.946246
4300 pop2 1.14406 0.953383
4400 pop1 1.14376 0.953136
4400 pop2 1.1453 0.95442
4500 pop1 1.1451 0.954249
4500 pop2 1.1395 0.949585
4600 pop1 1.14876 0.957299
4600 pop2 1.13944 0.949531
4700 pop1 1.15043 0.958692
4700 pop2 1.13525 0.946041
4800 pop1 1.14188 0.951571
4800 pop2 1.13531 0.946096
4900 pop1 1.13234 0.943619
4900 pop2 1.14472 0.953932
5000 pop1 1.14774 0.95645
5000 pop2 1.14275 0.952291
