1 pop1 1.0 0.980392
1 pop2 1.0 0.980392
100 pop1 1.00097 0.981342
100 pop2 1.00091 0.98128
200 pop1 0.999473 0.979875
200 pop2 1.00028 0.980667
300 pop1 1.00209 0.982441
300 pop2 0.99824 0.978667
400 pop1 1.00245 0.98279
400 pop2 0.997536 0.977977
500 pop1 1.00192 0.982278
500 pop2 0.998512 0.978933
600 pop1 1.00381 0.984123
600 pop2 0.996775 0.977231
700 pop1 1.00355 0.983873
700 pop2 0.996103 0.976572
800 pop1 1.00284 0.983172
800 pop2 0.998005 0.978436
900 pop1 1.00106 0.981427
900 pop2 0.999585 0.979985
1000 pop1 1.00041 0.980794
1000 pop2 1.00084 0.981214
1100 pop1 1.00342 0.983749
1100 pop2 1.00253 0.982869
1200 pop1 1.00464 0.984945
1200 pop2 1.00276 0.983097
1300 pop1 1.00819 0.988419
1300 pop2 1.00621 0.986476
1400 pop1 1.0085 0.98873
1400 pop2 1.00685 0.987104
1500 pop1 1.01189 0.992049
1500 pop2 1.00569 0.985967
1600 pop1 1.01121 0.991378
1600 pop2 1.00764 0.987881
1700 pop1 1.01021 0.990399
1700 pop2 1.00873 0.988947
1800 pop1 1.00836 0.988585
1800 pop2 1.01184 0.991996
1900 pop1 1.00703 0.98728
1900 pop2 1.01256 0.992708
2000 pop1 1.00745 0.987698
2000 pop2 1.01269 0.992838
2100 pop1 1.00606 0.986336
2100 pop2 1.0139 0.994016
2200 pop1 1.00717 0.987424
2200 pop2 1.01258 0.992722
2300 pop1 1.00623 0.986502
2300 pop2 1.01412 0.994238
2400 pop1 1.00564 0.985919
2400 pop2 1.01467 0.994776
2500 pop1 1.00599 0.986264
2500 pop2 1.01437 0.994479
2600 pop1 1.00617 0.986445
2600 pop2 1.01453 0.994639
2700 pop1 1.00651 0.986774
2700 pop2 1.0135 0.993631
2800 pop1 1.00638 0.986647
2800 pop2 1.01381 0.993927
2900 pop1 1.00612 0.986387
2900 pop2 1.0138 0.993921
3000 pop1 1.00603 0.986304
3000 pop2 1.01445 0.994563
3100 pop1 1.0057 0.985979
3100 pop2 1.01487 0.994971
3200 pop1 1.00454 0.984843
3200 pop2 1.01551 0.995595
3300 pop1 1.00355 0.98387
3300 pop2 1.01688 0.996945
3400 pop1 1.00294 0.983279
3400 pop2 1.01726 0.997311
3500 pop1 1.00317 0.983502
3500 pop2 1.0172 0.997257
3600 pop1 1.00454 0.984842
3600 pop2 1.01574 0.995827
3700 pop1 1.00457 0.984874
3700 pop2 1.01599 0.996073
3800 pop1 1.00587 0.986148
3800 pop2 1.0147 0.994802
3900 pop1 1.00557 0.985855
3900 pop2 1.01497 0.995073
4000 pop1 1.00552 0.985803
4000 pop2 1.01504 0.995136
4100 pop1 1.0076 0.98784
4100 pop2 1.01384 0.993964
4200 pop1 1.0076 0.987844
4200 pop2 1.0132 0.993336
4300 pop1 1.00865 0.988873
4300 pop2 1.01123 0.991403
4400 pop1 1.00865 0.988873
4400 pop2 1.01125 0.991423
4500 pop1 1.00946 0.989664
4500 pop2 1.01073 0.990915
4600 pop1 1.00791 0.988148
4600 pop2 1.01169 0.991857
4700 pop1 1.00746 0.987705
4700 pop2 1.0129 0.993044
4800 pop1 1.00739 0.987642
4800 pop2 1.01349 0.99362
4900 pop1 1.00628 0.986545
4900 pop2 1.01399 0.994109
5000 pop1 1.00606 0.986332
5000 pop2 1.01387 0.99399
