1 pop1 1.0 0.909091
1 pop2 1.0 0.909091
100 pop1 1.0834 0.984906
100 pop2 1.08449 0.985899
200 pop1 1.08395 0.985409
200 pop2 1.08258 0.984161
300 pop1 1.0841 0.985542
300 pop2 1.08307 0.984612
400 pop1 1.08355 0.985044
400 pop2 1.0833 0.984817
500 pop1 1.08208 0.98371
500 pop2 1.08526 0.986602
600 pop1 1.08351 0.985008
600 pop2 1.08262 0.984203
700 pop1 1.08123 0.982939
700 pop2 1.08343 0.984939
800 pop1 1.07719 0.979265
800 pop2 1.08266 0.984233
900 pop1 1.08065 0.982409
900 pop2 1.08288 0.984437
1000 pop1 1.08132 0.983015
1000 pop2 1.08484 0.986222
1100 pop1 1.08827 0.989333
1100 pop2 1.07687 0.97897
1200 pop1 1.0853 0.986635
1200 pop2 1.08503 0.986389
1300 pop1 1.08166 0.983325
1300 pop2 1.08961 0.990555
1400 pop1 1.08846 0.98951
1400 pop2 1.08185 0.983504
1500 pop1 1.08479 0.986176
1500 pop2 1.08521 0.986557
1600 pop1 1.08463 0.986032
1600 pop2 1.08796 0.989055
1700 pop1 1.08684 0.988035
1700 pop2 1.08603 0.987304
1800 pop1 1.08339 0.984897
1800 pop2 1.08401 0.985461
1900 pop1 1.08453 0.985938
1900 pop2 1.08204 0.983671
2000 pop1 1.08809 0.989176
2000 pop2 1.08273 0.984297
2100 pop1 1.08587 0.987153
2100 pop2 1.08711 0.988284
2200 pop1 1.08557 0.986883
2200 pop2 1.08849 0.98954
2300 pop1 1.08175 0.983411
2300 pop2 1.0863 0.987546
2400 pop1 1.08984 0.990762
2400 pop2 1.08316 0.984687
2500 pop1 1.08823 0.989298
2500 pop2 1.084 0.985456
2600 pop1 1.08406 0.985512
2600 pop2 1.08728 0.988439
2700 pop1 1.08888 0.989894
2700 pop2 1.08419 0.985625
2800 pop1 1.08914 0.990128
2800 pop2 1.08712 0.988294
2900 pop1 1.08565 0.98695
2900 pop2 1.08193 0.983574
3000 pop1 1.08439 0.985808
3000 pop2 1.08461 0.98601
3100 pop1 1.08676 0.987963
3100 pop2 1.0839 0.985368
3200 pop1 1.0854 0.986725
3200 pop2 1.08799 0.989085
3300 pop1 1.08523 0.986569
3300 pop2 1.08376 0.985232
3400 pop1 1.08538 0.986714
3400 pop2 1.08686 0.988059
3500 pop1 1.08575 0.987047
3500 pop2 1.08662 0.987839
3600 pop1 1.08385 0.985321
3600 pop2 1.08662 0.98784
3700 pop1 1.08346 0.98496
3700 pop2 1.08664 0.987851
3800 pop1 1.08664 0.987857
3800 pop2 1.0841 0.985544
3900 pop1 1.08387 0.985339
3900 pop2 1.08574 0.987038
4000 pop1 1.08593 0.987206
4000 pop2 1.08614 0.987397
4100 pop1 1.08612 0.98738
4100 pop2 1.0882 0.989272
4200 pop1 1.08408 0.985526
4200 pop2 1.08454 0.985947
4300 pop1 1.08398 0.985436
4300 pop2 1.08495 0.986314
4400 pop1 1.08524 0.986583
4400 pop2 1.08747 0.988608
4500 pop1 1.08367 0.985152
4500 pop2 1.08365 0.985132
4600 pop1 1.08705 0.988223
4600 pop2 1.08339 0.984903
4700 pop1 1.08696 0.988141
4700 pop2 1.08447 0.985878
4800 pop1 1.0857 0.987004
4800 pop2 1.08653 0.987752
4900 pop1 1.08248 0.984071
4900 pop2 1.08736 0.988511
5000 pop1 1.08618 0.987436
5000 pop2 1.082 0.983641
