1 pop1 1.0 0.980392
1 pop2 1.0 0.980392
100 pop1 1.00697 0.987228
100 pop2 1.00556 0.985843
200 pop1 1.00933 0.989541
200 pop2 1.00487 0.985163
300 pop1 1.00846 0.988689
300 pop2 1.00425 0.984563
400 pop1 1.00531 0.985598
400 pop2 1.00549 0.985774
500 pop1 1.00586 0.986137
500 pop2 1.00271 0.983047
600 pop1 1.00653 0.986792
600 pop2 1.00601 0.986282
700 pop1 1.00626 0.986533
700 pop2 1.00636 0.986628
800 pop1 1.00745 0.987696
800 pop2 1.00566 0.985941
900 pop1 1.00756 0.9878
900 pop2 1.00472 0.985016
1000 pop1 1.00743 0.98768
1000 pop2 1.00392 0.984234
1100 pop1 1.00691 0.987163
1100 pop2 1.00742 0.987667
1200 pop1 1.01058 0.990761
1200 pop2 1.01053 0.990716
1300 pop1 1.00792 0.988157
1300 pop2 1.01275 0.992892
1400 pop1 1.00902 0.989233
1400 pop2 1.01294 0.993079
1500 pop1 1.00975 0.989955
1500 pop2 1.01355 0.993677
1600 pop1 1.01003 0.990221
1600 pop2 1.01299 0.993129
1700 pop1 1.01043 0.990615
1700 pop2 1.01384 0.993959
1800 pop1 1.01032 0.990511
1800 pop2 1.01351 0.99364
1900 pop1 1.00984 0.990036
1900 pop2 1.01511 0.995209
2000 pop1 1.01128 0.99145
2000 pop2 1.01394 0.994061
2100 pop1 1.0128 0.992945
2100 pop2 1.01348 0.993606
2200 pop1 1.01233 0.99248
2200 pop2 1.0119 0.992057
2300 pop1 1.01292 0.993056
2300 pop2 1.01141 0.991579
2400 pop1 1.01171 0.991872
2400 pop2 1.01318 0.993317
2500 pop1 1.01203 0.992185
2500 pop2 1.01168 0.99184
2600 pop1 1.01135 0.991517
2600 pop2 1.01253 0.99268
2700 pop1 1.01215 0.992304
2700 pop2 1.01196 0.992121
2800 pop1 1.01045 0.990633
2800 pop2 1.0137 0.993823
2900 pop1 1.00971 0.989915
2900 pop2 1.01488 0.994982
3000 pop1 1.00948 0.989685
3000 pop2 1.01447 0.994576
3100 pop1 1.0136 0.99373
3100 pop2 1.0131 0.993233
3200 pop1 1.01141 0.991577
3200 pop2 1.01192 0.992074
3300 pop1 1.01218 0.992336
3300 pop2 1.01217 0.992328
3400 pop1 1.01274 0.99288
3400 pop2 1.01226 0.992417
3500 pop1 1.01335 0.993485
3500 pop2 1.01081 0.990992
3600 pop1 1.01295 0.993084
3600 pop2 1.01151 0.99168
3700 pop1 1.01244 0.992593
3700 pop2 1.0125 0.992645
3800 pop1 1.01395 0.994071
3800 pop2 1.01285 0.992989
3900 pop1 1.01226 0.99241
3900 pop2 1.0113 0.991474
4000 pop1 1.01304 0.993175
4000 pop2 1.01203 0.992184
4100 pop1 1.01433 0.994443
4100 pop2 1.01048 0.990663
4200 pop1 1.01345 0.993579
4200 pop2 1.0118 0.991963
4300 pop1 1.01308 0.993215
4300 pop2 1.01293 0.993064
4400 pop1 1.01226 0.992414
4400 pop2 1.01314 0.993276
4500 pop1 1.01356 0.993687
4500 pop2 1.01328 0.993407
4600 pop1 1.01413 0.994246
4600 pop2 1.00976 0.989961
4700 pop1 1.01344 0.993568
4700 pop2 1.01044 0.990627
4800 pop1 1.01519 0.995288
4800 pop2 1.0106 0.990781
4900 pop1 1.0139 0.994024
4900 pop2 1.01121 0.991384
5000 pop1 1.01233 0.992478
5000 pop2 1.0109 0.991081
