1 pop1 1.0 0.833333
1 pop2 1.0 0.833333
100 pop1 1.18902 0.990847
100 pop2 1.19196 0.993301
200 pop1 1.19057 0.992138
200 pop2 1.19281 0.994006
300 pop1 1.18965 0.991374
300 pop2 1.18895 0.990788
400 pop1 1.19469 0.995572
400 pop2 1.18745 0.989544
500 pop1 1.19027 0.991888
500 pop2 1.19174 0.993118
600 pop1 1.19058 0.99215
600 pop2 1.19195 0.993294
700 pop1 1.19308 0.994233
700 pop2 1.1893 0.991086
800 pop1 1.19125 0.99271
800 pop2 1.18861 0.990508
900 pop1 1.19103 0.992522
900 pop2 1.18672 0.988937
1000 pop1 1.18778 0.989813
1000 pop2 1.19264 0.993868
1100 pop1 1.1917 0.993086
1100 pop2 1.19064 0.992196
1200 pop1 1.18969 0.991412
1200 pop2 1.19157 0.992979
1300 pop1 1.19075 0.992294
1300 pop2 1.19041 0.992008
1400 pop1 1.19082 0.99235
1400 pop2 1.18934 0.991114
1500 pop1 1.1895 0.991252
1500 pop2 1.19265 0.993872
1600 pop1 1.19041 0.992011
1600 pop2 1.19283 0.994027
1700 pop1 1.18982 0.99152
1700 pop2 1.19191 0.993257
1800 pop1 1.19039 0.991992
1800 pop2 1.19158 0.99298
1900 pop1 1.19164 0.993033
1900 pop2 1.18953 0.991273
2000 pop1 1.19124 0.9927
2000 pop2 1.19197 0.993312
2100 pop1 1.19131 0.992762
2100 pop2 1.18777 0.989805
2200 pop1 1.18821 0.990175
2200 pop2 1.19045 0.992039
2300 pop1 1.19409 0.995077
2300 pop2 1.18874 0.990619
2400 pop1 1.19233 0.993611
2400 pop2 1.18948 0.991236
2500 pop1 1.18366 0.986383
2500 pop2 1.19279 0.993993
2600 pop1 1.1907 0.992253
2600 pop2 1.18751 0.989595
2700 pop1 1.19365 0.994705
2700 pop2 1.19111 0.992594
2800 pop1 1.19075 0.992288
2800 pop2 1.19407 0.995056
2900 pop1 1.19321 0.994344
2900 pop2 1.19189 0.993241
3000 pop1 1.18977 0.991477
3000 pop2 1.18883 0.990693
3100 pop1 1.18831 0.990256
3100 pop2 1.18913 0.990938
3200 pop1 1.19077 0.992305
3200 pop2 1.19246 0.993713
3300 pop1 1.18955 0.991291
3300 pop2 1.19183 0.99319
3400 pop1 1.19447 0.995391
3400 pop2 1.191 0.992503
3500 pop1 1.19563 0.99636
3500 pop2 1.18995 0.991623
3600 pop1 1.19385 0.994872
3600 pop2 1.18784 0.989869
3700 pop1 1.19107 0.992561
3700 pop2 1.19182 0.993185
3800 pop1 1.1931 0.994253
3800 pop2 1.19345 0.99454
3900 pop1 1.19141 0.992839
3900 pop2 1.19061 0.992176
4000 pop1 1.19111 0.99259
4000 pop2 1.19086 0.992379
4100 pop1 1.18899 0.990828
4100 pop2 1.191 0.992498
4200 pop1 1.18954 0.991285
4200 pop2 1.19242 0.99368
4300 pop1 1.19211 0.993426
4300 pop2 1.19284 0.99403
4400 pop1 1.19254 0.993783
4400 pop2 1.19086 0.99238
4500 pop1 1.19324 0.994368
4500 pop2 1.19141 0.992844
4600 pop1 1.19211 0.993426
4600 pop2 1.19002 0.991683
4700 pop1 1.1897 0.991413
4700 pop2 1.18953 0.991272
4800 pop1 1.19297 0.994143
4800 pop2 1.19081 0.992345
4900 pop1 1.19307 0.994223
4900 pop2 1.19112 0.9926
5000 pop1 1.19158 0.992986
5000 pop2 1.19065 0.992212
