1 pop1 1.0 0.980392
1 pop2 1.0 0.980392
100 pop1 1.00221 0.982557
100 pop2 0.998899 0.979313
200 pop1 1.00095 0.981321
200 pop2 1.00097 0.981347
300 pop1 1.00023 0.980622
300 pop2 1.00108 0.981446
400 pop1 0.998524 0.978945
400 pop2 1.00299 0.983324
500 pop1 0.996108 0.976576
500 pop2 1.00489 0.98519
600 pop1 0.996333 0.976797
600 pop2 1.00521 0.985504
700 pop1 1.0015 0.981866
700 pop2 1.00077 0.981149
800 pop1 1.0008 0.981176
800 pop2 1.0007 0.981075
900 pop1 1.00105 0.981418
900 pop2 1.00023 0.98062
1000 pop1 1.0042 0.984515
1000 pop2 0.997865 0.978299
1100 pop1 1.01139 0.991557
1100 pop2 0.995879 0.976352
1200 pop1 1.01584 0.995926
1200 pop2 0.994709 0.975204
1300 pop1 1.01873 0.998759
1300 pop2 0.995576 0.976055
1400 pop1 1.01945 0.999459
1400 pop2 0.996131 0.976599
1500 pop1 1.02011 1.0001
1500 pop2 0.997507 0.977948
1600 pop1 1.02011 1.0001
1600 pop2 0.997949 0.978382
1700 pop1 1.0201 1.0001
1700 pop2 0.99927 0.979676
1800 pop1 1.0201 1.0001
1800 pop2 0.999832 0.980228
1900 pop1 1.0201 1.0001
1900 pop2 0.999932 0.980326
2000 pop1 1.0201 1.0001
2000 pop2 1.0 0.980392
2100 pop1 1.0201 1.0001
2100 pop2 1.0 0.980392
2200 pop1 1.0201 1.0001
2200 pop2 1.0 0.980392
2300 pop1 1.0201 1.0001
2300 pop2 1.0 0.980392
2400 pop1 1.0201 1.0001
2400 pop2 1.0 0.980392
2500 pop1 1.0201 1.0001
2500 pop2 1.0 0.980392
2600 pop1 1.0201 1.0001
2600 pop2 1.0 0.980392
2700 pop1 1.0201 1.0001
2700 pop2 1.0 0.980392
2800 pop1 1.0201 1.0001
2800 pop2 1.0 0.980392
2900 pop1 1.0201 1.0001
2900 pop2 1.0 0.980392
3000 pop1 1.0201 1.0001
3000 pop2 1.0 0.980392
3100 pop1 1.0201 1.0001
3100 pop2 1.0 0.980392
3200 pop1 1.0201 1.0001
3200 pop2 1.0 0.980392
3300 pop1 1.0201 1.0001
3300 pop2 1.0 0.980392
3400 pop1 1.0201 1.0001
3400 pop2 1.0 0.980392
3500 pop1 1.0201 1.0001
3500 pop2 1.0 0.980392
3600 pop1 1.0201 1.0001
3600 pop2 1.0 0.980392
3700 pop1 1.0201 1.0001
3700 pop2 1.0 0.980392
3800 pop1 1.0201 1.0001
3800 pop2 1.0 0.980392
3900 pop1 1.0201 1.0001
3900 pop2 1.0 0.980392
4000 pop1 1.0201 1.0001
4000 pop2 1.0 0.980392
4100 pop1 1.0201 1.0001
4100 pop2 1.0 0.980392
4200 pop1 1.0201 1.0001
4200 pop2 1.0 0.980392
4300 pop1 1.0201 1.0001
4300 pop2 1.0 0.980392
4400 pop1 1.0201 1.0001
4400 pop2 1.0 0.980392
4500 pop1 1.0201 1.0001
4500 pop2 1.0 0.980392
4600 pop1 1.0201 1.0001
4600 pop2 1.0 0.980392
4700 pop1 1.0201 1.0001
4700 pop2 1.0 0.980392
4800 pop1 1.0201 1.0001
4800 pop2 1.0 0.980392
4900 pop1 1.0201 1.0001
4900 pop2 1.0 0.980392
5000 pop1 1.0201 1.0001
5000 pop2 1.0 0.980392
