1 pop1 1.0 0.909091
1 pop2 1.0 0.909091
100 pop1 1.02451 0.931373
100 pop2 1.01768 0.925166
200 pop1 1.02552 0.932288
200 pop2 1.02033 0.927569
300 pop1 1.01924 0.926581
300 pop2 1.02782 0.934382
400 pop1 1.01421 0.922006
400 pop2 1.02895 0.935409
500 pop1 1.01813 0.925574
500 pop2 1.02743 0.934029
600 pop1 1.01453 0.922297
600 pop2 1.02332 0.930292
700 pop1 1.02139 0.928533
700 pop2 1.01926 0.926602
800 pop1 1.02716 0.933784
800 pop2 1.01671 0.924279
900 pop1 1.02117 0.928341
900 pop2 1.01733 0.924843
1000 pop1 1.0311 0.937359
1000 pop2 1.00929 0.917532
1100 pop1 1.09341 0.994007
1100 pop2 0.967692 0.87972
1200 pop1 1.10003 1.00002
1200 pop2 0.97753 0.888663
1300 pop1 1.10027 1.00025
1300 pop2 0.995319 0.904836
1400 pop1 1.10251 1.00228
1400 pop2 0.999605 0.908732
1500 pop1 1.1025 1.00227
1500 pop2 0.999802 0.908911
1600 pop1 1.1025 1.00227
1600 pop2 1.0 0.909091
1700 pop1 1.1025 1.00227
1700 pop2 1.0 0.909091
1800 pop1 1.1025 1.00227
1800 pop2 1.0 0.909091
1900 pop1 1.1025 1.00227
1900 pop2 1.0 0.909091
2000 pop1 1.1025 1.00227
2000 pop2 1.0 0.909091
2100 pop1 1.1025 1.00227
2100 pop2 1.0 0.909091
2200 pop1 1.1025 1.00227
2200 pop2 1.0 0.909091
2300 pop1 1.1025 1.00227
2300 pop2 1.0 0.909091
2400 pop1 1.1025 1.00227
2400 pop2 1.0 0.909091
2500 pop1 1.1025 1.00227
2500 pop2 1.0 0.909091
2600 pop1 1.1025 1.00227
2600 pop2 1.0 0.909091
2700 pop1 1.1025 1.00227
2700 pop2 1.0 0.909091
2800 pop1 1.1025 1.00227
2800 pop2 1.0 0.909091
2900 pop1 1.1025 1.00227
2900 pop2 1.0 0.909091
3000 pop1 1.1025 1.00227
3000 pop2 1.0 0.909091
3100 pop1 1.1025 1.00227
3100 pop2 1.0 0.909091
3200 pop1 1.1025 1.00227
3200 pop2 1.0 0.909091
3300 pop1 1.1025 1.00227
3300 pop2 1.0 0.909091
3400 pop1 1.1025 1.00227
3400 pop2 1.0 0.909091
3500 pop1 1.1025 1.00227
3500 pop2 1.0 0.909091
3600 pop1 1.1025 1.00227
3600 pop2 1.0 0.909091
3700 pop1 1.1025 1.00227
3700 pop2 1.0 0.909091
3800 pop1 1.1025 1.00227
3800 pop2 1.0 0.909091
3900 pop1 1.1025 1.00227
3900 pop2 1.0 0.909091
4000 pop1 1.1025 1.00227
4000 pop2 1.0 0.909091
4100 pop1 1.1025 1.00227
4100 pop2 1.0 0.909091
4200 pop1 1.1025 1.00227
4200 pop2 1.0 0.909091
4300 pop1 1.1025 1.00227
4300 pop2 1.0 0.909091
4400 pop1 1.1025 1.00227
4400 pop2 1.0 0.909091
4500 pop1 1.1025 1.00227
4500 pop2 1.0 0.909091
4600 pop1 1.1025 1.00227
4600 pop2 1.0 0.909091
4700 pop1 1.1025 1.00227
4700 pop2 1.0 0.909091
4800 pop1 1.1025 1.00227
4800 pop2 1.0 0.909091
4900 pop1 1.1025 1.00227
4900 pop2 1.0 0.909091
5000 pop1 1.1025 1.00227
5000 pop2 1.0 0.909091
