1 pop1 1.0 0.833333
1 pop2 1.0 0.833333
100 pop1 1.19152 0.992932
100 pop2 1.18856 0.990468
200 pop1 1.18725 0.989378
200 pop2 1.19108 0.992569
300 pop1 1.19413 0.995108
300 pop2 1.19223 0.993527
400 pop1 1.18467 0.987222
400 pop2 1.18535 0.987789
500 pop1 1.19093 0.992442
500 pop2 1.19008 0.99173
600 pop1 1.19006 0.99172
600 pop2 1.19043 0.992023
700 pop1 1.18919 0.990992
700 pop2 1.1927 0.993917
800 pop1 1.19048 0.992066
800 pop2 1.19144 0.99287
900 pop1 1.18898 0.99082
900 pop2 1.18934 0.991121
1000 pop1 1.19083 0.992355
1000 pop2 1.195 0.995834
1100 pop1 1.19969 0.999744
1100 pop2 0.996061 0.830051
1200 pop1 1.20233 1.00194
1200 pop2 0.994345 0.828621
1300 pop1 1.2073 1.00608
1300 pop2 0.997153 0.830961
1400 pop1 1.20632 1.00526
1400 pop2 0.998713 0.832261
1500 pop1 1.20899 1.00749
1500 pop2 1.0 0.833333
1600 pop1 1.20991 1.00826
1600 pop2 1.0 0.833333
1700 pop1 1.21 1.00833
1700 pop2 1.0 0.833333
1800 pop1 1.21 1.00833
1800 pop2 1.0 0.833333
1900 pop1 1.21 1.00833
1900 pop2 1.0 0.833333
2000 pop1 1.21 1.00833
2000 pop2 1.0 0.833333
2100 pop1 1.21 1.00833
2100 pop2 1.0 0.833333
2200 pop1 1.21 1.00833
2200 pop2 1.0 0.833333
2300 pop1 1.21 1.00833
2300 pop2 1.0 0.833333
2400 pop1 1.21 1.00833
2400 pop2 1.0 0.833333
2500 pop1 1.21 1.00833
2500 pop2 1.0 0.833333
2600 pop1 1.21 1.00833
2600 pop2 1.0 0.833333
2700 pop1 1.21 1.00833
2700 pop2 1.0 0.833333
2800 pop1 1.21 1.00833
2800 pop2 1.0 0.833333
2900 pop1 1.21 1.00833
2900 pop2 1.0 0.833333
3000 pop1 1.21 1.00833
3000 pop2 1.0 0.833333
3100 pop1 1.21 1.00833
3100 pop2 1.0 0.833333
3200 pop1 1.21 1.00833
3200 pop2 1.0 0.833333
3300 pop1 1.21 1.00833
3300 pop2 1.0 0.833333
3400 pop1 1.21 1.00833
3400 pop2 1.0 0.833333
3500 pop1 1.21 1.00833
3500 pop2 1.0 0.833333
3600 pop1 1.21 1.00833
3600 pop2 1.0 0.833333
3700 pop1 1.21 1.00833
3700 pop2 1.0 0.833333
3800 pop1 1.21 1.00833
3800 pop2 1.0 0.833333
3900 pop1 1.21 1.00833
3900 pop2 1.0 0.833333
4000 pop1 1.21 1.00833
4000 pop2 1.0 0.833333
4100 pop1 1.21 1.00833
4100 pop2 1.0 0.833333
4200 pop1 1.21 1.00833
4200 pop2 1.0 0.833333
4300 pop1 1.21 1.00833
4300 pop2 1.0 0.833333
4400 pop1 1.21 1.00833
4400 pop2 1.0 0.833333
4500 pop1 1.21 1.00833
4500 pop2 1.0 0.833333
4600 pop1 1.21 1.00833
4600 pop2 1.0 0.833333
4700 pop1 1.21 1.00833
4700 pop2 1.0 0.833333
4800 pop1 1.21 1.00833
4800 pop2 1.0 0.833333
4900 pop1 1.21 1.00833
4900 pop2 1.0 0.833333
5000 pop1 1.21 1.00833
5000 pop2 1.0 0.833333
