1 pop1 1.0 0.833333
1 pop2 1.0 0.833333
100 pop1 1.07893 0.899111
100 pop2 1.05655 0.880457
200 pop1 1.07366 0.894716
200 pop2 1.07998 0.899983
300 pop1 1.07258 0.893819
300 pop2 1.06764 0.889697
400 pop1 1.07274 0.893953
400 pop2 1.0647 0.887247
500 pop1 1.07762 0.89802
500 pop2 1.0766 0.897169
600 pop1 1.06418 0.886813
600 pop2 1.07042 0.892021
700 pop1 1.07733 0.897779
700 pop2 1.06896 0.890799
800 pop1 1.07285 0.894041
800 pop2 1.06548 0.887896
900 pop1 1.0766 0.897165
900 pop2 1.07025 0.891874
1000 pop1 1.07866 0.89888
1000 pop2 1.06057 0.883811
1100 pop1 1.10249 0.918744
1100 pop2 1.12869 0.940575
1200 pop1 1.10556 0.921299
1200 pop2 1.13525 0.946045
1300 pop1 1.1052 0.921002
1300 pop2 1.12921 0.941011
1400 pop1 1.10661 0.922171
1400 pop2 1.13103 0.942529
1500 pop1 1.11317 0.927639
1500 pop2 1.12742 0.93952
1600 pop1 1.11927 0.932723
1600 pop2 1.12522 0.937683
1700 pop1 1.11502 0.929184
1700 pop2 1.12565 0.938041
1800 pop1 1.13146 0.94288
1800 pop2 1.11116 0.925965
1900 pop1 1.11815 0.931791
1900 pop2 1.1222 0.93517
2000 pop1 1.12052 0.933769
2000 pop2 1.12086 0.934049
2100 pop1 1.12112 0.934263
2100 pop2 1.12356 0.936302
2200 pop1 1.12276 0.935633
2200 pop2 1.12603 0.93836
2300 pop1 1.12308 0.935897
2300 pop2 1.11901 0.932505
2400 pop1 1.12456 0.937136
2400 pop2 1.11851 0.932094
2500 pop1 1.12407 0.936723
2500 pop2 1.1151 0.929247
2600 pop1 1.12172 0.934763
2600 pop2 1.11653 0.930441
2700 pop1 1.11936 0.932804
2700 pop2 1.1207 0.93392
2800 pop1 1.12162 0.934681
2800 pop2 1.11786 0.931548
2900 pop1 1.12784 0.939869
2900 pop2 1.11771 0.931426
3000 pop1 1.12526 0.937721
3000 pop2 1.11835 0.931956
3100 pop1 1.11978 0.933147
3100 pop2 1.1203 0.933584
3200 pop1 1.12401 0.936671
3200 pop2 1.1147 0.928913
3300 pop1 1.11651 0.930425
3300 pop2 1.12818 0.940154
3400 pop1 1.1209 0.934085
3400 pop2 1.12436 0.936966
3500 pop1 1.12584 0.938198
3500 pop2 1.11854 0.932114
3600 pop1 1.11709 0.930912
3600 pop2 1.12853 0.940442
3700 pop1 1.13408 0.945067
3700 pop2 1.11724 0.931031
3800 pop1 1.12767 0.939726
3800 pop2 1.11581 0.929845
3900 pop1 1.12311 0.935928
3900 pop2 1.12415 0.93679
4000 pop1 1.11792 0.931597
4000 pop2 1.12668 0.938903
4100 pop1 1.12163 0.934688
4100 pop2 1.12294 0.935786
4200 pop1 1.12096 0.934129
4200 pop2 1.12342 0.936185
4300 pop1 1.12373 0.93644
4300 pop2 1.12335 0.936125
4400 pop1 1.12787 0.939892
4400 pop2 1.11648 0.930401
4500 pop1 1.12855 0.940458
4500 pop2 1.11296 0.927463
4600 pop1 1.11384 0.928198
4600 pop2 1.12723 0.939361
4700 pop1 1.12486 0.937385
4700 pop2 1.12209 0.935076
4800 pop1 1.11934 0.932783
4800 pop2 1.12473 0.937273
4900 pop1 1.12203 0.935023
4900 pop2 1.12303 0.935859
5000 pop1 1.11815 0.931795
5000 pop2 1.1293 0.941082
