1 pop1 1.0 0.909091
1 pop2 1.0 0.909091
100 pop1 1.01987 0.927156
100 pop2 1.01257 0.920521
200 pop1 1.02044 0.927675
200 pop2 1.00805 0.916405
300 pop1 1.02382 0.930746
300 pop2 1.00336 0.912146
400 pop1 1.00819 0.916532
400 pop2 1.01893 0.926302
500 pop1 1.01158 0.919616
500 pop2 1.01817 0.925611
600 pop1 1.00902 0.917291
600 pop2 1.01693 0.924477
700 pop1 1.01407 0.92188
700 pop2 1.00926 0.917512
800 pop1 1.01798 0.925439
800 pop2 1.01 0.918182
900 pop1 1.02859 0.935079
900 pop2 0.999874 0.908976
1000 pop1 1.01075 0.918863
1000 pop2 1.01811 0.925552
1100 pop1 1.05287 0.957152
1100 pop2 1.04729 0.952078
1200 pop1 1.05436 0.958505
1200 pop2 1.05045 0.954953
1300 pop1 1.05276 0.957057
1300 pop2 1.05713 0.961027
1400 pop1 1.04202 0.94729
1400 pop2 1.06635 0.969413
1500 pop1 1.04041 0.94583
1500 pop2 1.06538 0.968529
1600 pop1 1.04966 0.954232
1600 pop2 1.06097 0.964515
1700 pop1 1.05187 0.956245
1700 pop2 1.05838 0.962168
1800 pop1 1.04967 0.954249
1800 pop2 1.06124 0.964763
1900 pop1 1.04788 0.95262
1900 pop2 1.06243 0.965849
2000 pop1 1.05925 0.962956
2000 pop2 1.05384 0.958032
2100 pop1 1.05697 0.960881
2100 pop2 1.05698 0.960892
2200 pop1 1.05257 0.95688
2200 pop2 1.06012 0.963742
2300 pop1 1.05588 0.959894
2300 pop2 1.05389 0.958082
2400 pop1 1.06219 0.96563
2400 pop2 1.05016 0.954688
2500 pop1 1.05186 0.956241
2500 pop2 1.05856 0.962328
2600 pop1 1.05545 0.959503
2600 pop2 1.05753 0.961389
2700 pop1 1.05063 0.955118
2700 pop2 1.0575 0.961365
2800 pop1 1.04566 0.9506
2800 pop2 1.06632 0.969385
2900 pop1 1.04718 0.95198
2900 pop2 1.0617 0.965179
3000 pop1 1.05191 0.956277
3000 pop2 1.05768 0.961524
3100 pop1 1.0513 0.955726
3100 pop2 1.0595 0.96318
3200 pop1 1.05145 0.955866
3200 pop2 1.05728 0.96116
3300 pop1 1.05945 0.96314
3300 pop2 1.05388 0.958075
3400 pop1 1.06169 0.965174
3400 pop2 1.04859 0.953259
3500 pop1 1.05972 0.963378
3500 pop2 1.05141 0.955828
3600 pop1 1.05449 0.958625
3600 pop2 1.05808 0.961895
3700 pop1 1.05059 0.955081
3700 pop2 1.05848 0.962255
3800 pop1 1.05488 0.958986
3800 pop2 1.05589 0.959899
3900 pop1 1.05482 0.958932
3900 pop2 1.05678 0.960712
4000 pop1 1.05661 0.96055
4000 pop2 1.05566 0.959695
4100 pop1 1.05832 0.962106
4100 pop2 1.05164 0.956037
4200 pop1 1.05463 0.958756
4200 pop2 1.05329 0.957534
4300 pop1 1.04923 0.953849
4300 pop2 1.06285 0.966225
4400 pop1 1.0404 0.94582
4400 pop2 1.06894 0.971762
4500 pop1 1.05434 0.958492
4500 pop2 1.05431 0.958463
4600 pop1 1.05843 0.962209
4600 pop2 1.05221 0.956552
4700 pop1 1.05621 0.960187
4700 pop2 1.05528 0.959345
4800 pop1 1.05492 0.959023
4800 pop2 1.05808 0.96189
4900 pop1 1.04794 0.952669
4900 pop2 1.0627 0.966087
5000 pop1 1.05661 0.960552
5000 pop2 1.05346 0.957688
