1 pop1 1.0 0.833333
1 pop2 1.0 0.833333
100 pop1 1.18831 0.990255
100 pop2 1.19238 0.993652
200 pop1 1.18833 0.990272
200 pop2 1.19211 0.993428
300 pop1 1.19054 0.992121
300 pop2 1.19128 0.992735
400 pop1 1.19578 0.996483
400 pop2 1.1887 0.990586
500 pop1 1.19212 0.993432
500 pop2 1.19104 0.992534
600 pop1 1.18678 0.988983
600 pop2 1.19189 0.993241
700 pop1 1.19097 0.992474
700 pop2 1.19177 0.993139
800 pop1 1.19058 0.992151
800 pop2 1.19263 0.993858
900 pop1 1.18969 0.991409
900 pop2 1.19138 0.99282
1000 pop1 1.19282 0.994019
1000 pop2 1.19064 0.992201
1100 pop1 1.1992 0.999332
1100 pop2 0.995749 0.829791
1200 pop1 1.20898 1.00749
1200 pop2 0.994696 0.828913
1300 pop1 1.20558 1.00465
1300 pop2 0.997738 0.831448
1400 pop1 1.20563 1.0047
1400 pop2 0.999103 0.832586
1500 pop1 1.20992 1.00826
1500 pop2 1.0 0.833333
1600 pop1 1.21 1.00833
1600 pop2 1.0 0.833333
1700 pop1 1.21 1.00833
1700 pop2 1.0 0.833333
1800 pop1 1.21 1.00833
1800 pop2 1.0 0.833333
1900 pop1 1.21 1.00833
1900 pop2 1.0 0.833333
2000 pop1 1.21 1.00833
2000 pop2 1.0 0.833333
2100 pop1 1.21 1.00833
2100 pop2 1.0 0.833333
2200 pop1 1.21 1.00833
2200 pop2 1.0 0.833333
2300 pop1 1.21 1.00833
2300 pop2 1.0 0.833333
2400 pop1 1.21 1.00833
2400 pop2 1.0 0.833333
2500 pop1 1.21 1.00833
2500 pop2 1.0 0.833333
2600 pop1 1.21 1.00833
2600 pop2 1.0 0.833333
2700 pop1 1.21 1.00833
2700 pop2 1.0 0.833333
2800 pop1 1.21 1.00833
2800 pop2 1.0 0.833333
2900 pop1 1.21 1.00833
2900 pop2 1.0 0.833333
3000 pop1 1.21 1.00833
3000 pop2 1.0 0.833333
3100 pop1 1.21 1.00833
3100 pop2 1.0 0.833333
3200 pop1 1.21 1.00833
3200 pop2 1.0 0.833333
3300 pop1 1.21 1.00833
3300 pop2 1.0 0.833333
3400 pop1 1.21 1.00833
3400 pop2 1.0 0.833333
3500 pop1 1.21 1.00833
3500 pop2 1.0 0.833333
3600 pop1 1.21 1.00833
3600 pop2 1.0 0.833333
3700 pop1 1.21 1.00833
3700 pop2 1.0 0.833333
3800 pop1 1.21 1.00833
3800 pop2 1.0 0.833333
3900 pop1 1.21 1.00833
3900 pop2 1.0 0.833333
4000 pop1 1.21 1.00833
4000 pop2 1.0 0.833333
4100 pop1 1.21 1.00833
4100 pop2 1.0 0.833333
4200 pop1 1.21 1.00833
4200 pop2 1.0 0.833333
4300 pop1 1.21 1.00833
4300 pop2 1.0 0.833333
4400 pop1 1.21 1.00833
4400 pop2 1.0 0.833333
4500 pop1 1.21 1.00833
4500 pop2 1.0 0.833333
4600 pop1 1.21 1.00833
4600 pop2 1.0 0.833333
4700 pop1 1.21 1.00833
4700 pop2 1.0 0.833333
4800 pop1 1.21 1.00833
4800 pop2 1.0 0.833333
4900 pop1 1.21 1.00833
4900 pop2 1.0 0.833333
5000 pop1 1.21 1.00833
5000 pop2 1.0 0.833333
