1 pop1 1.0 0.833333
1 pop2 1.0 0.833333
100 pop1 1.19052 0.992103
100 pop2 1.19324 0.99437
200 pop1 1.18849 0.990406
200 pop2 1.1927 0.993915
300 pop1 1.18807 0.990057
300 pop2 1.19011 0.991757
400 pop1 1.18942 0.991186
400 pop2 1.19433 0.995275
500 pop1 1.18829 0.990245
500 pop2 1.18944 0.991201
600 pop1 1.19094 0.992446
600 pop2 1.1889 0.990751
700 pop1 1.19234 0.993617
700 pop2 1.18624 0.988531
800 pop1 1.18214 0.985113
800 pop2 1.19127 0.992726
900 pop1 1.1895 0.991249
900 pop2 1.19173 0.993112
1000 pop1 1.19193 0.993278
1000 pop2 1.19202 0.993352
1100 pop1 1.19378 0.994821
1100 pop2 1.19256 0.993798
1200 pop1 1.19226 0.993552
1200 pop2 1.19368 0.994731
1300 pop1 1.19254 0.993779
1300 pop2 1.18688 0.989063
1400 pop1 1.19235 0.993627
1400 pop2 1.1902 0.991837
1500 pop1 1.19002 0.991682
1500 pop2 1.18654 0.98878
1600 pop1 1.18841 0.990346
1600 pop2 1.19039 0.99199
1700 pop1 1.19109 0.992577
1700 pop2 1.18935 0.991123
1800 pop1 1.1867 0.988919
1800 pop2 1.18994 0.99162
1900 pop1 1.19108 0.992568
1900 pop2 1.19132 0.992765
2000 pop1 1.19072 0.992267
2000 pop2 1.18318 0.985985
2100 pop1 1.1857 0.988087
2100 pop2 1.19535 0.996122
2200 pop1 1.18938 0.991154
2200 pop2 1.18982 0.991519
2300 pop1 1.19097 0.992477
2300 pop2 1.19268 0.993902
2400 pop1 1.18485 0.987377
2400 pop2 1.19419 0.995159
2500 pop1 1.19091 0.992425
2500 pop2 1.1894 0.991168
2600 pop1 1.1905 0.992086
2600 pop2 1.1861 0.988413
2700 pop1 1.19244 0.993701
2700 pop2 1.18733 0.98944
2800 pop1 1.19298 0.994153
2800 pop2 1.1876 0.989664
2900 pop1 1.18731 0.989425
2900 pop2 1.18889 0.990738
3000 pop1 1.18785 0.989873
3000 pop2 1.19153 0.992943
3100 pop1 1.1924 0.993663
3100 pop2 1.19199 0.993323
3200 pop1 1.19099 0.992491
3200 pop2 1.19 0.991663
3300 pop1 1.19329 0.994406
3300 pop2 1.18918 0.990985
3400 pop1 1.1888 0.990669
3400 pop2 1.18497 0.987477
3500 pop1 1.19019 0.991827
3500 pop2 1.18945 0.991208
3600 pop1 1.19141 0.99284
3600 pop2 1.19248 0.993731
3700 pop1 1.18694 0.989118
3700 pop2 1.1903 0.991915
3800 pop1 1.18818 0.990149
3800 pop2 1.19234 0.99362
3900 pop1 1.19016 0.991799
3900 pop2 1.18999 0.991659
4000 pop1 1.19015 0.991789
4000 pop2 1.18914 0.990953
4100 pop1 1.1912 0.992668
4100 pop2 1.18945 0.991205
4200 pop1 1.19167 0.993062
4200 pop2 1.19163 0.993026
4300 pop1 1.19142 0.992854
4300 pop2 1.18923 0.991024
4400 pop1 1.19235 0.993622
4400 pop2 1.19089 0.992407
4500 pop1 1.1865 0.988747
4500 pop2 1.19063 0.992193
4600 pop1 1.19172 0.993099
4600 pop2 1.19095 0.992459
4700 pop1 1.19215 0.99346
4700 pop2 1.19172 0.993103
4800 pop1 1.19191 0.993257
4800 pop2 1.19277 0.993977
4900 pop1 1.19208 0.993398
4900 pop2 1.19191 0.993258
5000 pop1 1.19418 0.995154
5000 pop2 1.18859 0.990488
