1 pop1 1.0 0.980392
1 pop2 1.0 0.980392
100 pop1 1.00096 0.981334
100 pop2 0.999934 0.980327
200 pop1 1.00348 0.983804
200 pop2 0.998341 0.978766
300 pop1 1.0033 0.983626
300 pop2 0.998818 0.979233
400 pop1 1.00519 0.985485
400 pop2 0.996528 0.976988
500 pop1 1.00445 0.984755
500 pop2 0.996741 0.977197
600 pop1 1.00373 0.984052
600 pop2 0.996776 0.977231
700 pop1 1.00051 0.98089
700 pop2 1.00109 0.981457
800 pop1 1.00328 0.983607
800 pop2 1.0002 0.980591
900 pop1 1.00213 0.982476
900 pop2 0.999798 0.980194
1000 pop1 1.00303 0.98336
1000 pop2 0.998131 0.97856
1100 pop1 1.00857 0.988795
1100 pop2 0.995293 0.975777
1200 pop1 1.01542 0.995509
1200 pop2 0.994563 0.975062
1300 pop1 1.01703 0.997085
1300 pop2 0.995313 0.975797
1400 pop1 1.01889 0.998908
1400 pop2 0.995936 0.976408
1500 pop1 1.01933 0.999345
1500 pop2 0.997893 0.978327
1600 pop1 1.01931 0.99932
1600 pop2 0.998611 0.979031
1700 pop1 1.0201 1.0001
1700 pop2 0.998603 0.979023
1800 pop1 1.0201 1.0001
1800 pop2 0.999206 0.979614
1900 pop1 1.0201 1.0001
1900 pop2 0.999753 0.98015
2000 pop1 1.0201 1.0001
2000 pop2 0.999904 0.980298
2100 pop1 1.0201 1.0001
2100 pop2 0.999936 0.98033
2200 pop1 1.0201 1.0001
2200 pop2 1.0 0.980392
2300 pop1 1.0201 1.0001
2300 pop2 1.0 0.980392
2400 pop1 1.0201 1.0001
2400 pop2 1.0 0.980392
2500 pop1 1.0201 1.0001
2500 pop2 1.0 0.980392
2600 pop1 1.0201 1.0001
2600 pop2 1.0 0.980392
2700 pop1 1.0201 1.0001
2700 pop2 1.0 0.980392
2800 pop1 1.0201 1.0001
2800 pop2 1.0 0.980392
2900 pop1 1.0201 1.0001
2900 pop2 1.0 0.980392
3000 pop1 1.0201 1.0001
3000 pop2 1.0 0.980392
3100 pop1 1.0201 1.0001
3100 pop2 1.0 0.980392
3200 pop1 1.0201 1.0001
3200 pop2 1.0 0.980392
3300 pop1 1.0201 1.0001
3300 pop2 1.0 0.980392
3400 pop1 1.0201 1.0001
3400 pop2 1.0 0.980392
3500 pop1 1.0201 1.0001
3500 pop2 1.0 0.980392
3600 pop1 1.0201 1.0001
3600 pop2 1.0 0.980392
3700 pop1 1.0201 1.0001
3700 pop2 1.0 0.980392
3800 pop1 1.0201 1.0001
3800 pop2 1.0 0.980392
3900 pop1 1.0201 1.0001
3900 pop2 1.0 0.980392
4000 pop1 1.0201 1.0001
4000 pop2 1.0 0.980392
4100 pop1 1.0201 1.0001
4100 pop2 1.0 0.980392
4200 pop1 1.0201 1.0001
4200 pop2 1.0 0.980392
4300 pop1 1.0201 1.0001
4300 pop2 1.0 0.980392
4400 pop1 1.0201 1.0001
4400 pop2 1.0 0.980392
4500 pop1 1.0201 1.0001
4500 pop2 1.0 0.980392
4600 pop1 1.0201 1.0001
4600 pop2 1.0 0.980392
4700 pop1 1.0201 1.0001
4700 pop2 1.0 0.980392
4800 pop1 1.0201 1.0001
4800 pop2 1.0 0.980392
4900 pop1 1.0201 1.0001
4900 pop2 1.0 0.980392
5000 pop1 1.0201 1.0001
5000 pop2 1.0 0.980392
