1 pop1 1.0 0.833333
1 pop2 1.0 0.833333
100 pop1 1.06677 0.888971
100 pop2 1.07811 0.898423
200 pop1 1.06877 0.890642
200 pop2 1.06873 0.890611
300 pop1 1.06835 0.890288
300 pop2 1.07337 0.894478
400 pop1 1.0775 0.89792
400 pop2 1.07362 0.89468
500 pop1 1.08267 0.902229
500 pop2 1.0576 0.881337
600 pop1 1.07206 0.893385
600 pop2 1.06478 0.887316
700 pop1 1.06514 0.88762
700 pop2 1.07106 0.892547
800 pop1 1.06318 0.88598
800 pop2 1.07389 0.894905
900 pop1 1.07257 0.89381
900 pop2 1.06829 0.89024
1000 pop1 1.07759 0.897994
1000 pop2 1.0602 0.8835
1100 pop1 1.12686 0.93905
1100 pop2 1.11618 0.930153
1200 pop1 1.10513 0.920938
1200 pop2 1.12775 0.939795
1300 pop1 1.11173 0.926441
1300 pop2 1.12805 0.940045
1400 pop1 1.12438 0.936986
1400 pop2 1.12304 0.935865
1500 pop1 1.11703 0.93086
1500 pop2 1.11787 0.931562
1600 pop1 1.11813 0.931776
1600 pop2 1.11679 0.930656
1700 pop1 1.1295 0.941253
1700 pop2 1.11482 0.929013
1800 pop1 1.12617 0.938479
1800 pop2 1.12243 0.935357
1900 pop1 1.12923 0.941023
1900 pop2 1.11761 0.931338
2000 pop1 1.12652 0.938767
2000 pop2 1.11671 0.930592
2100 pop1 1.12528 0.937736
2100 pop2 1.11324 0.927702
2200 pop1 1.12622 0.938516
2200 pop2 1.11748 0.931233
2300 pop1 1.11405 0.928379
2300 pop2 1.12653 0.938774
2400 pop1 1.11757 0.931309
2400 pop2 1.12111 0.934257
2500 pop1 1.13258 0.943818
2500 pop2 1.10504 0.920868
2600 pop1 1.13048 0.942068
2600 pop2 1.115 0.929169
2700 pop1 1.12663 0.938857
2700 pop2 1.11741 0.931178
2800 pop1 1.12122 0.934348
2800 pop2 1.12285 0.935705
2900 pop1 1.12943 0.941191
2900 pop2 1.11579 0.929827
3000 pop1 1.12778 0.939821
3000 pop2 1.11859 0.932159
3100 pop1 1.12781 0.939845
3100 pop2 1.1147 0.928918
3200 pop1 1.12638 0.938652
3200 pop2 1.11646 0.930383
3300 pop1 1.13761 0.948008
3300 pop2 1.10957 0.924644
3400 pop1 1.13363 0.944694
3400 pop2 1.10739 0.922825
3500 pop1 1.12384 0.936534
3500 pop2 1.11844 0.932032
3600 pop1 1.12012 0.933431
3600 pop2 1.1222 0.935169
3700 pop1 1.13293 0.944106
3700 pop2 1.1092 0.924332
3800 pop1 1.11802 0.931687
3800 pop2 1.12829 0.940242
3900 pop1 1.12757 0.939641
3900 pop2 1.11495 0.929129
4000 pop1 1.12203 0.935028
4000 pop2 1.12045 0.933705
4100 pop1 1.13104 0.942537
4100 pop2 1.11217 0.926809
4200 pop1 1.13323 0.94436
4200 pop2 1.11202 0.926687
4300 pop1 1.12461 0.937179
4300 pop2 1.1158 0.929833
4400 pop1 1.12509 0.937577
4400 pop2 1.12012 0.933434
4500 pop1 1.1309 0.942418
4500 pop2 1.11579 0.929822
4600 pop1 1.13369 0.944743
4600 pop2 1.11329 0.927746
4700 pop1 1.12593 0.938277
4700 pop2 1.11746 0.931216
4800 pop1 1.12544 0.937865
4800 pop2 1.11233 0.926946
4900 pop1 1.1254 0.937833
4900 pop2 1.11483 0.929029
5000 pop1 1.12426 0.936887
5000 pop2 1.12283 0.935692
