1 pop1 1.0 0.909091
1 pop2 1.0 0.909091
100 pop1 1.01087 0.918974
100 pop2 1.01936 0.926689
200 pop1 1.01441 0.922195
200 pop2 1.01209 0.920077
300 pop1 1.02098 0.92816
300 pop2 1.00818 0.916523
400 pop1 1.01387 0.921698
400 pop2 1.01531 0.923005
500 pop1 1.01574 0.923399
500 pop2 1.01871 0.926099
600 pop1 1.02193 0.92903
600 pop2 1.00699 0.915445
700 pop1 1.01203 0.920023
700 pop2 1.0204 0.927638
800 pop1 1.00929 0.917535
800 pop2 1.0201 0.927364
900 pop1 1.01122 0.919294
900 pop2 1.0155 0.923181
1000 pop1 1.01562 0.923287
1000 pop2 1.01251 0.920462
1100 pop1 1.06231 0.965737
1100 pop2 1.03038 0.936713
1200 pop1 1.0431 0.94827
1200 pop2 1.05975 0.963411
1300 pop1 1.04344 0.948579
1300 pop2 1.06064 0.964218
1400 pop1 1.0407 0.946088
1400 pop2 1.06165 0.965139
1500 pop1 1.04119 0.946536
1500 pop2 1.06403 0.967302
1600 pop1 1.038 0.943637
1600 pop2 1.06607 0.969155
1700 pop1 1.03494 0.940858
1700 pop2 1.06968 0.972433
1800 pop1 1.02748 0.934077
1800 pop2 1.07609 0.978265
1900 pop1 1.03581 0.941647
1900 pop2 1.06797 0.970883
2000 pop1 1.03716 0.942873
2000 pop2 1.0688 0.971637
2100 pop1 1.03052 0.936835
2100 pop2 1.07755 0.979592
2200 pop1 1.03215 0.938319
2200 pop2 1.07449 0.976812
2300 pop1 1.04169 0.946995
2300 pop2 1.06664 0.969673
2400 pop1 1.04431 0.949375
2400 pop2 1.06417 0.967423
2500 pop1 1.04552 0.950474
2500 pop2 1.06298 0.966344
2600 pop1 1.05392 0.958111
2600 pop2 1.05242 0.956742
2700 pop1 1.04572 0.950651
2700 pop2 1.06251 0.965916
2800 pop1 1.06095 0.964502
2800 pop2 1.04878 0.953435
2900 pop1 1.05769 0.961537
2900 pop2 1.05313 0.957394
3000 pop1 1.05437 0.958516
3000 pop2 1.05659 0.960539
3100 pop1 1.0578 0.961632
3100 pop2 1.05445 0.958587
3200 pop1 1.05158 0.955981
3200 pop2 1.05769 0.961532
3300 pop1 1.05016 0.954691
3300 pop2 1.05911 0.962826
3400 pop1 1.05892 0.962655
3400 pop2 1.05516 0.95924
3500 pop1 1.06423 0.967486
3500 pop2 1.04706 0.951869
3600 pop1 1.05456 0.95869
3600 pop2 1.05628 0.960256
3700 pop1 1.05453 0.958661
3700 pop2 1.05712 0.961018
3800 pop1 1.05152 0.95593
3800 pop2 1.05632 0.96029
3900 pop1 1.04901 0.953641
3900 pop2 1.06141 0.964922
4000 pop1 1.05533 0.959392
4000 pop2 1.05677 0.9607
4100 pop1 1.05689 0.960808
4100 pop2 1.05549 0.959535
4200 pop1 1.06047 0.964068
4200 pop2 1.04916 0.953777
4300 pop1 1.05922 0.962931
4300 pop2 1.05081 0.955278
4400 pop1 1.06069 0.964267
4400 pop2 1.04949 0.954086
4500 pop1 1.06173 0.965213
4500 pop2 1.05103 0.955481
4600 pop1 1.06242 0.965833
4600 pop2 1.04908 0.953712
4700 pop1 1.0584 0.962185
4700 pop2 1.05485 0.958956
4800 pop1 1.05893 0.962666
4800 pop2 1.05191 0.956284
4900 pop1 1.05342 0.95765
4900 pop2 1.05763 0.961483
5000 pop1 1.05641 0.960374
5000 pop2 1.05613 0.96012
