1 pop1 1.0 0.980392
1 pop2 1.0 0.980392
100 pop1 1.00783 0.988065
100 pop2 1.0086 0.988827
200 pop1 1.00759 0.987829
200 pop2 1.00795 0.98819
300 pop1 1.00798 0.988212
300 pop2 1.00539 0.985674
400 pop1 1.00811 0.988344
400 pop2 1.00942 0.989624
500 pop1 1.0051 0.985393
500 pop2 1.00865 0.988875
600 pop1 1.00856 0.988784
600 pop2 1.00929 0.989505
700 pop1 1.0079 0.988135
700 pop2 1.00685 0.987113
800 pop1 1.00802 0.988255
800 pop2 1.00691 0.987169
900 pop1 1.01099 0.991168
900 pop2 1.00788 0.988122
1000 pop1 1.00992 0.990122
1000 pop2 1.00738 0.987625
1100 pop1 1.01085 0.991029
1100 pop2 0.996963 0.977415
1200 pop1 1.01492 0.995022
1200 pop2 0.996678 0.977135
1300 pop1 1.017 0.99706
1300 pop2 0.996561 0.977021
1400 pop1 1.01825 0.998286
1400 pop2 0.996205 0.976672
1500 pop1 1.01958 0.999588
1500 pop2 0.995707 0.976183
1600 pop1 1.01997 0.999967
1600 pop2 0.995998 0.976469
1700 pop1 1.02011 1.00011
1700 pop2 0.997175 0.977623
1800 pop1 1.02011 1.00011
1800 pop2 0.996964 0.977415
1900 pop1 1.02011 1.00011
1900 pop2 0.997758 0.978194
2000 pop1 1.02011 1.00011
2000 pop2 0.997027 0.977478
2100 pop1 1.02011 1.00011
2100 pop2 0.99836 0.978784
2200 pop1 1.02011 1.0001
2200 pop2 0.998252 0.978679
2300 pop1 1.02011 1.0001
2300 pop2 0.998731 0.979148
2400 pop1 1.0201 1.0001
2400 pop2 0.998671 0.97909
2500 pop1 1.0201 1.0001
2500 pop2 0.998819 0.979234
2600 pop1 1.0201 1.0001
2600 pop2 0.999689 0.980087
2700 pop1 1.0201 1.0001
2700 pop2 0.999856 0.980251
2800 pop1 1.0201 1.0001
2800 pop2 1.0 0.980392
2900 pop1 1.0201 1.0001
2900 pop2 1.0 0.980392
3000 pop1 1.0201 1.0001
3000 pop2 1.0 0.980392
3100 pop1 1.0201 1.0001
3100 pop2 1.0 0.980392
3200 pop1 1.0201 1.0001
3200 pop2 1.0 0.980392
3300 pop1 1.0201 1.0001
3300 pop2 1.0 0.980392
3400 pop1 1.0201 1.0001
3400 pop2 1.0 0.980392
3500 pop1 1.0201 1.0001
3500 pop2 1.0 0.980392
3600 pop1 1.0201 1.0001
3600 pop2 1.0 0.980392
3700 pop1 1.0201 1.0001
3700 pop2 1.0 0.980392
3800 pop1 1.0201 1.0001
3800 pop2 1.0 0.980392
3900 pop1 1.0201 1.0001
3900 pop2 1.0 0.980392
4000 pop1 1.0201 1.0001
4000 pop2 1.0 0.980392
4100 pop1 1.0201 1.0001
4100 pop2 1.0 0.980392
4200 pop1 1.0201 1.0001
4200 pop2 1.0 0.980392
4300 pop1 1.0201 1.0001
4300 pop2 1.0 0.980392
4400 pop1 1.0201 1.0001
4400 pop2 1.0 0.980392
4500 pop1 1.0201 1.0001
4500 pop2 1.0 0.980392
4600 pop1 1.0201 1.0001
4600 pop2 1.0 0.980392
4700 pop1 1.0201 1.0001
4700 pop2 1.0 0.980392
4800 pop1 1.0201 1.0001
4800 pop2 1.0 0.980392
4900 pop1 1.0201 1.0001
4900 pop2 1.0 0.980392
5000 pop1 1.0201 1.0001
5000 pop2 1.0 0.980392
