1 pop1 1.0 0.980392
1 pop2 1.0 0.980392
100 pop1 1.00026 0.980647
100 pop2 1.00051 0.980891
200 pop1 1.00029 0.980681
200 pop2 1.00054 0.980926
300 pop1 1.00058 0.980962
300 pop2 1.00159 0.98195
400 pop1 0.999589 0.979989
400 pop2 1.00158 0.981944
500 pop1 1.00172 0.982079
500 pop2 0.999325 0.979731
600 pop1 1.0017 0.98206
600 pop2 0.999781 0.980177
700 pop1 1.00382 0.984141
700 pop2 0.997415 0.977858
800 pop1 1.00491 0.985208
800 pop2 0.996666 0.977123
900 pop1 1.00255 0.98289
900 pop2 0.999242 0.979649
1000 pop1 1.00196 0.982314
1000 pop2 0.999617 0.980017
1100 pop1 1.01121 0.991385
1100 pop2 0.996022 0.976493
1200 pop1 1.01579 0.995869
1200 pop2 0.995778 0.976253
1300 pop1 1.01855 0.998577
1300 pop2 0.995362 0.975845
1400 pop1 1.0197 0.999707
1400 pop2 0.995279 0.975764
1500 pop1 1.01993 0.999934
1500 pop2 0.996158 0.976626
1600 pop1 1.02011 1.00011
1600 pop2 0.996335 0.976799
1700 pop1 1.02011 1.00011
1700 pop2 0.996645 0.977103
1800 pop1 1.02011 1.00011
1800 pop2 0.996937 0.977389
1900 pop1 1.02011 1.0001
1900 pop2 0.99761 0.978049
2000 pop1 1.0201 1.0001
2000 pop2 0.998844 0.979259
2100 pop1 1.0201 1.0001
2100 pop2 0.999271 0.979677
2200 pop1 1.0201 1.0001
2200 pop2 0.999956 0.980349
2300 pop1 1.0201 1.0001
2300 pop2 1.0 0.980392
2400 pop1 1.0201 1.0001
2400 pop2 1.0 0.980392
2500 pop1 1.0201 1.0001
2500 pop2 1.0 0.980392
2600 pop1 1.0201 1.0001
2600 pop2 1.0 0.980392
2700 pop1 1.0201 1.0001
2700 pop2 1.0 0.980392
2800 pop1 1.0201 1.0001
2800 pop2 1.0 0.980392
2900 pop1 1.0201 1.0001
2900 pop2 1.0 0.980392
3000 pop1 1.0201 1.0001
3000 pop2 1.0 0.980392
3100 pop1 1.0201 1.0001
3100 pop2 1.0 0.980392
3200 pop1 1.0201 1.0001
3200 pop2 1.0 0.980392
3300 pop1 1.0201 1.0001
3300 pop2 1.0 0.980392
3400 pop1 1.0201 1.0001
3400 pop2 1.0 0.980392
3500 pop1 1.0201 1.0001
3500 pop2 1.0 0.980392
3600 pop1 1.0201 1.0001
3600 pop2 1.0 0.980392
3700 pop1 1.0201 1.0001
3700 pop2 1.0 0.980392
3800 pop1 1.0201 1.0001
3800 pop2 1.0 0.980392
3900 pop1 1.0201 1.0001
3900 pop2 1.0 0.980392
4000 pop1 1.0201 1.0001
4000 pop2 1.0 0.980392
4100 pop1 1.0201 1.0001
4100 pop2 1.0 0.980392
4200 pop1 1.0201 1.0001
4200 pop2 1.0 0.980392
4300 pop1 1.0201 1.0001
4300 pop2 1.0 0.980392
4400 pop1 1.0201 1.0001
4400 pop2 1.0 0.980392
4500 pop1 1.0201 1.0001
4500 pop2 1.0 0.980392
4600 pop1 1.0201 1.0001
4600 pop2 1.0 0.980392
4700 pop1 1.0201 1.0001
4700 pop2 1.0 0.980392
4800 pop1 1.0201 1.0001
4800 pop2 1.0 0.980392
4900 pop1 1.0201 1.0001
4900 pop2 1.0 0.980392
5000 pop1 1.0201 1.0001
5000 pop2 1.0 0.980392
