1 pop1 1.0 0.909091
1 pop2 1.0 0.909091
100 pop1 1.03519 0.941083
100 pop2 1.04047 0.94588
200 pop1 1.03702 0.942742
200 pop2 1.02858 0.93507
300 pop1 1.03088 0.937165
300 pop2 1.02912 0.935563
400 pop1 1.03368 0.939707
400 pop2 1.03329 0.939354
500 pop1 1.03695 0.942679
500 pop2 1.03065 0.936953
600 pop1 1.03586 0.941694
600 pop2 1.03013 0.936478
700 pop1 1.03583 0.941668
700 pop2 1.03469 0.940628
800 pop1 1.02964 0.936036
800 pop2 1.03098 0.937257
900 pop1 1.03506 0.940964
900 pop2 1.03208 0.938256
1000 pop1 1.03463 0.940576
1000 pop2 1.03671 0.942465
1100 pop1 1.05909 0.962807
1100 pop2 1.05365 0.957868
1200 pop1 1.05459 0.958716
1200 pop2 1.06273 0.966116
1300 pop1 1.05249 0.956813
1300 pop2 1.0662 0.969273
1400 pop1 1.05175 0.956133
1400 pop2 1.06816 0.971054
1500 pop1 1.04605 0.950953
1500 pop2 1.06893 0.971757
1600 pop1 1.04434 0.949403
1600 pop2 1.07155 0.974134
1700 pop1 1.04492 0.949923
1700 pop2 1.0689 0.971726
1800 pop1 1.05055 0.955043
1800 pop2 1.07076 0.973422
1900 pop1 1.05185 0.956229
1900 pop2 1.06574 0.968853
2000 pop1 1.05011 0.954648
2000 pop2 1.06505 0.968231
2100 pop1 1.05388 0.958069
2100 pop2 1.06309 0.966449
2200 pop1 1.05234 0.956673
2200 pop2 1.06877 0.971611
2300 pop1 1.05933 0.963028
2300 pop2 1.06339 0.966717
2400 pop1 1.05655 0.960498
2400 pop2 1.0623 0.965731
2500 pop1 1.06434 0.967584
2500 pop2 1.05848 0.962258
2600 pop1 1.06241 0.965823
2600 pop2 1.05998 0.963616
2700 pop1 1.06411 0.967375
2700 pop2 1.06078 0.964344
2800 pop1 1.06389 0.967172
2800 pop2 1.06137 0.964884
2900 pop1 1.05882 0.962562
2900 pop2 1.06293 0.966299
3000 pop1 1.06212 0.965564
3000 pop2 1.06375 0.967049
3100 pop1 1.06286 0.966235
3100 pop2 1.05561 0.959647
3200 pop1 1.06539 0.968535
3200 pop2 1.05555 0.959594
3300 pop1 1.06608 0.969161
3300 pop2 1.05736 0.961237
3400 pop1 1.06421 0.967466
3400 pop2 1.05929 0.96299
3500 pop1 1.05726 0.961145
3500 pop2 1.06273 0.96612
3600 pop1 1.06231 0.965741
3600 pop2 1.05887 0.962613
3700 pop1 1.06678 0.969796
3700 pop2 1.05947 0.963155
3800 pop1 1.06391 0.967194
3800 pop2 1.05684 0.960767
3900 pop1 1.0668 0.969821
3900 pop2 1.05634 0.960305
4000 pop1 1.06254 0.965947
4000 pop2 1.05837 0.962158
4100 pop1 1.05918 0.962888
4100 pop2 1.06252 0.965931
4200 pop1 1.06049 0.964086
4200 pop2 1.06356 0.966875
4300 pop1 1.06157 0.96506
4300 pop2 1.06254 0.965942
4400 pop1 1.0636 0.966908
4400 pop2 1.05831 0.962096
4500 pop1 1.06164 0.965131
4500 pop2 1.05871 0.962461
4600 pop1 1.06078 0.96435
4600 pop2 1.06137 0.964884
4700 pop1 1.05408 0.958252
4700 pop2 1.06596 0.969051
4800 pop1 1.05502 0.959106
4800 pop2 1.07041 0.973097
4900 pop1 1.06035 0.963951
4900 pop2 1.06531 0.968468
5000 pop1 1.06582 0.968923
5000 pop2 1.05592 0.959931
