1 pop1 1.0 0.980392
1 pop2 1.0 0.980392
100 pop1 1.00004 0.980429
100 pop2 1.00135 0.981716
200 pop1 1.00161 0.981968
200 pop2 0.999213 0.979621
300 pop1 0.99867 0.979088
300 pop2 1.00242 0.982761
400 pop1 0.998534 0.978954
400 pop2 1.00303 0.983358
500 pop1 1.00113 0.981501
500 pop2 1.00082 0.981196
600 pop1 1.00194 0.982294
600 pop2 0.999747 0.980144
700 pop1 1.00396 0.984276
700 pop2 0.997223 0.97767
800 pop1 1.00516 0.985453
800 pop2 0.995424 0.975906
900 pop1 1.00136 0.981721
900 pop2 0.999834 0.980229
1000 pop1 0.999219 0.979626
1000 pop2 1.00233 0.982672
1100 pop1 1.00865 0.988875
1100 pop2 0.994686 0.975182
1200 pop1 1.01273 0.992868
1200 pop2 0.994764 0.975259
1300 pop1 1.01677 0.996837
1300 pop2 0.99325 0.973775
1400 pop1 1.01865 0.998676
1400 pop2 0.993809 0.974322
1500 pop1 1.01964 0.999646
1500 pop2 0.994746 0.975241
1600 pop1 1.01967 0.999676
1600 pop2 0.995047 0.975537
1700 pop1 1.01976 0.999769
1700 pop2 0.996032 0.976502
1800 pop1 1.02011 1.00011
1800 pop2 0.996725 0.977181
1900 pop1 1.02011 1.00011
1900 pop2 0.997159 0.977607
2000 pop1 1.0201 1.0001
2000 pop2 0.998603 0.979023
2100 pop1 1.0201 1.0001
2100 pop2 0.998635 0.979054
2200 pop1 1.0201 1.0001
2200 pop2 0.999138 0.979547
2300 pop1 1.0201 1.0001
2300 pop2 0.999541 0.979942
2400 pop1 1.0201 1.0001
2400 pop2 0.999689 0.980087
2500 pop1 1.0201 1.0001
2500 pop2 0.999964 0.980357
2600 pop1 1.0201 1.0001
2600 pop2 1.0 0.980392
2700 pop1 1.0201 1.0001
2700 pop2 1.0 0.980392
2800 pop1 1.0201 1.0001
2800 pop2 1.0 0.980392
2900 pop1 1.0201 1.0001
2900 pop2 1.0 0.980392
3000 pop1 1.0201 1.0001
3000 pop2 1.0 0.980392
3100 pop1 1.0201 1.0001
3100 pop2 1.0 0.980392
3200 pop1 1.0201 1.0001
3200 pop2 1.0 0.980392
3300 pop1 1.0201 1.0001
3300 pop2 1.0 0.980392
3400 pop1 1.0201 1.0001
3400 pop2 1.0 0.980392
3500 pop1 1.0201 1.0001
3500 pop2 1.0 0.980392
3600 pop1 1.0201 1.0001
3600 pop2 1.0 0.980392
3700 pop1 1.0201 1.0001
3700 pop2 1.0 0.980392
3800 pop1 1.0201 1.0001
3800 pop2 1.0 0.980392
3900 pop1 1.0201 1.0001
3900 pop2 1.0 0.980392
4000 pop1 1.0201 1.0001
4000 pop2 1.0 0.980392
4100 pop1 1.0201 1.0001
4100 pop2 1.0 0.980392
4200 pop1 1.0201 1.0001
4200 pop2 1.0 0.980392
4300 pop1 1.0201 1.0001
4300 pop2 1.0 0.980392
4400 pop1 1.0201 1.0001
4400 pop2 1.0 0.980392
4500 pop1 1.0201 1.0001
4500 pop2 1.0 0.980392
4600 pop1 1.0201 1.0001
4600 pop2 1.0 0.980392
4700 pop1 1.0201 1.0001
4700 pop2 1.0 0.980392
4800 pop1 1.0201 1.0001
4800 pop2 1.0 0.980392
4900 pop1 1.0201 1.0001
4900 pop2 1.0 0.980392
5000 pop1 1.0201 1.0001
5000 pop2 1.0 0.980392
