1 pop1 1.0 0.980392
1 pop2 1.0 0.980392
100 pop1 1.0038 0.984122
100 pop2 1.00634 0.986609
200 pop1 1.00713 0.987385
200 pop2 1.00393 0.98425
300 pop1 1.00439 0.984696
300 pop2 1.00428 0.984593
400 pop1 1.00455 0.984851
400 pop2 1.00561 0.985892
500 pop1 1.00502 0.985314
500 pop2 1.00514 0.985434
600 pop1 1.00546 0.985748
600 pop2 1.00464 0.984939
700 pop1 1.00755 0.987791
700 pop2 1.00436 0.984671
800 pop1 1.00654 0.986803
800 pop2 1.00411 0.98442
900 pop1 1.0056 0.985886
900 pop2 1.00596 0.986237
1000 pop1 1.00655 0.986817
1000 pop2 1.00453 0.984832
1100 pop1 1.01154 0.991702
1100 pop2 1.00214 0.982492
1200 pop1 1.01095 0.991127
1200 pop2 1.00712 0.987377
1300 pop1 1.01019 0.990381
1300 pop2 1.0105 0.990683
1400 pop1 1.01171 0.99187
1400 pop2 1.01182 0.991978
1500 pop1 1.01019 0.990378
1500 pop2 1.01249 0.99264
1600 pop1 1.00914 0.989355
1600 pop2 1.01305 0.993184
1700 pop1 1.00806 0.988296
1700 pop2 1.01599 0.99607
1800 pop1 1.00954 0.989748
1800 pop2 1.01535 0.995438
1900 pop1 1.00946 0.989662
1900 pop2 1.01401 0.99413
2000 pop1 1.00999 0.990185
2000 pop2 1.01389 0.994008
2100 pop1 1.01 0.990191
2100 pop2 1.01462 0.994729
2200 pop1 1.00976 0.989956
2200 pop2 1.0147 0.994806
2300 pop1 1.00971 0.98991
2300 pop2 1.0133 0.993427
2400 pop1 1.0098 0.989997
2400 pop2 1.01514 0.995234
2500 pop1 1.01034 0.990527
2500 pop2 1.01408 0.994198
2600 pop1 1.00965 0.989856
2600 pop2 1.01291 0.993049
2700 pop1 1.01055 0.990732
2700 pop2 1.01342 0.993546
2800 pop1 1.01014 0.990334
2800 pop2 1.01259 0.992734
2900 pop1 1.01002 0.990219
2900 pop2 1.01369 0.993818
3000 pop1 1.00907 0.989287
3000 pop2 1.01396 0.994079
3100 pop1 1.01116 0.991337
3100 pop2 1.01366 0.993782
3200 pop1 1.0118 0.991957
3200 pop2 1.01195 0.992111
3300 pop1 1.0143 0.994411
3300 pop2 1.01194 0.992097
3400 pop1 1.01195 0.992107
3400 pop2 1.01204 0.9922
3500 pop1 1.01073 0.990908
3500 pop2 1.01479 0.994891
3600 pop1 1.01139 0.99156
3600 pop2 1.01271 0.992851
3700 pop1 1.01161 0.991775
3700 pop2 1.0133 0.993435
3800 pop1 1.01194 0.992097
3800 pop2 1.01293 0.993069
3900 pop1 1.0106 0.990788
3900 pop2 1.01506 0.995158
4000 pop1 1.01181 0.991973
4000 pop2 1.01347 0.993596
4100 pop1 1.01272 0.99286
4100 pop2 1.01178 0.991942
4200 pop1 1.01342 0.993544
4200 pop2 1.01186 0.992023
4300 pop1 1.01121 0.991384
4300 pop2 1.01368 0.993801
4400 pop1 1.01334 0.993469
4400 pop2 1.01194 0.992094
4500 pop1 1.01348 0.993611
4500 pop2 1.01045 0.990639
4600 pop1 1.0146 0.994702
4600 pop2 1.00824 0.988468
4700 pop1 1.01248 0.992624
4700 pop2 1.01282 0.992957
4800 pop1 1.01301 0.993148
4800 pop2 1.01354 0.993671
4900 pop1 1.01171 0.991872
4900 pop2 1.01357 0.993698
5000 pop1 1.01139 0.991554
5000 pop2 1.0139 0.994022
