1 pop1 1.0 0.980392
1 pop2 1.0 0.980392
100 pop1 1.00355 0.983877
100 pop2 0.999773 0.980169
200 pop1 0.999599 0.979999
200 pop2 1.00308 0.983407
300 pop1 1.00214 0.982494
300 pop2 0.999812 0.980207
400 pop1 1.00074 0.98112
400 pop2 1.0035 0.983827
500 pop1 0.999013 0.979424
500 pop2 1.00492 0.985217
600 pop1 0.998085 0.978515
600 pop2 1.00498 0.985273
700 pop1 0.999349 0.979754
700 pop2 1.0039 0.984218
800 pop1 0.998125 0.978554
800 pop2 1.00533 0.98562
900 pop1 0.998723 0.97914
900 pop2 1.00489 0.985186
1000 pop1 1.00092 0.981289
1000 pop2 1.00486 0.985153
1100 pop1 1.0068 0.987062
1100 pop2 0.996804 0.977259
1200 pop1 1.01115 0.991328
1200 pop2 0.996624 0.977082
1300 pop1 1.0159 0.995981
1300 pop2 0.995265 0.97575
1400 pop1 1.01777 0.997814
1400 pop2 0.994886 0.975379
1500 pop1 1.01832 0.99835
1500 pop2 0.994565 0.975064
1600 pop1 1.01885 0.998871
1600 pop2 0.994317 0.97482
1700 pop1 1.01942 0.999429
1700 pop2 0.995543 0.976022
1800 pop1 1.01971 0.999712
1800 pop2 0.996952 0.977404
1900 pop1 1.02004 1.00004
1900 pop2 0.996758 0.977214
2000 pop1 1.02003 1.00003
2000 pop2 0.997531 0.977971
2100 pop1 1.02011 1.0001
2100 pop2 0.997829 0.978264
2200 pop1 1.02011 1.0001
2200 pop2 0.998017 0.978448
2300 pop1 1.0201 1.0001
2300 pop2 0.998404 0.978827
2400 pop1 1.0201 1.0001
2400 pop2 0.99909 0.9795
2500 pop1 1.0201 1.0001
2500 pop2 0.999106 0.979516
2600 pop1 1.0201 1.0001
2600 pop2 0.999689 0.980087
2700 pop1 1.0201 1.0001
2700 pop2 0.999984 0.980376
2800 pop1 1.0201 1.0001
2800 pop2 1.0 0.980392
2900 pop1 1.0201 1.0001
2900 pop2 1.0 0.980392
3000 pop1 1.0201 1.0001
3000 pop2 1.0 0.980392
3100 pop1 1.0201 1.0001
3100 pop2 1.0 0.980392
3200 pop1 1.0201 1.0001
3200 pop2 1.0 0.980392
3300 pop1 1.0201 1.0001
3300 pop2 1.0 0.980392
3400 pop1 1.0201 1.0001
3400 pop2 1.0 0.980392
3500 pop1 1.0201 1.0001
3500 pop2 1.0 0.980392
3600 pop1 1.0201 1.0001
3600 pop2 1.0 0.980392
3700 pop1 1.0201 1.0001
3700 pop2 1.0 0.980392
3800 pop1 1.0201 1.0001
3800 pop2 1.0 0.980392
3900 pop1 1.0201 1.0001
3900 pop2 1.0 0.980392
4000 pop1 1.0201 1.0001
4000 pop2 1.0 0.980392
4100 pop1 1.0201 1.0001
4100 pop2 1.0 0.980392
4200 pop1 1.0201 1.0001
4200 pop2 1.0 0.980392
4300 pop1 1.0201 1.0001
4300 pop2 1.0 0.980392
4400 pop1 1.0201 1.0001
4400 pop2 1.0 0.980392
4500 pop1 1.0201 1.0001
4500 pop2 1.0 0.980392
4600 pop1 1.0201 1.0001
4600 pop2 1.0 0.980392
4700 pop1 1.0201 1.0001
4700 pop2 1.0 0.980392
4800 pop1 1.0201 1.0001
4800 pop2 1.0 0.980392
4900 pop1 1.0201 1.0001
4900 pop2 1.0 0.980392
5000 pop1 1.0201 1.0001
5000 pop2 1.0 0.980392
