1 pop1 1.0 0.833333
1 pop2 1.0 0.833333
100 pop1 1.19475 0.995628
100 pop2 1.19489 0.995741
200 pop1 1.18994 0.991614
200 pop2 1.18668 0.988896
300 pop1 1.19642 0.997019
300 pop2 1.18834 0.990286
400 pop1 1.19417 0.995139
400 pop2 1.18819 0.990155
500 pop1 1.18664 0.988865
500 pop2 1.19428 0.995231
600 pop1 1.19312 0.994265
600 pop2 1.1894 0.991166
700 pop1 1.19403 0.995025
700 pop2 1.18735 0.989455
800 pop1 1.19214 0.993447
800 pop2 1.19283 0.994027
900 pop1 1.19019 0.991824
900 pop2 1.19227 0.993557
1000 pop1 1.19684 0.997368
1000 pop2 1.18997 0.991644
1100 pop1 1.19517 0.995979
1100 pop2 1.19165 0.993038
1200 pop1 1.19262 0.993851
1200 pop2 1.1956 0.996335
1300 pop1 1.18988 0.991568
1300 pop2 1.19384 0.994865
1400 pop1 1.19164 0.99303
1400 pop2 1.1938 0.994829
1500 pop1 1.18961 0.991345
1500 pop2 1.19351 0.994591
1600 pop1 1.19092 0.992436
1600 pop2 1.19377 0.994812
1700 pop1 1.19297 0.994141
1700 pop2 1.19288 0.994063
1800 pop1 1.19239 0.99366
1800 pop2 1.18996 0.991629
1900 pop1 1.18835 0.990295
1900 pop2 1.19216 0.993469
2000 pop1 1.19436 0.995304
2000 pop2 1.18728 0.989401
2100 pop1 1.19609 0.996738
2100 pop2 1.18819 0.990162
2200 pop1 1.19525 0.996041
2200 pop2 1.18813 0.990107
2300 pop1 1.19065 0.992206
2300 pop2 1.19558 0.996313
2400 pop1 1.19314 0.994283
2400 pop2 1.19435 0.995288
2500 pop1 1.19378 0.994819
2500 pop2 1.18814 0.990119
2600 pop1 1.19001 0.991675
2600 pop2 1.19414 0.995118
2700 pop1 1.19399 0.994993
2700 pop2 1.19408 0.995066
2800 pop1 1.19641 0.997006
2800 pop2 1.19203 0.993356
2900 pop1 1.19486 0.995715
2900 pop2 1.19769 0.998077
3000 pop1 1.1913 0.992752
3000 pop2 1.1945 0.995418
3100 pop1 1.19229 0.993573
3100 pop2 1.19135 0.992795
3200 pop1 1.19096 0.992469
3200 pop2 1.19244 0.993701
3300 pop1 1.18953 0.991278
3300 pop2 1.19367 0.994726
3400 pop1 1.19087 0.992392
3400 pop2 1.1926 0.993833
3500 pop1 1.19299 0.994157
3500 pop2 1.18827 0.990228
3600 pop1 1.19106 0.992554
3600 pop2 1.19224 0.99353
3700 pop1 1.19603 0.996688
3700 pop2 1.19438 0.995313
3800 pop1 1.1895 0.991254
3800 pop2 1.19023 0.991858
3900 pop1 1.1916 0.992999
3900 pop2 1.18976 0.991467
4000 pop1 1.18993 0.991611
4000 pop2 1.18836 0.990301
4100 pop1 1.19242 0.993684
4100 pop2 1.19135 0.992795
4200 pop1 1.19056 0.992133
4200 pop2 1.19208 0.993396
4300 pop1 1.19124 0.992698
4300 pop2 1.19536 0.996132
4400 pop1 1.19064 0.992202
4400 pop2 1.19276 0.993969
4500 pop1 1.19811 0.998427
4500 pop2 1.19208 0.993398
4600 pop1 1.19228 0.993565
4600 pop2 1.18857 0.990479
4700 pop1 1.19073 0.992276
4700 pop2 1.1895 0.991251
4800 pop1 1.19312 0.994271
4800 pop2 1.19288 0.994068
4900 pop1 1.19214 0.993453
4900 pop2 1.19402 0.99502
5000 pop1 1.19172 0.993102
5000 pop2 1.18728 0.989397
