1 pop1 1.0 0.909091
1 pop2 1.0 0.909091
100 pop1 1.0376 0.943269
100 pop2 1.03795 0.943589
200 pop1 1.0309 0.93718
200 pop2 1.03892 0.944472
300 pop1 1.02599 0.932721
300 pop2 1.03875 0.944314
400 pop1 1.0391 0.944639
400 pop2 1.03054 0.936854
500 pop1 1.03862 0.944197
500 pop2 1.03532 0.941196
600 pop1 1.02851 0.935012
600 pop2 1.03621 0.942012
700 pop1 1.02868 0.935166
700 pop2 1.03842 0.944015
800 pop1 1.03278 0.938892
800 pop2 1.0355 0.941368
900 pop1 1.03333 0.93939
900 pop2 1.03773 0.943388
1000 pop1 1.03269 0.938809
1000 pop2 1.03144 0.937676
1100 pop1 1.06734 0.970312
1100 pop2 1.04362 0.948743
1200 pop1 1.05783 0.96166
1200 pop2 1.06063 0.964208
1300 pop1 1.05548 0.959526
1300 pop2 1.06544 0.968578
1400 pop1 1.05223 0.956573
1400 pop2 1.06908 0.97189
1500 pop1 1.05168 0.956073
1500 pop2 1.06845 0.971319
1600 pop1 1.06072 0.96429
1600 pop2 1.06252 0.965928
1700 pop1 1.0598 0.963453
1700 pop2 1.06318 0.966524
1800 pop1 1.06237 0.96579
1800 pop2 1.05757 0.961426
1900 pop1 1.0685 0.971365
1900 pop2 1.05651 0.960464
2000 pop1 1.06921 0.972013
2000 pop2 1.05405 0.95823
2100 pop1 1.06046 0.964056
2100 pop2 1.06371 0.967005
2200 pop1 1.05908 0.962796
2200 pop2 1.06211 0.965554
2300 pop1 1.06395 0.967226
2300 pop2 1.056 0.960001
2400 pop1 1.0628 0.966181
2400 pop2 1.05769 0.961533
2500 pop1 1.06635 0.969413
2500 pop2 1.05319 0.957449
2600 pop1 1.0622 0.965637
2600 pop2 1.06356 0.966872
2700 pop1 1.06715 0.970135
2700 pop2 1.05736 0.961232
2800 pop1 1.0571 0.960997
2800 pop2 1.06227 0.965696
2900 pop1 1.06034 0.963941
2900 pop2 1.06342 0.966746
3000 pop1 1.06011 0.963738
3000 pop2 1.06418 0.967441
3100 pop1 1.0627 0.966094
3100 pop2 1.06224 0.965673
3200 pop1 1.06273 0.966119
3200 pop2 1.05884 0.962585
3300 pop1 1.06657 0.969608
3300 pop2 1.05525 0.959319
3400 pop1 1.06566 0.968785
3400 pop2 1.05743 0.961303
3500 pop1 1.05883 0.962572
3500 pop2 1.06037 0.963971
3600 pop1 1.06146 0.964967
3600 pop2 1.058 0.961815
3700 pop1 1.06569 0.968808
3700 pop2 1.0597 0.963364
3800 pop1 1.06301 0.966369
3800 pop2 1.06052 0.96411
3900 pop1 1.06507 0.968249
3900 pop2 1.05889 0.962629
4000 pop1 1.05876 0.962506
4000 pop2 1.06139 0.964902
4100 pop1 1.05822 0.962015
4100 pop2 1.06107 0.96461
4200 pop1 1.05808 0.961888
4200 pop2 1.06045 0.964045
4300 pop1 1.0616 0.965087
4300 pop2 1.06507 0.968244
4400 pop1 1.05946 0.963147
4400 pop2 1.06345 0.966777
4500 pop1 1.06548 0.968617
4500 pop2 1.05825 0.962041
4600 pop1 1.06545 0.968592
4600 pop2 1.05751 0.961372
4700 pop1 1.06684 0.969853
4700 pop2 1.05668 0.960618
4800 pop1 1.06358 0.966886
4800 pop2 1.05695 0.960859
4900 pop1 1.05555 0.959589
4900 pop2 1.06611 0.969192
5000 pop1 1.06305 0.966413
5000 pop2 1.05868 0.962438
