1 pop1 1.0 0.909091
1 pop2 1.0 0.909091
100 pop1 1.08252 0.984113
100 pop2 1.08269 0.984262
200 pop1 1.08681 0.988005
200 pop2 1.08088 0.982622
300 pop1 1.08376 0.985232
300 pop2 1.08467 0.986066
400 pop1 1.085 0.986367
400 pop2 1.08148 0.983163
500 pop1 1.07786 0.979869
500 pop2 1.0825 0.984088
600 pop1 1.08251 0.984098
600 pop2 1.0834 0.984907
700 pop1 1.08645 0.987682
700 pop2 1.08652 0.987748
800 pop1 1.08188 0.983523
800 pop2 1.08239 0.983991
900 pop1 1.08559 0.986902
900 pop2 1.07997 0.981792
1000 pop1 1.07788 0.979889
1000 pop2 1.08697 0.988154
1100 pop1 1.08835 0.989408
1100 pop2 1.07233 0.974844
1200 pop1 1.08504 0.986402
1200 pop2 1.08425 0.985678
1300 pop1 1.08879 0.989806
1300 pop2 1.08372 0.985201
1400 pop1 1.08205 0.98368
1400 pop2 1.08645 0.987678
1500 pop1 1.08856 0.989602
1500 pop2 1.08412 0.985564
1600 pop1 1.08272 0.984295
1600 pop2 1.08537 0.986701
1700 pop1 1.08095 0.982683
1700 pop2 1.08647 0.987701
1800 pop1 1.08428 0.985705
1800 pop2 1.08235 0.983957
1900 pop1 1.08598 0.987257
1900 pop2 1.08638 0.98762
2000 pop1 1.08151 0.983192
2000 pop2 1.0872 0.988366
2100 pop1 1.08278 0.984342
2100 pop2 1.08862 0.989654
2200 pop1 1.08379 0.985265
2200 pop2 1.08909 0.990077
2300 pop1 1.08316 0.984687
2300 pop2 1.08549 0.986807
2400 pop1 1.08266 0.984238
2400 pop2 1.08343 0.984935
2500 pop1 1.08338 0.984889
2500 pop2 1.08488 0.986254
2600 pop1 1.08679 0.987989
2600 pop2 1.08513 0.986485
2700 pop1 1.08696 0.988147
2700 pop2 1.0827 0.98427
2800 pop1 1.0863 0.98755
2800 pop2 1.08485 0.986226
2900 pop1 1.08919 0.990171
2900 pop2 1.083 0.984544
3000 pop1 1.08986 0.990786
3000 pop2 1.0859 0.987185
3100 pop1 1.08652 0.987748
3100 pop2 1.08283 0.984387
3200 pop1 1.08382 0.985289
3200 pop2 1.08813 0.989207
3300 pop1 1.08292 0.984471
3300 pop2 1.08624 0.987489
3400 pop1 1.08392 0.985379
3400 pop2 1.08643 0.987662
3500 pop1 1.08506 0.986418
3500 pop2 1.08534 0.986672
3600 pop1 1.08376 0.985232
3600 pop2 1.0855 0.986815
3700 pop1 1.08667 0.987882
3700 pop2 1.08758 0.988712
3800 pop1 1.08707 0.988248
3800 pop2 1.08302 0.984566
3900 pop1 1.08675 0.987952
3900 pop2 1.08463 0.98603
4000 pop1 1.08885 0.989862
4000 pop2 1.08252 0.984112
4100 pop1 1.08302 0.984563
4100 pop2 1.08641 0.987645
4200 pop1 1.08592 0.987201
4200 pop2 1.08335 0.984863
4300 pop1 1.08663 0.987848
4300 pop2 1.08335 0.984867
4400 pop1 1.08411 0.985559
4400 pop2 1.08482 0.9862
4500 pop1 1.08632 0.987566
4500 pop2 1.08623 0.987486
4600 pop1 1.08555 0.986867
4600 pop2 1.08331 0.98483
4700 pop1 1.08393 0.985386
4700 pop2 1.08547 0.986794
4800 pop1 1.088 0.989087
4800 pop2 1.08631 0.987553
4900 pop1 1.08832 0.989386
4900 pop2 1.08434 0.985763
5000 pop1 1.08318 0.984712
5000 pop2 1.08606 0.987324
