1 pop1 1.0 0.833333
1 pop2 1.0 0.833333
100 pop1 1.19333 0.994439
100 pop2 1.19152 0.99293
200 pop1 1.1887 0.990586
200 pop2 1.18787 0.98989
300 pop1 1.19082 0.992347
300 pop2 1.19356 0.994635
400 pop1 1.19123 0.992693
400 pop2 1.19029 0.99191
500 pop1 1.19051 0.992095
500 pop2 1.18562 0.988015
600 pop1 1.18843 0.990362
600 pop2 1.19057 0.992139
700 pop1 1.19165 0.993045
700 pop2 1.19155 0.992962
800 pop1 1.18758 0.989646
800 pop2 1.1875 0.989586
900 pop1 1.19079 0.992325
900 pop2 1.18934 0.991114
1000 pop1 1.1906 0.992164
1000 pop2 1.19407 0.995061
1100 pop1 1.19176 0.993136
1100 pop2 1.18581 0.988176
1200 pop1 1.19145 0.992874
1200 pop2 1.18856 0.990465
1300 pop1 1.18967 0.991388
1300 pop2 1.19345 0.994541
1400 pop1 1.19288 0.994066
1400 pop2 1.19264 0.99387
1500 pop1 1.18974 0.991448
1500 pop2 1.19317 0.99431
1600 pop1 1.192 0.993337
1600 pop2 1.19495 0.995789
1700 pop1 1.19175 0.993128
1700 pop2 1.19307 0.994224
1800 pop1 1.18989 0.991573
1800 pop2 1.19213 0.993444
1900 pop1 1.19024 0.991868
1900 pop2 1.19106 0.99255
2000 pop1 1.19009 0.991739
2000 pop2 1.19537 0.996144
2100 pop1 1.1956 0.996332
2100 pop2 1.19132 0.99277
2200 pop1 1.18907 0.990893
2200 pop2 1.19629 0.996912
2300 pop1 1.19256 0.993798
2300 pop2 1.19005 0.991707
2400 pop1 1.19024 0.991871
2400 pop2 1.18832 0.990267
2500 pop1 1.18905 0.990876
2500 pop2 1.19406 0.995053
2600 pop1 1.19229 0.993578
2600 pop2 1.18675 0.988958
2700 pop1 1.18626 0.988552
2700 pop2 1.19495 0.995795
2800 pop1 1.18934 0.991113
2800 pop2 1.19191 0.993262
2900 pop1 1.18739 0.989491
2900 pop2 1.19356 0.994635
3000 pop1 1.18856 0.990468
3000 pop2 1.18865 0.990539
3100 pop1 1.19093 0.992444
3100 pop2 1.18934 0.991116
3200 pop1 1.19503 0.99586
3200 pop2 1.1858 0.988165
3300 pop1 1.19368 0.994731
3300 pop2 1.18706 0.989219
3400 pop1 1.19498 0.995815
3400 pop2 1.19113 0.99261
3500 pop1 1.1926 0.993836
3500 pop2 1.19142 0.992851
3600 pop1 1.18869 0.990577
3600 pop2 1.19369 0.994739
3700 pop1 1.19323 0.994361
3700 pop2 1.18857 0.990477
3800 pop1 1.19151 0.992923
3800 pop2 1.19369 0.994738
3900 pop1 1.19277 0.993975
3900 pop2 1.19605 0.996706
4000 pop1 1.18454 0.987116
4000 pop2 1.19359 0.994662
4100 pop1 1.19331 0.994426
4100 pop2 1.19113 0.992611
4200 pop1 1.18694 0.989117
4200 pop2 1.19512 0.995935
4300 pop1 1.19525 0.996039
4300 pop2 1.18931 0.991091
4400 pop1 1.18921 0.991009
4400 pop2 1.19441 0.995344
4500 pop1 1.18985 0.991538
4500 pop2 1.19133 0.992776
4600 pop1 1.19192 0.993266
4600 pop2 1.19618 0.996821
4700 pop1 1.19516 0.995964
4700 pop2 1.19386 0.994882
4800 pop1 1.19322 0.994353
4800 pop2 1.18915 0.990958
4900 pop1 1.19332 0.994437
4900 pop2 1.19421 0.995177
5000 pop1 1.19248 0.993737
5000 pop2 1.19006 0.991714
