1 pop1 1.0 0.909091
1 pop2 1.0 0.909091
100 pop1 1.08456 0.985967
100 pop2 1.08477 0.986159
200 pop1 1.08658 0.987799
200 pop2 1.08349 0.984993
300 pop1 1.0828 0.984361
300 pop2 1.08722 0.988378
400 pop1 1.0862 0.987455
400 pop2 1.08137 0.983066
500 pop1 1.08129 0.982987
500 pop2 1.08789 0.988995
600 pop1 1.08264 0.984215
600 pop2 1.08653 0.987756
700 pop1 1.08263 0.984212
700 pop2 1.08541 0.986737
800 pop1 1.08099 0.982718
800 pop2 1.08443 0.985848
900 pop1 1.08393 0.985395
900 pop2 1.0834 0.984907
1000 pop1 1.08359 0.985081
1000 pop2 1.08672 0.987926
1100 pop1 1.09462 0.995108
1100 pop2 0.996781 0.906164
1200 pop1 1.09974 0.999768
1200 pop2 0.99447 0.904064
1300 pop1 1.10011 1.0001
1300 pop2 0.998677 0.907888
1400 pop1 1.10221 1.00201
1400 pop2 0.999151 0.908319
1500 pop1 1.10239 1.00217
1500 pop2 0.99998 0.909073
1600 pop1 1.10238 1.00216
1600 pop2 1.0 0.909091
1700 pop1 1.10242 1.0022
1700 pop2 1.0 0.909091
1800 pop1 1.1025 1.00227
1800 pop2 1.0 0.909091
1900 pop1 1.1025 1.00227
1900 pop2 1.0 0.909091
2000 pop1 1.1025 1.00227
2000 pop2 1.0 0.909091
2100 pop1 1.1025 1.00227
2100 pop2 1.0 0.909091
2200 pop1 1.1025 1.00227
2200 pop2 1.0 0.909091
2300 pop1 1.1025 1.00227
2300 pop2 1.0 0.909091
2400 pop1 1.1025 1.00227
2400 pop2 1.0 0.909091
2500 pop1 1.1025 1.00227
2500 pop2 1.0 0.909091
2600 pop1 1.1025 1.00227
2600 pop2 1.0 0.909091
2700 pop1 1.1025 1.00227
2700 pop2 1.0 0.909091
2800 pop1 1.1025 1.00227
2800 pop2 1.0 0.909091
2900 pop1 1.1025 1.00227
2900 pop2 1.0 0.909091
3000 pop1 1.1025 1.00227
3000 pop2 1.0 0.909091
3100 pop1 1.1025 1.00227
3100 pop2 1.0 0.909091
3200 pop1 1.1025 1.00227
3200 pop2 1.0 0.909091
3300 pop1 1.1025 1.00227
3300 pop2 1.0 0.909091
3400 pop1 1.1025 1.00227
3400 pop2 1.0 0.909091
3500 pop1 1.1025 1.00227
3500 pop2 1.0 0.909091
3600 pop1 1.1025 1.00227
3600 pop2 1.0 0.909091
3700 pop1 1.1025 1.00227
3700 pop2 1.0 0.909091
3800 pop1 1.1025 1.00227
3800 pop2 1.0 0.909091
3900 pop1 1.1025 1.00227
3900 pop2 1.0 0.909091
4000 pop1 1.1025 1.00227
4000 pop2 1.0 0.909091
4100 pop1 1.1025 1.00227
4100 pop2 1.0 0.909091
4200 pop1 1.1025 1.00227
4200 pop2 1.0 0.909091
4300 pop1 1.1025 1.00227
4300 pop2 1.0 0.909091
4400 pop1 1.1025 1.00227
4400 pop2 1.0 0.909091
4500 pop1 1.1025 1.00227
4500 pop2 1.0 0.909091
4600 pop1 1.1025 1.00227
4600 pop2 1.0 0.909091
4700 pop1 1.1025 1.00227
4700 pop2 1.0 0.909091
4800 pop1 1.1025 1.00227
4800 pop2 1.0 0.909091
4900 pop1 1.1025 1.00227
4900 pop2 1.0 0.909091
5000 pop1 1.1025 1.00227
5000 pop2 1.0 0.909091
