1 pop1 1.0 0.833333
1 pop2 1.0 0.833333
100 pop1 1.19126 0.992716
100 pop2 1.19188 0.993234
200 pop1 1.18879 0.990657
200 pop2 1.19115 0.992625
300 pop1 1.18992 0.991598
300 pop2 1.19429 0.995242
400 pop1 1.19411 0.995096
400 pop2 1.1909 0.992419
500 pop1 1.19196 0.993299
500 pop2 1.19136 0.992796
600 pop1 1.18849 0.99041
600 pop2 1.18887 0.990724
700 pop1 1.19344 0.994536
700 pop2 1.19366 0.994717
800 pop1 1.18896 0.990798
800 pop2 1.1931 0.994254
900 pop1 1.18958 0.991313
900 pop2 1.19392 0.994931
1000 pop1 1.18941 0.991176
1000 pop2 1.19116 0.992636
1100 pop1 1.19361 0.994674
1100 pop2 1.18992 0.9916
1200 pop1 1.1923 0.993587
1200 pop2 1.18835 0.990292
1300 pop1 1.18741 0.989507
1300 pop2 1.1879 0.989915
1400 pop1 1.19285 0.99404
1400 pop2 1.19042 0.992017
1500 pop1 1.19056 0.992133
1500 pop2 1.18984 0.991533
1600 pop1 1.18638 0.988652
1600 pop2 1.19158 0.992984
1700 pop1 1.18913 0.990939
1700 pop2 1.18818 0.990146
1800 pop1 1.19401 0.995005
1800 pop2 1.18884 0.990701
1900 pop1 1.19133 0.992772
1900 pop2 1.18813 0.99011
2000 pop1 1.1903 0.99192
2000 pop2 1.18926 0.991048
2100 pop1 1.18929 0.991078
2100 pop2 1.19034 0.99195
2200 pop1 1.1936 0.994669
2200 pop2 1.19032 0.99193
2300 pop1 1.18944 0.991204
2300 pop2 1.19229 0.993578
2400 pop1 1.19367 0.994725
2400 pop2 1.18772 0.989765
2500 pop1 1.18923 0.991028
2500 pop2 1.19281 0.994009
2600 pop1 1.18907 0.990896
2600 pop2 1.19115 0.992622
2700 pop1 1.19083 0.99236
2700 pop2 1.19233 0.993605
2800 pop1 1.18925 0.991045
2800 pop2 1.1891 0.990916
2900 pop1 1.19363 0.99469
2900 pop2 1.19179 0.993158
3000 pop1 1.18709 0.989241
3000 pop2 1.19036 0.991968
3100 pop1 1.18912 0.990933
3100 pop2 1.19444 0.995366
3200 pop1 1.18892 0.990763
3200 pop2 1.19096 0.992464
3300 pop1 1.19045 0.992043
3300 pop2 1.19187 0.993227
3400 pop1 1.18885 0.990712
3400 pop2 1.18594 0.98828
3500 pop1 1.19045 0.99204
3500 pop2 1.19167 0.99306
3600 pop1 1.19071 0.992257
3600 pop2 1.19074 0.992283
3700 pop1 1.18951 0.991261
3700 pop2 1.18706 0.989214
3800 pop1 1.19049 0.992075
3800 pop2 1.19656 0.997132
3900 pop1 1.19559 0.996325
3900 pop2 1.19175 0.993122
4000 pop1 1.18999 0.991662
4000 pop2 1.18877 0.990639
4100 pop1 1.192 0.993334
4100 pop2 1.19251 0.993758
4200 pop1 1.18935 0.991122
4200 pop2 1.19316 0.994301
4300 pop1 1.18647 0.988721
4300 pop2 1.18994 0.991616
4400 pop1 1.18989 0.991579
4400 pop2 1.19398 0.994985
4500 pop1 1.18658 0.98882
4500 pop2 1.19281 0.994008
4600 pop1 1.19206 0.993386
4600 pop2 1.19223 0.993524
4700 pop1 1.19001 0.991677
4700 pop2 1.18841 0.990338
4800 pop1 1.18913 0.990941
4800 pop2 1.18869 0.990572
4900 pop1 1.19248 0.993735
4900 pop2 1.18824 0.990197
5000 pop1 1.19327 0.994391
5000 pop2 1.19207 0.993394
