1 pop1 1.0 0.909091
1 pop2 1.0 0.909091
100 pop1 1.00777 0.916154
100 pop2 1.02307 0.930061
200 pop1 1.01936 0.926688
200 pop2 1.01197 0.919976
300 pop1 1.01836 0.925784
300 pop2 1.01295 0.92086
400 pop1 1.01676 0.924324
400 pop2 1.01677 0.924338
500 pop1 1.00199 0.910904
500 pop2 1.02677 0.93343
600 pop1 1.02042 0.927658
600 pop2 1.00958 0.917802
700 pop1 1.01518 0.922891
700 pop2 1.01346 0.921326
800 pop1 1.02173 0.928847
800 pop2 1.01 0.918186
900 pop1 1.02243 0.929483
900 pop2 1.00815 0.916505
1000 pop1 1.01196 0.91996
1000 pop2 1.0144 0.922181
1100 pop1 1.05715 0.961046
1100 pop2 1.03402 0.940021
1200 pop1 1.04109 0.946447
1200 pop2 1.0619 0.965366
1300 pop1 1.03689 0.94263
1300 pop2 1.06726 0.970237
1400 pop1 1.03561 0.941468
1400 pop2 1.07105 0.973678
1500 pop1 1.04318 0.948347
1500 pop2 1.06256 0.965959
1600 pop1 1.0362 0.942
1600 pop2 1.06713 0.970121
1700 pop1 1.04105 0.946413
1700 pop2 1.0649 0.968092
1800 pop1 1.04116 0.946507
1800 pop2 1.06723 0.970205
1900 pop1 1.03378 0.939796
1900 pop2 1.07409 0.976448
2000 pop1 1.03355 0.939587
2000 pop2 1.07527 0.977517
2100 pop1 1.03871 0.944282
2100 pop2 1.06857 0.971429
2200 pop1 1.04005 0.945497
2200 pop2 1.0678 0.970725
2300 pop1 1.03555 0.941405
2300 pop2 1.07477 0.977065
2400 pop1 1.03494 0.940851
2400 pop2 1.07397 0.976341
2500 pop1 1.03503 0.94094
2500 pop2 1.07271 0.975188
2600 pop1 1.04744 0.952214
2600 pop2 1.06394 0.967221
2700 pop1 1.04957 0.954154
2700 pop2 1.061 0.964543
2800 pop1 1.05059 0.955082
2800 pop2 1.06212 0.965566
2900 pop1 1.04326 0.948417
2900 pop2 1.0647 0.96791
3000 pop1 1.04587 0.950793
3000 pop2 1.0655 0.968634
3100 pop1 1.0523 0.95664
3100 pop2 1.05365 0.957861
3200 pop1 1.06393 0.967206
3200 pop2 1.04872 0.95338
3300 pop1 1.06362 0.966928
3300 pop2 1.04625 0.951138
3400 pop1 1.05863 0.962388
3400 pop2 1.05503 0.959118
3500 pop1 1.06094 0.964489
3500 pop2 1.04988 0.954435
3600 pop1 1.05683 0.960754
3600 pop2 1.05327 0.957514
3700 pop1 1.04856 0.953238
3700 pop2 1.06005 0.963678
3800 pop1 1.04988 0.954441
3800 pop2 1.06006 0.963691
3900 pop1 1.05271 0.957007
3900 pop2 1.05997 0.96361
4000 pop1 1.04741 0.952193
4000 pop2 1.06456 0.967783
4100 pop1 1.0451 0.950094
4100 pop2 1.06406 0.967324
4200 pop1 1.05268 0.956978
4200 pop2 1.05706 0.960966
4300 pop1 1.05815 0.961957
4300 pop2 1.05089 0.955354
4400 pop1 1.05567 0.959696
4400 pop2 1.05614 0.960128
4500 pop1 1.05534 0.959404
4500 pop2 1.0562 0.960184
4600 pop1 1.05462 0.958748
4600 pop2 1.05619 0.960173
4700 pop1 1.05879 0.962541
4700 pop2 1.05123 0.955662
4800 pop1 1.06179 0.96526
4800 pop2 1.04907 0.953695
4900 pop1 1.0645 0.96773
4900 pop2 1.04548 0.950434
5000 pop1 1.06056 0.964147
5000 pop2 1.05055 0.955044
