1 pop1 1.0 0.909091
1 pop2 1.0 0.909091
100 pop1 1.07987 0.981698
100 pop2 1.08516 0.986509
200 pop1 1.08195 0.983594
200 pop2 1.08281 0.984375
300 pop1 1.08257 0.984153
300 pop2 1.08338 0.984888
400 pop1 1.08249 0.984079
400 pop2 1.08345 0.984951
500 pop1 1.0838 0.985268
500 pop2 1.08662 0.98784
600 pop1 1.08448 0.985894
600 pop2 1.08419 0.985626
700 pop1 1.08537 0.986698
700 pop2 1.08754 0.988675
800 pop1 1.08483 0.986206
800 pop2 1.08452 0.985929
900 pop1 1.08622 0.987474
900 pop2 1.08062 0.982383
1000 pop1 1.0832 0.984728
1000 pop2 1.08396 0.985419
1100 pop1 1.08925 0.990225
1100 pop2 1.06672 0.969749
1200 pop1 1.08194 0.983581
1200 pop2 1.08576 0.987055
1300 pop1 1.08379 0.985262
1300 pop2 1.08427 0.985697
1400 pop1 1.08149 0.983169
1400 pop2 1.08704 0.988223
1500 pop1 1.08399 0.985445
1500 pop2 1.08719 0.988357
1600 pop1 1.08521 0.98655
1600 pop2 1.0842 0.985641
1700 pop1 1.08686 0.988052
1700 pop2 1.08816 0.98924
1800 pop1 1.08172 0.983386
1800 pop2 1.08699 0.988171
1900 pop1 1.08643 0.98766
1900 pop2 1.0831 0.984636
2000 pop1 1.0839 0.985365
2000 pop2 1.08588 0.987167
2100 pop1 1.08151 0.98319
2100 pop2 1.08483 0.986212
2200 pop1 1.08345 0.98495
2200 pop2 1.08504 0.986397
2300 pop1 1.08699 0.988175
2300 pop2 1.08786 0.98896
2400 pop1 1.08852 0.989561
2400 pop2 1.08867 0.989699
2500 pop1 1.08663 0.987849
2500 pop2 1.08289 0.984442
2600 pop1 1.08652 0.987744
2600 pop2 1.08517 0.986516
2700 pop1 1.08252 0.984114
2700 pop2 1.08504 0.986402
2800 pop1 1.08682 0.988014
2800 pop2 1.08426 0.985687
2900 pop1 1.08361 0.985099
2900 pop2 1.08398 0.985436
3000 pop1 1.08412 0.985562
3000 pop2 1.08524 0.986578
3100 pop1 1.08521 0.986557
3100 pop2 1.08698 0.988162
3200 pop1 1.0876 0.988726
3200 pop2 1.08539 0.986717
3300 pop1 1.08605 0.987316
3300 pop2 1.08933 0.990298
3400 pop1 1.0853 0.986636
3400 pop2 1.08537 0.986697
3500 pop1 1.08994 0.990857
3500 pop2 1.08141 0.983104
3600 pop1 1.08486 0.986239
3600 pop2 1.0853 0.986634
3700 pop1 1.0835 0.985004
3700 pop2 1.08568 0.98698
3800 pop1 1.08522 0.986562
3800 pop2 1.08586 0.987142
3900 pop1 1.08679 0.987991
3900 pop2 1.08327 0.984789
4000 pop1 1.08625 0.987504
4000 pop2 1.08601 0.987283
4100 pop1 1.08444 0.985851
4100 pop2 1.08592 0.987198
4200 pop1 1.08516 0.986506
4200 pop2 1.08441 0.98583
4300 pop1 1.08646 0.987687
4300 pop2 1.08203 0.98366
4400 pop1 1.0851 0.986459
4400 pop2 1.08656 0.987784
4500 pop1 1.08482 0.986202
4500 pop2 1.08592 0.987201
4600 pop1 1.08408 0.985524
4600 pop2 1.08713 0.988299
4700 pop1 1.08389 0.985353
4700 pop2 1.08591 0.987192
4800 pop1 1.0855 0.986817
4800 pop2 1.08626 0.987513
4900 pop1 1.08226 0.983869
4900 pop2 1.08582 0.987111
5000 pop1 1.0834 0.984905
5000 pop2 1.08267 0.984241
