1 pop1 1.0 0.833333
1 pop2 1.0 0.833333
100 pop1 1.06752 0.889599
100 pop2 1.06326 0.886054
200 pop1 1.07522 0.896018
200 pop2 1.07391 0.894925
300 pop1 1.08418 0.903487
300 pop2 1.06936 0.891133
400 pop1 1.08187 0.901557
400 pop2 1.07398 0.894986
500 pop1 1.07093 0.892444
500 pop2 1.06757 0.889638
600 pop1 1.072 0.893331
600 pop2 1.06716 0.889298
700 pop1 1.07628 0.896898
700 pop2 1.05964 0.883037
800 pop1 1.08328 0.902729
800 pop2 1.07103 0.892529
900 pop1 1.06396 0.886629
900 pop2 1.07813 0.898442
1000 pop1 1.06526 0.887714
1000 pop2 1.08127 0.901062
1100 pop1 1.1165 0.930415
1100 pop2 1.11817 0.931811
1200 pop1 1.09791 0.914928
1200 pop2 1.13754 0.947947
1300 pop1 1.09907 0.91589
1300 pop2 1.13277 0.943978
1400 pop1 1.11847 0.932061
1400 pop2 1.13182 0.943179
1500 pop1 1.11083 0.925689
1500 pop2 1.13247 0.943725
1600 pop1 1.12119 0.934328
1600 pop2 1.12557 0.937972
1700 pop1 1.12367 0.936389
1700 pop2 1.12092 0.934096
1800 pop1 1.11902 0.93252
1800 pop2 1.11899 0.93249
1900 pop1 1.12292 0.935766
1900 pop2 1.121 0.93417
2000 pop1 1.12653 0.938774
2000 pop2 1.11906 0.932547
2100 pop1 1.12165 0.934707
2100 pop2 1.12016 0.933471
2200 pop1 1.12282 0.935686
2200 pop2 1.11811 0.931756
2300 pop1 1.12729 0.93941
2300 pop2 1.11307 0.927555
2400 pop1 1.13148 0.942898
2400 pop2 1.11596 0.92997
2500 pop1 1.13226 0.943546
2500 pop2 1.11123 0.926025
2600 pop1 1.12601 0.938345
2600 pop2 1.12242 0.935353
2700 pop1 1.12608 0.938396
2700 pop2 1.11497 0.929142
2800 pop1 1.13096 0.942466
2800 pop2 1.11241 0.927012
2900 pop1 1.12778 0.939814
2900 pop2 1.11454 0.928782
3000 pop1 1.12059 0.933823
3000 pop2 1.12064 0.933867
3100 pop1 1.13149 0.942912
3100 pop2 1.11493 0.929111
3200 pop1 1.12967 0.94139
3200 pop2 1.11197 0.926644
3300 pop1 1.11852 0.932103
3300 pop2 1.12424 0.936867
3400 pop1 1.1271 0.939246
3400 pop2 1.11534 0.929449
3500 pop1 1.13082 0.942348
3500 pop2 1.11256 0.927131
3600 pop1 1.13328 0.944403
3600 pop2 1.11234 0.926952
3700 pop1 1.1107 0.925584
3700 pop2 1.12558 0.937984
3800 pop1 1.12364 0.936366
3800 pop2 1.11818 0.931819
3900 pop1 1.12399 0.936659
3900 pop2 1.12292 0.935763
4000 pop1 1.1196 0.932997
4000 pop2 1.12087 0.934059
4100 pop1 1.12364 0.93637
4100 pop2 1.12117 0.934305
4200 pop1 1.11494 0.92912
4200 pop2 1.13218 0.943484
4300 pop1 1.13409 0.945078
4300 pop2 1.10952 0.924599
4400 pop1 1.13083 0.94236
4400 pop2 1.11463 0.928859
4500 pop1 1.13182 0.943183
4500 pop2 1.11429 0.928576
4600 pop1 1.13207 0.943388
4600 pop2 1.11228 0.926903
4700 pop1 1.1243 0.936916
4700 pop2 1.11715 0.930959
4800 pop1 1.12167 0.934726
4800 pop2 1.11986 0.933216
4900 pop1 1.13378 0.944818
4900 pop2 1.10917 0.924305
5000 pop1 1.12932 0.941103
5000 pop2 1.11261 0.927179
