1 pop1 1.0 0.833333
1 pop2 1.0 0.833333
100 pop1 1.12027 0.933559
100 pop2 1.11828 0.931899
200 pop1 1.12238 0.935318
200 pop2 1.13224 0.943536
300 pop1 1.13205 0.943372
300 pop2 1.12376 0.936469
400 pop1 1.12099 0.934154
400 pop2 1.11872 0.932271
500 pop1 1.12796 0.939963
500 pop2 1.12498 0.937481
600 pop1 1.12693 0.93911
600 pop2 1.1134 0.927837
700 pop1 1.12916 0.940966
700 pop2 1.12162 0.934682
800 pop1 1.11555 0.929621
800 pop2 1.1172 0.930997
900 pop1 1.11378 0.928146
900 pop2 1.12642 0.938686
1000 pop1 1.12343 0.936195
1000 pop2 1.12404 0.936696
1100 pop1 1.13699 0.947491
1100 pop2 1.14164 0.951368
1200 pop1 1.13499 0.945821
1200 pop2 1.14746 0.956216
1300 pop1 1.13748 0.947896
1300 pop2 1.15165 0.959705
1400 pop1 1.12987 0.941559
1400 pop2 1.14715 0.955956
1500 pop1 1.14329 0.952743
1500 pop2 1.14425 0.953544
1600 pop1 1.13793 0.948279
1600 pop2 1.146 0.954997
1700 pop1 1.13628 0.946903
1700 pop2 1.14425 0.953538
1800 pop1 1.13771 0.948094
1800 pop2 1.14799 0.956662
1900 pop1 1.14788 0.956563
1900 pop2 1.14273 0.952273
2000 pop1 1.13771 0.948094
2000 pop2 1.14204 0.951703
2100 pop1 1.14671 0.955591
2100 pop2 1.14357 0.952972
2200 pop1 1.14845 0.957044
2200 pop2 1.13974 0.949786
2300 pop1 1.14286 0.952382
2300 pop2 1.14252 0.952103
2400 pop1 1.14584 0.954868
2400 pop2 1.14234 0.951947
2500 pop1 1.14374 0.953119
2500 pop2 1.14053 0.950446
2600 pop1 1.1452 0.954333
2600 pop2 1.14211 0.95176
2700 pop1 1.13648 0.947071
2700 pop2 1.15283 0.960693
2800 pop1 1.14295 0.952458
2800 pop2 1.1458 0.954829
2900 pop1 1.14541 0.954505
2900 pop2 1.1397 0.949746
3000 pop1 1.13464 0.945533
3000 pop2 1.15425 0.961875
3100 pop1 1.13765 0.948044
3100 pop2 1.14333 0.952773
3200 pop1 1.13835 0.948624
3200 pop2 1.14411 0.953421
3300 pop1 1.14368 0.953063
3300 pop2 1.14453 0.953772
3400 pop1 1.13785 0.948211
3400 pop2 1.13687 0.947388
3500 pop1 1.14808 0.956735
3500 pop2 1.13795 0.94829
3600 pop1 1.1458 0.954832
3600 pop2 1.13609 0.946739
3700 pop1 1.14594 0.954949
3700 pop2 1.14076 0.950635
3800 pop1 1.14448 0.95373
3800 pop2 1.14314 0.952621
3900 pop1 1.13886 0.949053
3900 pop2 1.14287 0.952393
4000 pop1 1.14629 0.955241
4000 pop2 1.13721 0.947671
4100 pop1 1.14832 0.956935
4100 pop2 1.13606 0.946719
4200 pop1 1.1427 0.952248
4200 pop2 1.1409 0.950747
4300 pop1 1.13555 0.946291
4300 pop2 1.14141 0.951178
4400 pop1 1.13876 0.948968
4400 pop2 1.1457 0.954747
4500 pop1 1.14828 0.956899
4500 pop2 1.13713 0.947612
4600 pop1 1.1456 0.954666
4600 pop2 1.14401 0.953344
4700 pop1 1.14864 0.957202
4700 pop2 1.1358 0.946497
4800 pop1 1.14926 0.957719
4800 pop2 1.13812 0.948434
4900 pop1 1.14237 0.951977
4900 pop2 1.14041 0.950343
5000 pop1 1.14309 0.952579
5000 pop2 1.14251 0.952092
