1 pop1 1.0 0.909091
1 pop2 1.0 0.909091
100 pop1 1.01842 0.925838
100 pop2 1.0235 0.930455
200 pop1 1.02663 0.933301
200 pop2 1.01412 0.921925
300 pop1 1.03138 0.937622
300 pop2 1.00658 0.915077
400 pop1 1.02111 0.928286
400 pop2 1.01449 0.922261
500 pop1 1.02117 0.928338
500 pop2 1.01983 0.927118
600 pop1 1.02097 0.928151
600 pop2 1.02241 0.929461
700 pop1 1.02202 0.929113
700 pop2 1.01895 0.926317
800 pop1 1.03078 0.937076
800 pop2 1.00837 0.9167
900 pop1 1.02525 0.932043
900 pop2 1.01804 0.925488
1000 pop1 1.02078 0.92798
1000 pop2 1.01998 0.927259
1100 pop1 1.09442 0.994931
1100 pop2 0.962242 0.874765
1200 pop1 1.101 1.00091
1200 pop2 0.971589 0.883263
1300 pop1 1.10268 1.00244
1300 pop2 0.982407 0.893097
1400 pop1 1.10257 1.00234
1400 pop2 0.99524 0.904764
1500 pop1 1.10251 1.00228
1500 pop2 0.999486 0.908624
1600 pop1 1.1025 1.00227
1600 pop2 1.0 0.909091
1700 pop1 1.1025 1.00227
1700 pop2 1.0 0.909091
1800 pop1 1.1025 1.00227
1800 pop2 1.0 0.909091
1900 pop1 1.1025 1.00227
1900 pop2 1.0 0.909091
2000 pop1 1.1025 1.00227
2000 pop2 1.0 0.909091
2100 pop1 1.1025 1.00227
2100 pop2 1.0 0.909091
2200 pop1 1.1025 1.00227
2200 pop2 1.0 0.909091
2300 pop1 1.1025 1.00227
2300 pop2 1.0 0.909091
2400 pop1 1.1025 1.00227
2400 pop2 1.0 0.909091
2500 pop1 1.1025 1.00227
2500 pop2 1.0 0.909091
2600 pop1 1.1025 1.00227
2600 pop2 1.0 0.909091
2700 pop1 1.1025 1.00227
2700 pop2 1.0 0.909091
2800 pop1 1.1025 1.00227
2800 pop2 1.0 0.909091
2900 pop1 1.1025 1.00227
2900 pop2 1.0 0.909091
3000 pop1 1.1025 1.00227
3000 pop2 1.0 0.909091
3100 pop1 1.1025 1.00227
3100 pop2 1.0 0.909091
3200 pop1 1.1025 1.00227
3200 pop2 1.0 0.909091
3300 pop1 1.1025 1.00227
3300 pop2 1.0 0.909091
3400 pop1 1.1025 1.00227
3400 pop2 1.0 0.909091
3500 pop1 1.1025 1.00227
3500 pop2 1.0 0.909091
3600 pop1 1.1025 1.00227
3600 pop2 1.0 0.909091
3700 pop1 1.1025 1.00227
3700 pop2 1.0 0.909091
3800 pop1 1.1025 1.00227
3800 pop2 1.0 0.909091
3900 pop1 1.1025 1.00227
3900 pop2 1.0 0.909091
4000 pop1 1.1025 1.00227
4000 pop2 1.0 0.909091
4100 pop1 1.1025 1.00227
4100 pop2 1.0 0.909091
4200 pop1 1.1025 1.00227
4200 pop2 1.0 0.909091
4300 pop1 1.1025 1.00227
4300 pop2 1.0 0.909091
4400 pop1 1.1025 1.00227
4400 pop2 1.0 0.909091
4500 pop1 1.1025 1.00227
4500 pop2 1.0 0.909091
4600 pop1 1.1025 1.00227
4600 pop2 1.0 0.909091
4700 pop1 1.1025 1.00227
4700 pop2 1.0 0.909091
4800 pop1 1.1025 1.00227
4800 pop2 1.0 0.909091
4900 pop1 1.1025 1.00227
4900 pop2 1.0 0.909091
5000 pop1 1.1025 1.00227
5000 pop2 1.0 0.909091
