1 pop1 1.0 0.980392
1 pop2 1.0 0.980392
100 pop1 1.00127 0.981642
100 pop2 1.00389 0.984204
200 pop1 0.999138 0.979547
200 pop2 1.00425 0.984557
300 pop1 1.0 0.980396
300 pop2 1.0027 0.98304
400 pop1 1.00321 0.98354
400 pop2 1.00045 0.980835
500 pop1 1.00252 0.982866
500 pop2 1.00208 0.982434
600 pop1 1.00086 0.981238
600 pop2 1.00079 0.981169
700 pop1 1.00369 0.98401
700 pop2 1.00027 0.980658
800 pop1 1.00446 0.984762
800 pop2 0.999815 0.98021
900 pop1 1.00709 0.987341
900 pop2 0.996569 0.977029
1000 pop1 1.0043 0.984608
1000 pop2 0.998614 0.979034
1100 pop1 1.01142 0.991587
1100 pop2 0.99684 0.977294
1200 pop1 1.01709 0.997146
1200 pop2 0.996593 0.977052
1300 pop1 1.01822 0.998258
1300 pop2 0.996541 0.977001
1400 pop1 1.01925 0.999261
1400 pop2 0.99668 0.977138
1500 pop1 1.01979 0.999796
1500 pop2 0.997809 0.978245
1600 pop1 1.0201 1.0001
1600 pop2 0.998935 0.979348
1700 pop1 1.0201 1.0001
1700 pop2 0.999437 0.979841
1800 pop1 1.0201 1.0001
1800 pop2 0.999473 0.979876
1900 pop1 1.0201 1.0001
1900 pop2 0.999765 0.980161
2000 pop1 1.0201 1.0001
2000 pop2 0.999876 0.980271
2100 pop1 1.0201 1.0001
2100 pop2 0.999924 0.980318
2200 pop1 1.0201 1.0001
2200 pop2 0.999968 0.980361
2300 pop1 1.0201 1.0001
2300 pop2 1.0 0.980392
2400 pop1 1.0201 1.0001
2400 pop2 1.0 0.980392
2500 pop1 1.0201 1.0001
2500 pop2 1.0 0.980392
2600 pop1 1.0201 1.0001
2600 pop2 1.0 0.980392
2700 pop1 1.0201 1.0001
2700 pop2 1.0 0.980392
2800 pop1 1.0201 1.0001
2800 pop2 1.0 0.980392
2900 pop1 1.0201 1.0001
2900 pop2 1.0 0.980392
3000 pop1 1.0201 1.0001
3000 pop2 1.0 0.980392
3100 pop1 1.0201 1.0001
3100 pop2 1.0 0.980392
3200 pop1 1.0201 1.0001
3200 pop2 1.0 0.980392
3300 pop1 1.0201 1.0001
3300 pop2 1.0 0.980392
3400 pop1 1.0201 1.0001
3400 pop2 1.0 0.980392
3500 pop1 1.0201 1.0001
3500 pop2 1.0 0.980392
3600 pop1 1.0201 1.0001
3600 pop2 1.0 0.980392
3700 pop1 1.0201 1.0001
3700 pop2 1.0 0.980392
3800 pop1 1.0201 1.0001
3800 pop2 1.0 0.980392
3900 pop1 1.0201 1.0001
3900 pop2 1.0 0.980392
4000 pop1 1.0201 1.0001
4000 pop2 1.0 0.980392
4100 pop1 1.0201 1.0001
4100 pop2 1.0 0.980392
4200 pop1 1.0201 1.0001
4200 pop2 1.0 0.980392
4300 pop1 1.0201 1.0001
4300 pop2 1.0 0.980392
4400 pop1 1.0201 1.0001
4400 pop2 1.0 0.980392
4500 pop1 1.0201 1.0001
4500 pop2 1.0 0.980392
4600 pop1 1.0201 1.0001
4600 pop2 1.0 0.980392
4700 pop1 1.0201 1.0001
4700 pop2 1.0 0.980392
4800 pop1 1.0201 1.0001
4800 pop2 1.0 0.980392
4900 pop1 1.0201 1.0001
4900 pop2 1.0 0.980392
5000 pop1 1.0201 1.0001
5000 pop2 1.0 0.980392
