1 pop1 1.0 0.980392
1 pop2 1.0 0.980392
100 pop1 1.00207 0.982419
100 pop2 1.00196 0.982313
200 pop1 1.00201 0.982367
200 pop2 1.00241 0.982758
300 pop1 1.00105 0.981426
300 pop2 1.00267 0.983012
400 pop1 1.00271 0.983049
400 pop2 1.00054 0.98092
500 pop1 1.00165 0.982015
500 pop2 1.0016 0.981957
600 pop1 1.00263 0.982969
600 pop2 1.00014 0.980527
700 pop1 1.00431 0.984616
700 pop2 0.999305 0.979711
800 pop1 1.00405 0.984367
800 pop2 0.99918 0.979589
900 pop1 1.00413 0.984439
900 pop2 0.999042 0.979453
1000 pop1 1.00216 0.982507
1000 pop2 1.00133 0.981696
1100 pop1 1.01054 0.990729
1100 pop2 0.995678 0.976155
1200 pop1 1.01379 0.993909
1200 pop2 0.995275 0.97576
1300 pop1 1.01546 0.995549
1300 pop2 0.994684 0.97518
1400 pop1 1.01866 0.998682
1400 pop2 0.9944 0.974902
1500 pop1 1.01737 0.997423
1500 pop2 0.995844 0.976318
1600 pop1 1.01901 0.999033
1600 pop2 0.996828 0.977282
1700 pop1 1.01883 0.998849
1700 pop2 0.996924 0.977376
1800 pop1 1.01887 0.998896
1800 pop2 0.997841 0.978276
1900 pop1 1.01979 0.999793
1900 pop2 0.998532 0.978953
2000 pop1 1.0201 1.0001
2000 pop2 0.998699 0.979117
2100 pop1 1.0201 1.0001
2100 pop2 0.999218 0.979625
2200 pop1 1.0201 1.0001
2200 pop2 0.999154 0.979563
2300 pop1 1.0201 1.0001
2300 pop2 0.999892 0.980287
2400 pop1 1.0201 1.0001
2400 pop2 0.999729 0.980126
2500 pop1 1.0201 1.0001
2500 pop2 0.999753 0.98015
2600 pop1 1.0201 1.0001
2600 pop2 0.999944 0.980337
2700 pop1 1.0201 1.0001
2700 pop2 0.999948 0.980341
2800 pop1 1.0201 1.0001
2800 pop2 1.0 0.980392
2900 pop1 1.0201 1.0001
2900 pop2 1.0 0.980392
3000 pop1 1.0201 1.0001
3000 pop2 1.0 0.980392
3100 pop1 1.0201 1.0001
3100 pop2 1.0 0.980392
3200 pop1 1.0201 1.0001
3200 pop2 1.0 0.980392
3300 pop1 1.0201 1.0001
3300 pop2 1.0 0.980392
3400 pop1 1.0201 1.0001
3400 pop2 1.0 0.980392
3500 pop1 1.0201 1.0001
3500 pop2 1.0 0.980392
3600 pop1 1.0201 1.0001
3600 pop2 1.0 0.980392
3700 pop1 1.0201 1.0001
3700 pop2 1.0 0.980392
3800 pop1 1.0201 1.0001
3800 pop2 1.0 0.980392
3900 pop1 1.0201 1.0001
3900 pop2 1.0 0.980392
4000 pop1 1.0201 1.0001
4000 pop2 1.0 0.980392
4100 pop1 1.0201 1.0001
4100 pop2 1.0 0.980392
4200 pop1 1.0201 1.0001
4200 pop2 1.0 0.980392
4300 pop1 1.0201 1.0001
4300 pop2 1.0 0.980392
4400 pop1 1.0201 1.0001
4400 pop2 1.0 0.980392
4500 pop1 1.0201 1.0001
4500 pop2 1.0 0.980392
4600 pop1 1.0201 1.0001
4600 pop2 1.0 0.980392
4700 pop1 1.0201 1.0001
4700 pop2 1.0 0.980392
4800 pop1 1.0201 1.0001
4800 pop2 1.0 0.980392
4900 pop1 1.0201 1.0001
4900 pop2 1.0 0.980392
5000 pop1 1.0201 1.0001
5000 pop2 1.0 0.980392
