1 pop1 1.0 0.980392
1 pop2 1.0 0.980392
100 pop1 1.00545 0.985739
100 pop2 1.00695 0.987209
200 pop1 1.00522 0.985512
200 pop2 1.00643 0.986699
300 pop1 1.00285 0.983186
300 pop2 1.00899 0.989204
400 pop1 1.00335 0.983679
400 pop2 1.00744 0.987689
500 pop1 1.00431 0.984616
500 pop2 1.00583 0.98611
600 pop1 1.00388 0.984198
600 pop2 1.00572 0.985996
700 pop1 1.00376 0.984074
700 pop2 1.00696 0.98722
800 pop1 1.00331 0.983639
800 pop2 1.00657 0.986831
900 pop1 1.00388 0.984199
900 pop2 1.00692 0.987178
1000 pop1 1.00247 0.982816
1000 pop2 1.00533 0.985621
1100 pop1 1.00864 0.988859
1100 pop2 1.00925 0.989461
1200 pop1 1.01072 0.990903
1200 pop2 1.01086 0.991037
1300 pop1 1.01205 0.992204
1300 pop2 1.01311 0.993249
1400 pop1 1.01243 0.992574
1400 pop2 1.01211 0.992262
1500 pop1 1.01179 0.991952
1500 pop2 1.01228 0.992433
1600 pop1 1.01173 0.991891
1600 pop2 1.01274 0.992887
1700 pop1 1.01265 0.992789
1700 pop2 1.01253 0.992675
1800 pop1 1.01264 0.992789
1800 pop2 1.01339 0.993524
1900 pop1 1.01183 0.991991
1900 pop2 1.01191 0.992066
2000 pop1 1.0119 0.992057
2000 pop2 1.01251 0.992661
2100 pop1 1.01292 0.993055
2100 pop2 1.01219 0.992345
2200 pop1 1.01307 0.993209
2200 pop2 1.01226 0.99241
2300 pop1 1.01218 0.99233
2300 pop2 1.01256 0.992704
2400 pop1 1.0122 0.992348
2400 pop2 1.0122 0.992355
2500 pop1 1.01222 0.992376
2500 pop2 1.0105 0.990691
2600 pop1 1.01238 0.992531
2600 pop2 1.01212 0.992276
2700 pop1 1.0124 0.992549
2700 pop2 1.01372 0.99384
2800 pop1 1.01074 0.990923
2800 pop2 1.01359 0.993714
2900 pop1 1.01195 0.992105
2900 pop2 1.01372 0.993841
3000 pop1 1.01032 0.990508
3000 pop2 1.01406 0.994175
3100 pop1 1.00775 0.987991
3100 pop2 1.01409 0.994211
3200 pop1 1.01061 0.990792
3200 pop2 1.01447 0.994577
3300 pop1 1.00933 0.98954
3300 pop2 1.01478 0.994884
3400 pop1 1.01215 0.992302
3400 pop2 1.01313 0.993261
3500 pop1 1.01058 0.990764
3500 pop2 1.01371 0.993832
3600 pop1 1.01058 0.990769
3600 pop2 1.01332 0.993453
3700 pop1 1.01134 0.991505
3700 pop2 1.01454 0.994643
3800 pop1 1.01054 0.990728
3800 pop2 1.01336 0.993487
3900 pop1 1.00941 0.989619
3900 pop2 1.01351 0.993633
4000 pop1 1.00931 0.98952
4000 pop2 1.01518 0.995277
4100 pop1 1.01141 0.99158
4100 pop2 1.01438 0.99449
4200 pop1 1.01179 0.99195
4200 pop2 1.01213 0.992286
4300 pop1 1.01135 0.991523
4300 pop2 1.01272 0.992858
4400 pop1 1.01168 0.991839
4400 pop2 1.01279 0.992929
4500 pop1 1.01278 0.992925
4500 pop2 1.01307 0.993201
4600 pop1 1.01277 0.992916
4600 pop2 1.01284 0.99298
4700 pop1 1.01314 0.993279
4700 pop2 1.01174 0.991898
4800 pop1 1.01185 0.99201
4800 pop2 1.01373 0.993856
4900 pop1 1.0119 0.99206
4900 pop2 1.01217 0.992319
5000 pop1 1.01122 0.991396
5000 pop2 1.01447 0.994577
