1 pop1 1.0 0.909091
1 pop2 1.0 0.909091
100 pop1 1.01352 0.921379
100 pop2 1.02766 0.934239
200 pop1 1.01853 0.925939
200 pop2 1.02382 0.930742
300 pop1 1.0073 0.915724
300 pop2 1.03424 0.940219
400 pop1 1.01265 0.92059
400 pop2 1.02945 0.935865
500 pop1 1.01851 0.92592
500 pop2 1.01985 0.927133
600 pop1 1.01669 0.924267
600 pop2 1.02323 0.930213
700 pop1 1.01881 0.926195
700 pop2 1.02395 0.930861
800 pop1 1.02046 0.927693
800 pop2 1.02385 0.930773
900 pop1 1.03069 0.936994
900 pop2 1.00766 0.916058
1000 pop1 1.02366 0.930604
1000 pop2 1.02119 0.928357
1100 pop1 1.09776 0.99796
1100 pop2 0.976991 0.888174
1200 pop1 1.10273 1.00249
1200 pop2 0.977465 0.888605
1300 pop1 1.10261 1.00237
1300 pop2 0.993147 0.902861
1400 pop1 1.10253 1.0023
1400 pop2 0.998795 0.907996
1500 pop1 1.1025 1.00227
1500 pop2 0.999723 0.908839
1600 pop1 1.1025 1.00227
1600 pop2 1.0 0.909091
1700 pop1 1.1025 1.00227
1700 pop2 1.0 0.909091
1800 pop1 1.1025 1.00227
1800 pop2 1.0 0.909091
1900 pop1 1.1025 1.00227
1900 pop2 1.0 0.909091
2000 pop1 1.1025 1.00227
2000 pop2 1.0 0.909091
2100 pop1 1.1025 1.00227
2100 pop2 1.0 0.909091
2200 pop1 1.1025 1.00227
2200 pop2 1.0 0.909091
2300 pop1 1.1025 1.00227
2300 pop2 1.0 0.909091
2400 pop1 1.1025 1.00227
2400 pop2 1.0 0.909091
2500 pop1 1.1025 1.00227
2500 pop2 1.0 0.909091
2600 pop1 1.1025 1.00227
2600 pop2 1.0 0.909091
2700 pop1 1.1025 1.00227
2700 pop2 1.0 0.909091
2800 pop1 1.1025 1.00227
2800 pop2 1.0 0.909091
2900 pop1 1.1025 1.00227
2900 pop2 1.0 0.909091
3000 pop1 1.1025 1.00227
3000 pop2 1.0 0.909091
3100 pop1 1.1025 1.00227
3100 pop2 1.0 0.909091
3200 pop1 1.1025 1.00227
3200 pop2 1.0 0.909091
3300 pop1 1.1025 1.00227
3300 pop2 1.0 0.909091
3400 pop1 1.1025 1.00227
3400 pop2 1.0 0.909091
3500 pop1 1.1025 1.00227
3500 pop2 1.0 0.909091
3600 pop1 1.1025 1.00227
3600 pop2 1.0 0.909091
3700 pop1 1.1025 1.00227
3700 pop2 1.0 0.909091
3800 pop1 1.1025 1.00227
3800 pop2 1.0 0.909091
3900 pop1 1.1025 1.00227
3900 pop2 1.0 0.909091
4000 pop1 1.1025 1.00227
4000 pop2 1.0 0.909091
4100 pop1 1.1025 1.00227
4100 pop2 1.0 0.909091
4200 pop1 1.1025 1.00227
4200 pop2 1.0 0.909091
4300 pop1 1.1025 1.00227
4300 pop2 1.0 0.909091
4400 pop1 1.1025 1.00227
4400 pop2 1.0 0.909091
4500 pop1 1.1025 1.00227
4500 pop2 1.0 0.909091
4600 pop1 1.1025 1.00227
4600 pop2 1.0 0.909091
4700 pop1 1.1025 1.00227
4700 pop2 1.0 0.909091
4800 pop1 1.1025 1.00227
4800 pop2 1.0 0.909091
4900 pop1 1.1025 1.00227
4900 pop2 1.0 0.909091
5000 pop1 1.1025 1.00227
5000 pop2 1.0 0.909091
