1 pop1 1.0 0.980392
1 pop2 1.0 0.980392
100 pop1 0.999799 0.980196
100 pop2 1.00175 0.982107
200 pop1 1.0009 0.981275
200 pop2 1.00031 0.980699
300 pop1 0.999701 0.980099
300 pop2 1.00241 0.982754
400 pop1 0.997193 0.97764
400 pop2 1.00278 0.98312
500 pop1 0.997299 0.977744
500 pop2 1.0033 0.983625
600 pop1 0.998056 0.978486
600 pop2 1.00268 0.983021
700 pop1 0.99609 0.976559
700 pop2 1.00525 0.98554
800 pop1 0.99519 0.975676
800 pop2 1.00592 0.986195
900 pop1 0.994545 0.975044
900 pop2 1.00694 0.987198
1000 pop1 0.992905 0.973436
1000 pop2 1.00807 0.988301
1100 pop1 0.996122 0.976591
1100 pop2 1.00058 0.980958
1200 pop1 0.999808 0.980204
1200 pop2 1.00503 0.985321
1300 pop1 1.00388 0.984199
1300 pop2 1.00994 0.990133
1400 pop1 1.00482 0.985113
1400 pop2 1.01064 0.990828
1500 pop1 1.00455 0.98485
1500 pop2 1.01363 0.993755
1600 pop1 1.00512 0.98541
1600 pop2 1.01342 0.993548
1700 pop1 1.00486 0.985153
1700 pop2 1.01365 0.993773
1800 pop1 1.00467 0.984974
1800 pop2 1.01445 0.994558
1900 pop1 1.0045 0.984799
1900 pop2 1.01482 0.994926
2000 pop1 1.00288 0.983216
2000 pop2 1.01663 0.996698
2100 pop1 1.0022 0.982552
2100 pop2 1.01764 0.997691
2200 pop1 1.00187 0.982226
2200 pop2 1.0175 0.997549
2300 pop1 1.00105 0.981425
2300 pop2 1.0188 0.99882
2400 pop1 1.00144 0.981808
2400 pop2 1.01857 0.998594
2500 pop1 1.00193 0.982287
2500 pop2 1.01792 0.997958
2600 pop1 1.00169 0.982052
2600 pop2 1.01821 0.998244
2700 pop1 1.00231 0.982659
2700 pop2 1.01727 0.997324
2800 pop1 1.00189 0.982246
2800 pop2 1.0178 0.997848
2900 pop1 1.00287 0.983203
2900 pop2 1.0165 0.99657
3000 pop1 1.00187 0.982228
3000 pop2 1.0173 0.997356
3100 pop1 1.00172 0.982082
3100 pop2 1.0181 0.998138
3200 pop1 1.00195 0.982302
3200 pop2 1.01798 0.998024
3300 pop1 1.00076 0.981133
3300 pop2 1.01931 0.999319
3400 pop1 1.00029 0.98068
3400 pop2 1.01966 0.999666
3500 pop1 1.00026 0.980646
3500 pop2 1.01966 0.999667
3600 pop1 1.00055 0.980932
3600 pop2 1.0194 0.999414
3700 pop1 1.00023 0.980617
3700 pop2 1.01973 0.999732
3800 pop1 1.00035 0.980734
3800 pop2 1.01952 0.99953
3900 pop1 1.00061 0.980994
3900 pop2 1.01924 0.999252
4000 pop1 1.00145 0.981816
4000 pop2 1.01821 0.998249
4100 pop1 1.00179 0.982152
4100 pop2 1.01781 0.997854
4200 pop1 1.00155 0.981911
4200 pop2 1.01845 0.998481
4300 pop1 1.00151 0.981876
4300 pop2 1.01877 0.998791
4400 pop1 1.00142 0.981782
4400 pop2 1.01853 0.998562
4500 pop1 1.00087 0.981241
4500 pop2 1.01919 0.999207
4600 pop1 1.00134 0.981707
4600 pop2 1.01861 0.998642
4700 pop1 1.00177 0.982125
4700 pop2 1.01813 0.998168
4800 pop1 1.00232 0.982663
4800 pop2 1.01756 0.997609
4900 pop1 1.00172 0.982074
4900 pop2 1.01782 0.997862
5000 pop1 1.00136 0.981726
5000 pop2 1.01869 0.998713
