1 pop1 1.0 0.980392
1 pop2 1.0 0.980392
100 pop1 1.00081 0.981183
100 pop2 1.00051 0.980892
200 pop1 1.00309 0.983421
200 pop2 0.997646 0.978084
300 pop1 1.00244 0.982788
300 pop2 0.998517 0.978938
400 pop1 1.00506 0.98535
400 pop2 0.996216 0.976683
500 pop1 1.00273 0.983065
500 pop2 0.998362 0.978786
600 pop1 1.00299 0.983327
600 pop2 0.997265 0.977711
700 pop1 1.00284 0.983179
700 pop2 0.997504 0.977945
800 pop1 1.00377 0.984084
800 pop2 0.997346 0.97779
900 pop1 1.00225 0.982602
900 pop2 0.998716 0.979133
1000 pop1 0.999965 0.980358
1000 pop2 1.00074 0.981118
1100 pop1 1.00346 0.983783
1100 pop2 0.998435 0.978858
1200 pop1 1.00768 0.987918
1200 pop2 0.999477 0.97988
1300 pop1 1.01039 0.990574
1300 pop2 1.00045 0.980836
1400 pop1 1.01112 0.991294
1400 pop2 1.00305 0.98338
1500 pop1 1.00984 0.990043
1500 pop2 1.00531 0.985594
1600 pop1 1.00975 0.989949
1600 pop2 1.00768 0.987919
1700 pop1 1.00727 0.987522
1700 pop2 1.01031 0.990497
1800 pop1 1.00756 0.987805
1800 pop2 1.01082 0.991004
1900 pop1 1.00821 0.988442
1900 pop2 1.01042 0.990611
2000 pop1 1.00842 0.988651
2000 pop2 1.00985 0.990046
2100 pop1 1.00798 0.988215
2100 pop2 1.01157 0.991733
2200 pop1 1.0075 0.987741
2200 pop2 1.01156 0.991728
2300 pop1 1.00789 0.988123
2300 pop2 1.01109 0.991261
2400 pop1 1.00741 0.987661
2400 pop2 1.01031 0.990503
2500 pop1 1.00802 0.988259
2500 pop2 1.01051 0.990695
2600 pop1 1.00917 0.989385
2600 pop2 1.00925 0.989465
2700 pop1 1.00968 0.989885
2700 pop2 1.00965 0.989853
2800 pop1 1.01195 0.99211
2800 pop2 1.0063 0.986565
2900 pop1 1.01011 0.9903
2900 pop2 1.00885 0.989073
3000 pop1 1.01177 0.991931
3000 pop2 1.00553 0.985809
3100 pop1 1.00946 0.989667
3100 pop2 1.00876 0.988982
3200 pop1 1.00866 0.988883
3200 pop2 1.01 0.990197
3300 pop1 1.00746 0.987708
3300 pop2 1.01107 0.991241
3400 pop1 1.00698 0.987237
3400 pop2 1.01102 0.991199
3500 pop1 1.00913 0.989348
3500 pop2 1.00965 0.989849
3600 pop1 1.01085 0.991029
3600 pop2 1.00734 0.98759
3700 pop1 1.01 0.990195
3700 pop2 1.008 0.988237
3800 pop1 1.01106 0.991236
3800 pop2 1.00653 0.986798
3900 pop1 1.01048 0.990662
3900 pop2 1.00764 0.987885
4000 pop1 1.01014 0.990337
4000 pop2 1.0077 0.987943
4100 pop1 1.0098 0.989997
4100 pop2 1.00806 0.988299
4200 pop1 1.0101 0.990292
4200 pop2 1.00849 0.988719
4300 pop1 1.00918 0.989389
4300 pop2 1.00922 0.989427
4400 pop1 1.00714 0.987394
4400 pop2 1.01213 0.992283
4500 pop1 1.00708 0.987333
4500 pop2 1.01153 0.991699
4600 pop1 1.00757 0.987815
4600 pop2 1.01191 0.992073
4700 pop1 1.00773 0.987967
4700 pop2 1.01186 0.992017
4800 pop1 1.00753 0.987772
4800 pop2 1.01281 0.992954
4900 pop1 1.00754 0.987782
4900 pop2 1.01291 0.993049
5000 pop1 1.0078 0.988035
5000 pop2 1.0127 0.992842
