1 pop1 1.0 0.980392
1 pop2 1.0 0.980392
100 pop1 0.998954 0.979367
100 pop2 1.00485 0.985149
200 pop1 0.996832 0.977286
200 pop2 1.0075 0.987746
300 pop1 0.997821 0.978256
300 pop2 1.00543 0.98572
400 pop1 0.998157 0.978585
400 pop2 1.00633 0.986594
500 pop1 0.996927 0.977379
500 pop2 1.00641 0.986681
600 pop1 0.998142 0.978571
600 pop2 1.00489 0.985188
700 pop1 0.999243 0.97965
700 pop2 1.00313 0.983459
800 pop1 1.00073 0.981108
800 pop2 1.0018 0.982155
900 pop1 1.0039 0.984212
900 pop2 0.998005 0.978437
1000 pop1 1.00273 0.983071
1000 pop2 1.00045 0.980836
1100 pop1 1.00917 0.989386
1100 pop2 0.995282 0.975767
1200 pop1 1.01447 0.994575
1200 pop2 0.993174 0.9737
1300 pop1 1.0165 0.996573
1300 pop2 0.992258 0.972802
1400 pop1 1.0171 0.997158
1400 pop2 0.991972 0.972522
1500 pop1 1.01776 0.997806
1500 pop2 0.991217 0.971781
1600 pop1 1.01941 0.999425
1600 pop2 0.991135 0.971701
1700 pop1 1.02006 1.00005
1700 pop2 0.991858 0.97241
1800 pop1 1.02004 1.00004
1800 pop2 0.993328 0.973851
1900 pop1 1.02003 1.00002
1900 pop2 0.994465 0.974966
2000 pop1 1.02011 1.00011
2000 pop2 0.996647 0.977105
2100 pop1 1.02011 1.0001
2100 pop2 0.998392 0.978816
2200 pop1 1.0201 1.0001
2200 pop2 0.999059 0.979469
2300 pop1 1.0201 1.0001
2300 pop2 0.999402 0.979806
2400 pop1 1.0201 1.0001
2400 pop2 0.999828 0.980224
2500 pop1 1.0201 1.0001
2500 pop2 1.0 0.980392
2600 pop1 1.0201 1.0001
2600 pop2 1.0 0.980392
2700 pop1 1.0201 1.0001
2700 pop2 1.0 0.980392
2800 pop1 1.0201 1.0001
2800 pop2 1.0 0.980392
2900 pop1 1.0201 1.0001
2900 pop2 1.0 0.980392
3000 pop1 1.0201 1.0001
3000 pop2 1.0 0.980392
3100 pop1 1.0201 1.0001
3100 pop2 1.0 0.980392
3200 pop1 1.0201 1.0001
3200 pop2 1.0 0.980392
3300 pop1 1.0201 1.0001
3300 pop2 1.0 0.980392
3400 pop1 1.0201 1.0001
3400 pop2 1.0 0.980392
3500 pop1 1.0201 1.0001
3500 pop2 1.0 0.980392
3600 pop1 1.0201 1.0001
3600 pop2 1.0 0.980392
3700 pop1 1.0201 1.0001
3700 pop2 1.0 0.980392
3800 pop1 1.0201 1.0001
3800 pop2 1.0 0.980392
3900 pop1 1.0201 1.0001
3900 pop2 1.0 0.980392
4000 pop1 1.0201 1.0001
4000 pop2 1.0 0.980392
4100 pop1 1.0201 1.0001
4100 pop2 1.0 0.980392
4200 pop1 1.0201 1.0001
4200 pop2 1.0 0.980392
4300 pop1 1.0201 1.0001
4300 pop2 1.0 0.980392
4400 pop1 1.0201 1.0001
4400 pop2 1.0 0.980392
4500 pop1 1.0201 1.0001
4500 pop2 1.0 0.980392
4600 pop1 1.0201 1.0001
4600 pop2 1.0 0.980392
4700 pop1 1.0201 1.0001
4700 pop2 1.0 0.980392
4800 pop1 1.0201 1.0001
4800 pop2 1.0 0.980392
4900 pop1 1.0201 1.0001
4900 pop2 1.0 0.980392
5000 pop1 1.0201 1.0001
5000 pop2 1.0 0.980392
