1 pop1 1.0 0.909091
1 pop2 1.0 0.909091
100 pop1 1.08495 0.986314
100 pop2 1.08819 0.989263
200 pop1 1.08197 0.983605
200 pop2 1.08259 0.984176
300 pop1 1.0813 0.983
300 pop2 1.08677 0.987977
400 pop1 1.08516 0.986511
400 pop2 1.08142 0.983113
500 pop1 1.08651 0.987732
500 pop2 1.08302 0.98456
600 pop1 1.0873 0.988453
600 pop2 1.08686 0.988052
700 pop1 1.08826 0.989331
700 pop2 1.08179 0.983448
800 pop1 1.08337 0.984878
800 pop2 1.08295 0.984499
900 pop1 1.08838 0.989432
900 pop2 1.07834 0.980311
1000 pop1 1.08318 0.984709
1000 pop2 1.08235 0.983951
1100 pop1 1.09297 0.993612
1100 pop2 0.992233 0.90203
1200 pop1 1.09165 0.992406
1200 pop2 0.992392 0.902174
1300 pop1 1.09782 0.998019
1300 pop2 0.993893 0.903539
1400 pop1 1.09793 0.998118
1400 pop2 0.995264 0.904785
1500 pop1 1.10066 1.0006
1500 pop2 0.997972 0.907248
1600 pop1 1.09985 0.999863
1600 pop2 0.998459 0.90769
1700 pop1 1.10201 1.00182
1700 pop2 0.999368 0.908516
1800 pop1 1.1018 1.00164
1800 pop2 0.998835 0.908032
1900 pop1 1.10253 1.0023
1900 pop2 0.998538 0.907762
2000 pop1 1.10253 1.0023
2000 pop2 0.999743 0.908857
2100 pop1 1.10252 1.00229
2100 pop2 0.999901 0.909001
2200 pop1 1.1025 1.00227
2200 pop2 1.0 0.909091
2300 pop1 1.1025 1.00227
2300 pop2 1.0 0.909091
2400 pop1 1.1025 1.00227
2400 pop2 1.0 0.909091
2500 pop1 1.1025 1.00227
2500 pop2 1.0 0.909091
2600 pop1 1.1025 1.00227
2600 pop2 1.0 0.909091
2700 pop1 1.1025 1.00227
2700 pop2 1.0 0.909091
2800 pop1 1.1025 1.00227
2800 pop2 1.0 0.909091
2900 pop1 1.1025 1.00227
2900 pop2 1.0 0.909091
3000 pop1 1.1025 1.00227
3000 pop2 1.0 0.909091
3100 pop1 1.1025 1.00227
3100 pop2 1.0 0.909091
3200 pop1 1.1025 1.00227
3200 pop2 1.0 0.909091
3300 pop1 1.1025 1.00227
3300 pop2 1.0 0.909091
3400 pop1 1.1025 1.00227
3400 pop2 1.0 0.909091
3500 pop1 1.1025 1.00227
3500 pop2 1.0 0.909091
3600 pop1 1.1025 1.00227
3600 pop2 1.0 0.909091
3700 pop1 1.1025 1.00227
3700 pop2 1.0 0.909091
3800 pop1 1.1025 1.00227
3800 pop2 1.0 0.909091
3900 pop1 1.1025 1.00227
3900 pop2 1.0 0.909091
4000 pop1 1.1025 1.00227
4000 pop2 1.0 0.909091
4100 pop1 1.1025 1.00227
4100 pop2 1.0 0.909091
4200 pop1 1.1025 1.00227
4200 pop2 1.0 0.909091
4300 pop1 1.1025 1.00227
4300 pop2 1.0 0.909091
4400 pop1 1.1025 1.00227
4400 pop2 1.0 0.909091
4500 pop1 1.1025 1.00227
4500 pop2 1.0 0.909091
4600 pop1 1.1025 1.00227
4600 pop2 1.0 0.909091
4700 pop1 1.1025 1.00227
4700 pop2 1.0 0.909091
4800 pop1 1.1025 1.00227
4800 pop2 1.0 0.909091
4900 pop1 1.1025 1.00227
4900 pop2 1.0 0.909091
5000 pop1 1.1025 1.00227
5000 pop2 1.0 0.909091
