1 pop1 1.0 0.909091
1 pop2 1.0 0.909091
100 pop1 1.07936 0.981235
100 pop2 1.0803 0.982095
200 pop1 1.08527 0.986613
200 pop2 1.0813 0.982996
300 pop1 1.07935 0.981227
300 pop2 1.08361 0.985104
400 pop1 1.0788 0.980724
400 pop2 1.08349 0.984989
500 pop1 1.08464 0.986035
500 pop2 1.07799 0.979991
600 pop1 1.08538 0.986709
600 pop2 1.08147 0.983158
700 pop1 1.08332 0.984835
700 pop2 1.08288 0.984441
800 pop1 1.08362 0.985108
800 pop2 1.08373 0.985209
900 pop1 1.08307 0.984608
900 pop2 1.07794 0.979942
1000 pop1 1.08334 0.984852
1000 pop2 1.08531 0.986647
1100 pop1 1.09154 0.992306
1100 pop2 1.05062 0.955108
1200 pop1 1.08805 0.98914
1200 pop2 1.08238 0.98398
1300 pop1 1.08869 0.989717
1300 pop2 1.087 0.988179
1400 pop1 1.08662 0.987832
1400 pop2 1.08403 0.985485
1500 pop1 1.08568 0.986979
1500 pop2 1.08417 0.985613
1600 pop1 1.08377 0.985247
1600 pop2 1.0866 0.987818
1700 pop1 1.08437 0.985789
1700 pop2 1.08693 0.988117
1800 pop1 1.08714 0.988308
1800 pop2 1.08511 0.986466
1900 pop1 1.08638 0.987616
1900 pop2 1.08682 0.988021
2000 pop1 1.08483 0.986206
2000 pop2 1.08368 0.985162
2100 pop1 1.08469 0.986082
2100 pop2 1.0872 0.988365
2200 pop1 1.0837 0.985185
2200 pop2 1.08373 0.985207
2300 pop1 1.08245 0.984048
2300 pop2 1.08455 0.985957
2400 pop1 1.08669 0.9879
2400 pop2 1.08216 0.983781
2500 pop1 1.08656 0.987778
2500 pop2 1.08561 0.986916
2600 pop1 1.08549 0.986805
2600 pop2 1.08747 0.988607
2700 pop1 1.08616 0.98742
2700 pop2 1.08541 0.986734
2800 pop1 1.08682 0.988019
2800 pop2 1.08313 0.98466
2900 pop1 1.08365 0.985134
2900 pop2 1.08515 0.986501
3000 pop1 1.08586 0.987145
3000 pop2 1.0822 0.983821
3100 pop1 1.08383 0.985297
3100 pop2 1.0862 0.987458
3200 pop1 1.08288 0.984434
3200 pop2 1.08456 0.985961
3300 pop1 1.08105 0.982768
3300 pop2 1.08673 0.987935
3400 pop1 1.08255 0.984134
3400 pop2 1.08627 0.987519
3500 pop1 1.08291 0.984463
3500 pop2 1.08699 0.988173
3600 pop1 1.08586 0.987146
3600 pop2 1.08637 0.987609
3700 pop1 1.09021 0.991097
3700 pop2 1.08631 0.98755
3800 pop1 1.08651 0.987738
3800 pop2 1.08646 0.98769
3900 pop1 1.08301 0.984555
3900 pop2 1.08512 0.98647
4000 pop1 1.08371 0.985189
4000 pop2 1.08344 0.984941
4100 pop1 1.08521 0.986554
4100 pop2 1.0827 0.98427
4200 pop1 1.07981 0.981646
4200 pop2 1.08815 0.989224
4300 pop1 1.08594 0.987217
4300 pop2 1.08648 0.987707
4400 pop1 1.08618 0.987441
4400 pop2 1.08228 0.983889
4500 pop1 1.08672 0.987928
4500 pop2 1.08627 0.987517
4600 pop1 1.08115 0.982863
4600 pop2 1.08619 0.987442
4700 pop1 1.08422 0.985656
4700 pop2 1.08221 0.983831
4800 pop1 1.08616 0.987419
4800 pop2 1.08482 0.986199
4900 pop1 1.08341 0.984922
4900 pop2 1.08604 0.987305
5000 pop1 1.08392 0.985383
5000 pop2 1.08245 0.984044
