1 pop1 1.0 0.909091
1 pop2 1.0 0.909091
100 pop1 1.01181 0.919827
100 pop2 1.02028 0.927527
200 pop1 1.01388 0.921705
200 pop2 1.0131 0.921002
300 pop1 1.01546 0.923146
300 pop2 1.01465 0.92241
400 pop1 1.01185 0.919863
400 pop2 1.01827 0.925704
500 pop1 1.02194 0.929039
500 pop2 1.0105 0.918639
600 pop1 1.0187 0.92609
600 pop2 1.01459 0.922357
700 pop1 1.01606 0.923695
700 pop2 1.01173 0.919754
800 pop1 1.0122 0.920179
800 pop2 1.01897 0.926337
900 pop1 1.00508 0.913708
900 pop2 1.02637 0.933059
1000 pop1 1.0207 0.927906
1000 pop2 1.01298 0.92089
1100 pop1 1.05387 0.958062
1100 pop2 1.04927 0.95388
1200 pop1 1.04022 0.945656
1200 pop2 1.06373 0.967027
1300 pop1 1.03542 0.941295
1300 pop2 1.06897 0.971788
1400 pop1 1.04109 0.946446
1400 pop2 1.06686 0.969872
1500 pop1 1.04403 0.949122
1500 pop2 1.06674 0.969763
1600 pop1 1.04143 0.946752
1600 pop2 1.0692 0.971996
1700 pop1 1.03342 0.939469
1700 pop2 1.07106 0.973689
1800 pop1 1.04033 0.945754
1800 pop2 1.0705 0.973181
1900 pop1 1.04002 0.945477
1900 pop2 1.06808 0.970978
2000 pop1 1.04847 0.953157
2000 pop2 1.0621 0.965545
2100 pop1 1.0522 0.956543
2100 pop2 1.05736 0.96124
2200 pop1 1.058 0.961822
2200 pop2 1.05105 0.9555
2300 pop1 1.05735 0.961228
2300 pop2 1.05303 0.957302
2400 pop1 1.0556 0.959635
2400 pop2 1.05504 0.959124
2500 pop1 1.05553 0.959572
2500 pop2 1.05501 0.959098
2600 pop1 1.0564 0.960364
2600 pop2 1.05534 0.9594
2700 pop1 1.05473 0.958843
2700 pop2 1.05776 0.961602
2800 pop1 1.0572 0.96109
2800 pop2 1.05331 0.957557
2900 pop1 1.05425 0.958405
2900 pop2 1.05782 0.961654
3000 pop1 1.05525 0.959315
3000 pop2 1.05517 0.959249
3100 pop1 1.05441 0.958551
3100 pop2 1.05619 0.960175
3200 pop1 1.05057 0.955068
3200 pop2 1.06115 0.964683
3300 pop1 1.05813 0.961936
3300 pop2 1.05477 0.958882
3400 pop1 1.05213 0.956483
3400 pop2 1.05682 0.960743
3500 pop1 1.05038 0.954887
3500 pop2 1.05824 0.962034
3600 pop1 1.05156 0.955968
3600 pop2 1.05925 0.962958
3700 pop1 1.0574 0.961268
3700 pop2 1.05524 0.959312
3800 pop1 1.05415 0.95832
3800 pop2 1.05629 0.960267
3900 pop1 1.05086 0.955328
3900 pop2 1.0596 0.963268
4000 pop1 1.05062 0.95511
4000 pop2 1.05994 0.963582
4100 pop1 1.04918 0.953802
4100 pop2 1.06402 0.967288
4200 pop1 1.055 0.959088
4200 pop2 1.05741 0.961286
4300 pop1 1.05199 0.95635
4300 pop2 1.0575 0.961367
4400 pop1 1.04797 0.952704
4400 pop2 1.06112 0.964651
4500 pop1 1.05353 0.957758
4500 pop2 1.05634 0.960312
4600 pop1 1.05564 0.959671
4600 pop2 1.05376 0.957968
4700 pop1 1.06551 0.968647
4700 pop2 1.04349 0.948629
4800 pop1 1.06115 0.964681
4800 pop2 1.0487 0.953363
4900 pop1 1.0595 0.963184
4900 pop2 1.05259 0.956896
5000 pop1 1.05579 0.959808
5000 pop2 1.05669 0.960629
