1 pop1 1.0 0.909091
1 pop2 1.0 0.909091
100 pop1 1.08293 0.984483
100 pop2 1.08329 0.984807
200 pop1 1.08478 0.986162
200 pop2 1.07986 0.981691
300 pop1 1.08518 0.986526
300 pop2 1.07989 0.981717
400 pop1 1.0804 0.982184
400 pop2 1.08634 0.987582
500 pop1 1.08345 0.984957
500 pop2 1.08477 0.986157
600 pop1 1.08255 0.984141
600 pop2 1.08251 0.984104
700 pop1 1.08506 0.986419
700 pop2 1.08141 0.983103
800 pop1 1.07851 0.980461
800 pop2 1.08428 0.98571
900 pop1 1.0812 0.982906
900 pop2 1.08692 0.988113
1000 pop1 1.08263 0.984206
1000 pop2 1.08333 0.984847
1100 pop1 1.08914 0.990124
1100 pop2 1.06812 0.971015
1200 pop1 1.08625 0.987502
1200 pop2 1.0825 0.984089
1300 pop1 1.08338 0.984889
1300 pop2 1.08716 0.988329
1400 pop1 1.08645 0.987683
1400 pop2 1.08672 0.987927
1500 pop1 1.08189 0.983538
1500 pop2 1.08668 0.98789
1600 pop1 1.08507 0.986426
1600 pop2 1.08487 0.986249
1700 pop1 1.0825 0.984093
1700 pop2 1.08516 0.986505
1800 pop1 1.08458 0.985979
1800 pop2 1.08697 0.988154
1900 pop1 1.08423 0.985667
1900 pop2 1.08547 0.986788
2000 pop1 1.08437 0.985792
2000 pop2 1.08727 0.988424
2100 pop1 1.08508 0.986433
2100 pop2 1.08777 0.988878
2200 pop1 1.08216 0.983784
2200 pop2 1.08962 0.990563
2300 pop1 1.08383 0.985297
2300 pop2 1.08764 0.98876
2400 pop1 1.0846 0.986004
2400 pop2 1.08751 0.988642
2500 pop1 1.0846 0.986001
2500 pop2 1.08489 0.986262
2600 pop1 1.08609 0.987354
2600 pop2 1.08639 0.987627
2700 pop1 1.08189 0.98354
2700 pop2 1.08319 0.984717
2800 pop1 1.08688 0.988069
2800 pop2 1.08571 0.98701
2900 pop1 1.08382 0.985291
2900 pop2 1.08612 0.987381
3000 pop1 1.08359 0.985085
3000 pop2 1.08569 0.986991
3100 pop1 1.08671 0.987917
3100 pop2 1.08368 0.985167
3200 pop1 1.08751 0.988641
3200 pop2 1.0855 0.98682
3300 pop1 1.08364 0.985126
3300 pop2 1.08878 0.989803
3400 pop1 1.08313 0.984664
3400 pop2 1.08829 0.989358
3500 pop1 1.08536 0.986687
3500 pop2 1.08449 0.985899
3600 pop1 1.08332 0.984835
3600 pop2 1.08573 0.987029
3700 pop1 1.08389 0.985359
3700 pop2 1.08505 0.986405
3800 pop1 1.08483 0.98621
3800 pop2 1.08334 0.984856
3900 pop1 1.08589 0.987176
3900 pop2 1.08718 0.988345
4000 pop1 1.08319 0.984717
4000 pop2 1.08346 0.984967
4100 pop1 1.08315 0.984678
4100 pop2 1.08499 0.986357
4200 pop1 1.08639 0.987623
4200 pop2 1.08498 0.986343
4300 pop1 1.08216 0.983778
4300 pop2 1.09079 0.991631
4400 pop1 1.0845 0.985908
4400 pop2 1.08458 0.985979
4500 pop1 1.08612 0.98738
4500 pop2 1.08402 0.985469
4600 pop1 1.08606 0.987331
4600 pop2 1.08873 0.989757
4700 pop1 1.082 0.983638
4700 pop2 1.08515 0.986502
4800 pop1 1.08658 0.987799
4800 pop2 1.08778 0.988894
4900 pop1 1.08421 0.985648
4900 pop2 1.08836 0.989415
5000 pop1 1.08271 0.984281
5000 pop2 1.08502 0.986385
