1 pop1 1.0 0.909091
1 pop2 1.0 0.909091
100 pop1 1.08321 0.984737
100 pop2 1.08413 0.985568
200 pop1 1.0825 0.984094
200 pop2 1.0838 0.985274
300 pop1 1.08352 0.985017
300 pop2 1.08027 0.982066
400 pop1 1.08169 0.983354
400 pop2 1.08407 0.98552
500 pop1 1.08396 0.985419
500 pop2 1.08351 0.985009
600 pop1 1.08611 0.987371
600 pop2 1.08244 0.984038
700 pop1 1.08129 0.982989
700 pop2 1.08249 0.984078
800 pop1 1.08461 0.986008
800 pop2 1.08328 0.984803
900 pop1 1.0831 0.984638
900 pop2 1.08581 0.987104
1000 pop1 1.0809 0.982639
1000 pop2 1.08141 0.983099
1100 pop1 1.08729 0.988441
1100 pop2 1.07367 0.976062
1200 pop1 1.08605 0.987316
1200 pop2 1.08451 0.985914
1300 pop1 1.08433 0.985757
1300 pop2 1.08981 0.990735
1400 pop1 1.08506 0.986414
1400 pop2 1.08612 0.98738
1500 pop1 1.08662 0.987837
1500 pop2 1.08287 0.984432
1600 pop1 1.08537 0.986701
1600 pop2 1.09002 0.990926
1700 pop1 1.0845 0.985909
1700 pop2 1.08824 0.989308
1800 pop1 1.08872 0.989745
1800 pop2 1.08175 0.983412
1900 pop1 1.08697 0.988153
1900 pop2 1.08469 0.986079
2000 pop1 1.08688 0.98807
2000 pop2 1.08188 0.983531
2100 pop1 1.08382 0.985291
2100 pop2 1.08518 0.986523
2200 pop1 1.09058 0.991435
2200 pop2 1.08266 0.984238
2300 pop1 1.08716 0.988323
2300 pop2 1.08514 0.986488
2400 pop1 1.08581 0.987102
2400 pop2 1.08431 0.985739
2500 pop1 1.08352 0.985019
2500 pop2 1.08638 0.987619
2600 pop1 1.08624 0.987489
2600 pop2 1.08507 0.986428
2700 pop1 1.08707 0.988247
2700 pop2 1.08241 0.984011
2800 pop1 1.08268 0.984259
2800 pop2 1.08186 0.983507
2900 pop1 1.08642 0.987653
2900 pop2 1.08101 0.982735
3000 pop1 1.08333 0.984841
3000 pop2 1.08415 0.985591
3100 pop1 1.08372 0.985204
3100 pop2 1.08337 0.984886
3200 pop1 1.0876 0.988724
3200 pop2 1.08173 0.983393
3300 pop1 1.08695 0.988135
3300 pop2 1.08332 0.98484
3400 pop1 1.08882 0.989835
3400 pop2 1.08437 0.985791
3500 pop1 1.08594 0.987223
3500 pop2 1.08463 0.986026
3600 pop1 1.08257 0.984156
3600 pop2 1.0877 0.988815
3700 pop1 1.08192 0.983563
3700 pop2 1.0871 0.988276
3800 pop1 1.0867 0.987912
3800 pop2 1.08341 0.98492
3900 pop1 1.08088 0.982614
3900 pop2 1.08595 0.987226
4000 pop1 1.08658 0.987802
4000 pop2 1.08117 0.982885
4100 pop1 1.08744 0.988586
4100 pop2 1.0847 0.986088
4200 pop1 1.08748 0.988621
4200 pop2 1.08356 0.985058
4300 pop1 1.0868 0.988001
4300 pop2 1.0816 0.98327
4400 pop1 1.08307 0.984611
4400 pop2 1.08608 0.987344
4500 pop1 1.08504 0.986397
4500 pop2 1.08374 0.98522
4600 pop1 1.08926 0.990234
4600 pop2 1.08509 0.986446
4700 pop1 1.08617 0.987423
4700 pop2 1.08645 0.987682
4800 pop1 1.08284 0.9844
4800 pop2 1.08589 0.987177
4900 pop1 1.08452 0.985928
4900 pop2 1.08579 0.987084
5000 pop1 1.08591 0.987188
5000 pop2 1.08026 0.982054
