1 pop1 1.0 0.909091
1 pop2 1.0 0.909091
100 pop1 1.03861 0.944194
100 pop2 1.03415 0.940139
200 pop1 1.02778 0.934347
200 pop2 1.04293 0.948122
300 pop1 1.03989 0.945358
300 pop2 1.03281 0.938918
400 pop1 1.02728 0.933888
400 pop2 1.04009 0.945535
500 pop1 1.03839 0.943994
500 pop2 1.02784 0.934398
600 pop1 1.03992 0.945384
600 pop2 1.03205 0.938231
700 pop1 1.03744 0.943128
700 pop2 1.03183 0.938025
800 pop1 1.02369 0.930625
800 pop2 1.0418 0.947094
900 pop1 1.02876 0.935238
900 pop2 1.03805 0.943679
1000 pop1 1.03614 0.941942
1000 pop2 1.0327 0.93882
1100 pop1 1.06397 0.967249
1100 pop2 1.04927 0.953886
1200 pop1 1.053 0.957274
1200 pop2 1.0647 0.96791
1300 pop1 1.04726 0.952053
1300 pop2 1.07134 0.973941
1400 pop1 1.05264 0.956948
1400 pop2 1.0677 0.970637
1500 pop1 1.06273 0.96612
1500 pop2 1.05874 0.962493
1600 pop1 1.05276 0.957054
1600 pop2 1.06531 0.968467
1700 pop1 1.05287 0.957157
1700 pop2 1.06743 0.970395
1800 pop1 1.06082 0.964386
1800 pop2 1.06446 0.967689
1900 pop1 1.05236 0.956688
1900 pop2 1.06958 0.972343
2000 pop1 1.05459 0.958721
2000 pop2 1.0681 0.970997
2100 pop1 1.05939 0.963081
2100 pop2 1.06286 0.966239
2200 pop1 1.06562 0.968741
2200 pop2 1.05703 0.960932
2300 pop1 1.06727 0.970246
2300 pop2 1.05361 0.957827
2400 pop1 1.05849 0.962267
2400 pop2 1.06333 0.966665
2500 pop1 1.05463 0.958759
2500 pop2 1.06603 0.969114
2600 pop1 1.06119 0.964714
2600 pop2 1.0628 0.966185
2700 pop1 1.05864 0.962402
2700 pop2 1.06022 0.963834
2800 pop1 1.06242 0.965835
2800 pop2 1.06328 0.966622
2900 pop1 1.06528 0.968432
2900 pop2 1.05557 0.959612
3000 pop1 1.06296 0.966324
3000 pop2 1.06063 0.964205
3100 pop1 1.06551 0.968642
3100 pop2 1.06076 0.964329
3200 pop1 1.06155 0.965042
3200 pop2 1.06027 0.963879
3300 pop1 1.06218 0.965614
3300 pop2 1.06175 0.965228
3400 pop1 1.06311 0.966467
3400 pop2 1.05752 0.961383
3500 pop1 1.05624 0.960216
3500 pop2 1.06462 0.967841
3600 pop1 1.05843 0.96221
3600 pop2 1.06039 0.96399
3700 pop1 1.05938 0.963069
3700 pop2 1.06278 0.966165
3800 pop1 1.05148 0.95589
3800 pop2 1.07099 0.973624
3900 pop1 1.05757 0.961427
3900 pop2 1.06249 0.965896
4000 pop1 1.06306 0.966414
4000 pop2 1.05853 0.962298
4100 pop1 1.06367 0.966972
4100 pop2 1.05862 0.962386
4200 pop1 1.05657 0.960517
4200 pop2 1.06343 0.966751
4300 pop1 1.06098 0.96453
4300 pop2 1.06434 0.967581
4400 pop1 1.06075 0.964318
4400 pop2 1.06233 0.965756
4500 pop1 1.06078 0.964343
4500 pop2 1.0639 0.967179
4600 pop1 1.0619 0.965367
4600 pop2 1.0607 0.964274
4700 pop1 1.06393 0.967207
4700 pop2 1.0626 0.966001
4800 pop1 1.06674 0.969763
4800 pop2 1.05625 0.960231
4900 pop1 1.06502 0.968203
4900 pop2 1.05861 0.962375
5000 pop1 1.06393 0.967206
5000 pop2 1.05862 0.96238
