1 pop1 1.0 0.980392
1 pop2 1.0 0.980392
100 pop1 1.00977 0.989973
100 pop2 1.0052 0.985492
200 pop1 1.00994 0.990139
200 pop2 1.00733 0.987576
300 pop1 1.00952 0.989728
300 pop2 1.00545 0.985739
400 pop1 1.00967 0.989868
400 pop2 1.00475 0.985048
500 pop1 1.0114 0.991566
500 pop2 1.00724 0.987486
600 pop1 1.00846 0.988682
600 pop2 1.00977 0.989971
700 pop1 1.00851 0.988731
700 pop2 1.00898 0.989195
800 pop1 1.00662 0.986883
800 pop2 1.00937 0.989583
900 pop1 1.00905 0.989265
900 pop2 1.00832 0.988549
1000 pop1 1.00833 0.988558
1000 pop2 1.0077 0.987938
1100 pop1 1.01246 0.992605
1100 pop2 0.996458 0.97692
1200 pop1 1.01392 0.994036
1200 pop2 0.996518 0.976978
1300 pop1 1.01605 0.996126
1300 pop2 0.99651 0.976971
1400 pop1 1.01639 0.996463
1400 pop2 0.99599 0.976461
1500 pop1 1.01922 0.99924
1500 pop2 0.995979 0.97645
1600 pop1 1.01853 0.998558
1600 pop2 0.996217 0.976684
1700 pop1 1.01896 0.998983
1700 pop2 0.997612 0.978051
1800 pop1 1.01968 0.999687
1800 pop2 0.998581 0.979001
1900 pop1 1.01939 0.999399
1900 pop2 0.999537 0.979938
2000 pop1 1.0201 1.0001
2000 pop2 0.999322 0.979727
2100 pop1 1.0201 1.0001
2100 pop2 0.999525 0.979927
2200 pop1 1.0201 1.0001
2200 pop2 0.999238 0.979645
2300 pop1 1.0201 1.0001
2300 pop2 0.999254 0.979661
2400 pop1 1.0201 1.0001
2400 pop2 0.999497 0.979899
2500 pop1 1.0201 1.0001
2500 pop2 0.999912 0.980306
2600 pop1 1.0201 1.0001
2600 pop2 0.999693 0.980091
2700 pop1 1.0201 1.0001
2700 pop2 0.999796 0.980193
2800 pop1 1.0201 1.0001
2800 pop2 0.999876 0.980271
2900 pop1 1.0201 1.0001
2900 pop2 0.999629 0.980028
3000 pop1 1.0201 1.0001
3000 pop2 0.999916 0.98031
3100 pop1 1.0201 1.0001
3100 pop2 0.999852 0.980247
3200 pop1 1.0201 1.0001
3200 pop2 0.99982 0.980216
3300 pop1 1.0201 1.0001
3300 pop2 0.99998 0.980373
3400 pop1 1.0201 1.0001
3400 pop2 0.999968 0.980361
3500 pop1 1.0201 1.0001
3500 pop2 1.0 0.980392
3600 pop1 1.0201 1.0001
3600 pop2 1.0 0.980392
3700 pop1 1.0201 1.0001
3700 pop2 1.0 0.980392
3800 pop1 1.0201 1.0001
3800 pop2 1.0 0.980392
3900 pop1 1.0201 1.0001
3900 pop2 1.0 0.980392
4000 pop1 1.0201 1.0001
4000 pop2 1.0 0.980392
4100 pop1 1.0201 1.0001
4100 pop2 1.0 0.980392
4200 pop1 1.0201 1.0001
4200 pop2 1.0 0.980392
4300 pop1 1.0201 1.0001
4300 pop2 1.0 0.980392
4400 pop1 1.0201 1.0001
4400 pop2 1.0 0.980392
4500 pop1 1.0201 1.0001
4500 pop2 1.0 0.980392
4600 pop1 1.0201 1.0001
4600 pop2 1.0 0.980392
4700 pop1 1.0201 1.0001
4700 pop2 1.0 0.980392
4800 pop1 1.0201 1.0001
4800 pop2 1.0 0.980392
4900 pop1 1.0201 1.0001
4900 pop2 1.0 0.980392
5000 pop1 1.0201 1.0001
5000 pop2 1.0 0.980392
