1 pop1 1.0 0.909091
1 pop2 1.0 0.909091
100 pop1 1.01229 0.920266
100 pop2 1.01829 0.925721
200 pop1 1.02545 0.932229
200 pop2 1.00581 0.91437
300 pop1 1.01097 0.919062
300 pop2 1.01368 0.921528
400 pop1 1.00861 0.916919
400 pop2 1.01958 0.926893
500 pop1 1.02081 0.928008
500 pop2 1.00594 0.91449
600 pop1 1.02432 0.9312
600 pop2 1.00876 0.917054
700 pop1 1.00968 0.917893
700 pop2 1.02108 0.928254
800 pop1 1.00847 0.916791
800 pop2 1.02171 0.92883
900 pop1 1.00363 0.912389
900 pop2 1.02215 0.929224
1000 pop1 1.01702 0.92456
1000 pop2 1.00968 0.917892
1100 pop1 1.04848 0.953164
1100 pop2 1.04716 0.951967
1200 pop1 1.04078 0.946166
1200 pop2 1.06202 0.965469
1300 pop1 1.04733 0.952116
1300 pop2 1.05721 0.961101
1400 pop1 1.04761 0.952371
1400 pop2 1.0549 0.959003
1500 pop1 1.04248 0.947709
1500 pop2 1.06292 0.96629
1600 pop1 1.04013 0.945577
1600 pop2 1.06724 0.970222
1700 pop1 1.04594 0.95085
1700 pop2 1.06131 0.964825
1800 pop1 1.04803 0.952759
1800 pop2 1.05906 0.962778
1900 pop1 1.04181 0.947101
1900 pop2 1.06575 0.96886
2000 pop1 1.04707 0.951877
2000 pop2 1.06066 0.964237
2100 pop1 1.04905 0.953678
2100 pop2 1.06193 0.965393
2200 pop1 1.04853 0.953211
2200 pop2 1.05843 0.962211
2300 pop1 1.05531 0.959371
2300 pop2 1.05444 0.958584
2400 pop1 1.057 0.960911
2400 pop2 1.05309 0.957352
2500 pop1 1.0473 0.952095
2500 pop2 1.05932 0.963022
2600 pop1 1.04578 0.95071
2600 pop2 1.06717 0.970156
2700 pop1 1.04785 0.952589
2700 pop2 1.06061 0.964189
2800 pop1 1.05352 0.957745
2800 pop2 1.05601 0.960007
2900 pop1 1.05417 0.958337
2900 pop2 1.05579 0.959813
3000 pop1 1.0513 0.955726
3000 pop2 1.05679 0.960721
3100 pop1 1.05316 0.957415
3100 pop2 1.05703 0.96094
3200 pop1 1.05752 0.961384
3200 pop2 1.05221 0.956558
3300 pop1 1.05294 0.957216
3300 pop2 1.05671 0.960645
3400 pop1 1.04653 0.951388
3400 pop2 1.06203 0.965482
3500 pop1 1.05337 0.957607
3500 pop2 1.05906 0.962779
3600 pop1 1.05507 0.959153
3600 pop2 1.0534 0.957634
3700 pop1 1.06028 0.963889
3700 pop2 1.05005 0.954592
3800 pop1 1.05635 0.960319
3800 pop2 1.05231 0.956642
3900 pop1 1.05366 0.957873
3900 pop2 1.05646 0.960419
4000 pop1 1.04277 0.947974
4000 pop2 1.06915 0.971957
4100 pop1 1.04706 0.951874
4100 pop2 1.06573 0.968847
4200 pop1 1.05187 0.956249
4200 pop2 1.05727 0.96115
4300 pop1 1.05974 0.963399
4300 pop2 1.05162 0.956022
4400 pop1 1.05392 0.958112
4400 pop2 1.05489 0.95899
4500 pop1 1.06024 0.963857
4500 pop2 1.05059 0.955083
4600 pop1 1.06066 0.964233
4600 pop2 1.05125 0.955685
4700 pop1 1.06301 0.966377
4700 pop2 1.04696 0.95178
4800 pop1 1.05799 0.961811
4800 pop2 1.0546 0.958728
4900 pop1 1.05733 0.961208
4900 pop2 1.05385 0.958047
5000 pop1 1.0586 0.962363
5000 pop2 1.05251 0.956824
