1 pop1 1.0 0.909091
1 pop2 1.0 0.909091
100 pop1 1.08379 0.985267
100 pop2 1.08042 0.982201
200 pop1 1.08507 0.986424
200 pop2 1.08216 0.98378
300 pop1 1.08428 0.985707
300 pop2 1.08699 0.988175
400 pop1 1.08575 0.98705
400 pop2 1.08875 0.989774
500 pop1 1.08189 0.983539
500 pop2 1.07961 0.981466
600 pop1 1.08136 0.983057
600 pop2 1.0852 0.986548
700 pop1 1.08459 0.985994
700 pop2 1.08251 0.984104
800 pop1 1.08478 0.986167
800 pop2 1.08334 0.984851
900 pop1 1.08145 0.983135
900 pop2 1.08441 0.98583
1000 pop1 1.08373 0.985213
1000 pop2 1.0825 0.984088
1100 pop1 1.08051 0.982286
1100 pop2 1.06202 0.965474
1200 pop1 1.08605 0.987314
1200 pop2 1.08444 0.985858
1300 pop1 1.08548 0.986803
1300 pop2 1.08254 0.984127
1400 pop1 1.08412 0.985562
1400 pop2 1.08842 0.989477
1500 pop1 1.08398 0.985439
1500 pop2 1.08596 0.987236
1600 pop1 1.08584 0.987128
1600 pop2 1.08334 0.984855
1700 pop1 1.08443 0.985845
1700 pop2 1.08902 0.990015
1800 pop1 1.08554 0.986852
1800 pop2 1.08584 0.98713
1900 pop1 1.08539 0.986717
1900 pop2 1.08347 0.98497
2000 pop1 1.08571 0.987007
2000 pop2 1.08299 0.984532
2100 pop1 1.08514 0.986491
2100 pop2 1.0897 0.99064
2200 pop1 1.08335 0.984865
2200 pop2 1.08852 0.989567
2300 pop1 1.08559 0.986897
2300 pop2 1.08381 0.985285
2400 pop1 1.08326 0.984785
2400 pop2 1.08547 0.98679
2500 pop1 1.08712 0.988295
2500 pop2 1.08829 0.989352
2600 pop1 1.0872 0.988366
2600 pop2 1.08637 0.987613
2700 pop1 1.08396 0.985416
2700 pop2 1.08457 0.985976
2800 pop1 1.08656 0.987779
2800 pop2 1.08595 0.987224
2900 pop1 1.08387 0.985333
2900 pop2 1.08562 0.986924
3000 pop1 1.08426 0.985691
3000 pop2 1.08678 0.987985
3100 pop1 1.08942 0.990386
3100 pop2 1.08249 0.984081
3200 pop1 1.08381 0.985285
3200 pop2 1.08692 0.988111
3300 pop1 1.08153 0.983208
3300 pop2 1.08774 0.988858
3400 pop1 1.07773 0.979757
3400 pop2 1.08607 0.987334
3500 pop1 1.08511 0.986464
3500 pop2 1.08715 0.988316
3600 pop1 1.08497 0.986333
3600 pop2 1.08724 0.9884
3700 pop1 1.08249 0.98408
3700 pop2 1.08409 0.985532
3800 pop1 1.08895 0.989954
3800 pop2 1.08145 0.983139
3900 pop1 1.0827 0.98427
3900 pop2 1.08883 0.989848
4000 pop1 1.08742 0.988562
4000 pop2 1.08422 0.985656
4100 pop1 1.08412 0.985567
4100 pop2 1.08352 0.985014
4200 pop1 1.08493 0.986302
4200 pop2 1.08061 0.982375
4300 pop1 1.08668 0.987887
4300 pop2 1.08126 0.982964
4400 pop1 1.08363 0.985114
4400 pop2 1.08523 0.986568
4500 pop1 1.08184 0.983495
4500 pop2 1.08694 0.988123
4600 pop1 1.08159 0.983268
4600 pop2 1.08773 0.988848
4700 pop1 1.0855 0.986818
4700 pop2 1.08488 0.98625
4800 pop1 1.08584 0.987129
4800 pop2 1.08514 0.986495
4900 pop1 1.08744 0.988585
4900 pop2 1.08666 0.987875
5000 pop1 1.08478 0.986162
5000 pop2 1.08672 0.98793
