1 pop1 1.0 0.980392
1 pop2 1.0 0.980392
100 pop1 1.00135 0.981719
100 pop2 1.00123 0.981597
200 pop1 1.00105 0.981422
200 pop2 1.0006 0.980976
300 pop1 0.999107 0.979516
300 pop2 1.00248 0.982821
400 pop1 1.0007 0.981076
400 pop2 1.00057 0.980956
500 pop1 1.00015 0.980543
500 pop2 1.00126 0.981625
600 pop1 0.999585 0.979985
600 pop2 1.00262 0.982959
700 pop1 0.998392 0.978816
700 pop2 1.00299 0.983321
800 pop1 0.999332 0.979737
800 pop2 1.00189 0.98224
900 pop1 0.99791 0.978344
900 pop2 1.00349 0.983809
1000 pop1 0.997901 0.978334
1000 pop2 1.00358 0.983902
1100 pop1 1.00327 0.983599
1100 pop2 1.00726 0.987507
1200 pop1 1.00612 0.986391
1200 pop2 1.00991 0.990109
1300 pop1 1.00685 0.987104
1300 pop2 1.01169 0.991851
1400 pop1 1.00702 0.987272
1400 pop2 1.01248 0.992629
1500 pop1 1.00693 0.987188
1500 pop2 1.01286 0.992997
1600 pop1 1.00622 0.986493
1600 pop2 1.01278 0.992919
1700 pop1 1.00695 0.987202
1700 pop2 1.01163 0.991791
1800 pop1 1.00791 0.988144
1800 pop2 1.01109 0.991265
1900 pop1 1.00688 0.987137
1900 pop2 1.0127 0.992842
2000 pop1 1.00653 0.986793
2000 pop2 1.0123 0.992451
2100 pop1 1.00601 0.986283
2100 pop2 1.01342 0.993546
2200 pop1 1.00447 0.984774
2200 pop2 1.01541 0.995496
2300 pop1 1.00282 0.983156
2300 pop2 1.01669 0.996753
2400 pop1 1.00323 0.983555
2400 pop2 1.01683 0.996889
2500 pop1 1.00176 0.982119
2500 pop2 1.0178 0.997842
2600 pop1 1.00165 0.982012
2600 pop2 1.01819 0.998226
2700 pop1 1.00164 0.981996
2700 pop2 1.01868 0.99871
2800 pop1 1.00087 0.981242
2800 pop2 1.01926 0.99927
2900 pop1 1.00056 0.980946
2900 pop2 1.01946 0.999471
3000 pop1 1.00054 0.980918
3000 pop2 1.01926 0.999276
3100 pop1 1.00077 0.981145
3100 pop2 1.01925 0.999269
3200 pop1 1.00037 0.980755
3200 pop2 1.01986 0.999867
3300 pop1 1.00005 0.980439
3300 pop2 1.01985 0.999858
3400 pop1 0.999907 0.980301
3400 pop2 1.02011 1.00011
3500 pop1 0.999908 0.980302
3500 pop2 1.02011 1.00011
3600 pop1 0.999909 0.980303
3600 pop2 1.02011 1.00011
3700 pop1 0.99991 0.980304
3700 pop2 1.02011 1.00011
3800 pop1 0.99991 0.980304
3800 pop2 1.02011 1.00011
3900 pop1 0.99991 0.980304
3900 pop2 1.02011 1.00011
4000 pop1 0.999911 0.980304
4000 pop2 1.02011 1.00011
4100 pop1 0.99991 0.980304
4100 pop2 1.02011 1.00011
4200 pop1 0.999909 0.980303
4200 pop2 1.02011 1.00011
4300 pop1 0.99991 0.980304
4300 pop2 1.02011 1.00011
4400 pop1 0.99991 0.980304
4400 pop2 1.02011 1.00011
4500 pop1 0.99991 0.980304
4500 pop2 1.02011 1.00011
4600 pop1 0.999912 0.980305
4600 pop2 1.02011 1.00011
4700 pop1 0.999912 0.980305
4700 pop2 1.02011 1.00011
4800 pop1 0.999911 0.980305
4800 pop2 1.02011 1.00011
4900 pop1 0.999911 0.980305
4900 pop2 1.02011 1.00011
5000 pop1 0.999911 0.980305
5000 pop2 1.02011 1.00011
