1 pop1 1.0 0.980392
1 pop2 1.0 0.980392
100 pop1 1.00245 0.982794
100 pop2 0.998976 0.979388
200 pop1 0.999757 0.980154
200 pop2 1.00174 0.982094
300 pop1 0.997256 0.977702
300 pop2 1.00327 0.983596
400 pop1 1.00163 0.981987
400 pop2 1.00025 0.980639
500 pop1 1.00076 0.981139
500 pop2 1.00048 0.980867
600 pop1 1.00051 0.98089
600 pop2 1.00045 0.980834
700 pop1 1.00185 0.982202
700 pop2 0.999785 0.980182
800 pop1 1.00232 0.982664
800 pop2 0.998543 0.978964
900 pop1 1.00209 0.982442
900 pop2 0.998199 0.978626
1000 pop1 1.00062 0.980999
1000 pop2 0.999579 0.97998
1100 pop1 1.00834 0.988568
1100 pop2 0.995019 0.975508
1200 pop1 1.01462 0.99473
1200 pop2 0.994142 0.974649
1300 pop1 1.01721 0.99726
1300 pop2 0.994621 0.975119
1400 pop1 1.01963 0.999642
1400 pop2 0.99617 0.976637
1500 pop1 1.0195 0.999514
1500 pop2 0.996163 0.97663
1600 pop1 1.02011 1.0001
1600 pop2 0.997994 0.978426
1700 pop1 1.0201 1.0001
1700 pop2 0.998807 0.979223
1800 pop1 1.0201 1.0001
1800 pop2 0.999182 0.97959
1900 pop1 1.0201 1.0001
1900 pop2 0.999637 0.980036
2000 pop1 1.0201 1.0001
2000 pop2 0.999513 0.979915
2100 pop1 1.0201 1.0001
2100 pop2 0.999812 0.980208
2200 pop1 1.0201 1.0001
2200 pop2 0.999944 0.980337
2300 pop1 1.0201 1.0001
2300 pop2 1.0 0.980392
2400 pop1 1.0201 1.0001
2400 pop2 1.0 0.980392
2500 pop1 1.0201 1.0001
2500 pop2 1.0 0.980392
2600 pop1 1.0201 1.0001
2600 pop2 1.0 0.980392
2700 pop1 1.0201 1.0001
2700 pop2 1.0 0.980392
2800 pop1 1.0201 1.0001
2800 pop2 1.0 0.980392
2900 pop1 1.0201 1.0001
2900 pop2 1.0 0.980392
3000 pop1 1.0201 1.0001
3000 pop2 1.0 0.980392
3100 pop1 1.0201 1.0001
3100 pop2 1.0 0.980392
3200 pop1 1.0201 1.0001
3200 pop2 1.0 0.980392
3300 pop1 1.0201 1.0001
3300 pop2 1.0 0.980392
3400 pop1 1.0201 1.0001
3400 pop2 1.0 0.980392
3500 pop1 1.0201 1.0001
3500 pop2 1.0 0.980392
3600 pop1 1.0201 1.0001
3600 pop2 1.0 0.980392
3700 pop1 1.0201 1.0001
3700 pop2 1.0 0.980392
3800 pop1 1.0201 1.0001
3800 pop2 1.0 0.980392
3900 pop1 1.0201 1.0001
3900 pop2 1.0 0.980392
4000 pop1 1.0201 1.0001
4000 pop2 1.0 0.980392
4100 pop1 1.0201 1.0001
4100 pop2 1.0 0.980392
4200 pop1 1.0201 1.0001
4200 pop2 1.0 0.980392
4300 pop1 1.0201 1.0001
4300 pop2 1.0 0.980392
4400 pop1 1.0201 1.0001
4400 pop2 1.0 0.980392
4500 pop1 1.0201 1.0001
4500 pop2 1.0 0.980392
4600 pop1 1.0201 1.0001
4600 pop2 1.0 0.980392
4700 pop1 1.0201 1.0001
4700 pop2 1.0 0.980392
4800 pop1 1.0201 1.0001
4800 pop2 1.0 0.980392
4900 pop1 1.0201 1.0001
4900 pop2 1.0 0.980392
5000 pop1 1.0201 1.0001
5000 pop2 1.0 0.980392
