1 pop1 1.0 0.833333
1 pop2 1.0 0.833333
100 pop1 1.12617 0.938473
100 pop2 1.11939 0.932829
200 pop1 1.11794 0.931614
200 pop2 1.12418 0.936817
300 pop1 1.12908 0.940901
300 pop2 1.11936 0.932802
400 pop1 1.11252 0.927104
400 pop2 1.12558 0.937986
500 pop1 1.12836 0.940301
500 pop2 1.11408 0.928398
600 pop1 1.12012 0.933436
600 pop2 1.12632 0.938602
700 pop1 1.12228 0.935233
700 pop2 1.11567 0.929724
800 pop1 1.117 0.930832
800 pop2 1.12146 0.93455
900 pop1 1.12793 0.939943
900 pop2 1.12839 0.940324
1000 pop1 1.11822 0.931854
1000 pop2 1.11927 0.932724
1100 pop1 1.13004 0.941703
1100 pop2 1.1519 0.959917
1200 pop1 1.14052 0.950432
1200 pop2 1.14273 0.952278
1300 pop1 1.13789 0.948244
1300 pop2 1.14946 0.957887
1400 pop1 1.12704 0.939196
1400 pop2 1.14594 0.954954
1500 pop1 1.14353 0.952945
1500 pop2 1.1399 0.949919
1600 pop1 1.13754 0.947949
1600 pop2 1.14102 0.950848
1700 pop1 1.14236 0.95197
1700 pop2 1.14377 0.953143
1800 pop1 1.13925 0.949378
1800 pop2 1.14517 0.954306
1900 pop1 1.14077 0.950644
1900 pop2 1.14706 0.955884
2000 pop1 1.15295 0.960789
2000 pop2 1.13834 0.948618
2100 pop1 1.14201 0.951679
2100 pop2 1.14047 0.950392
2200 pop1 1.14021 0.950172
2200 pop2 1.14598 0.954983
2300 pop1 1.1405 0.950416
2300 pop2 1.14694 0.95578
2400 pop1 1.14424 0.953533
2400 pop2 1.14613 0.955109
2500 pop1 1.14775 0.95646
2500 pop2 1.13669 0.94724
2600 pop1 1.1374 0.947833
2600 pop2 1.14707 0.955888
2700 pop1 1.14011 0.950089
2700 pop2 1.14646 0.95538
2800 pop1 1.14479 0.95399
2800 pop2 1.13906 0.949219
2900 pop1 1.14902 0.957518
2900 pop2 1.13051 0.942091
3000 pop1 1.14259 0.952161
3000 pop2 1.14165 0.951377
3100 pop1 1.14603 0.955028
3100 pop2 1.13634 0.946951
3200 pop1 1.14696 0.955803
3200 pop2 1.13924 0.949368
3300 pop1 1.14181 0.951512
3300 pop2 1.14318 0.952646
3400 pop1 1.1455 0.954587
3400 pop2 1.13885 0.949045
3500 pop1 1.14928 0.95773
3500 pop2 1.13838 0.948648
3600 pop1 1.14221 0.951841
3600 pop2 1.1446 0.953832
3700 pop1 1.14326 0.952713
3700 pop2 1.14357 0.952978
3800 pop1 1.14076 0.950634
3800 pop2 1.14663 0.955526
3900 pop1 1.15026 0.958547
3900 pop2 1.13281 0.944005
4000 pop1 1.14484 0.954037
4000 pop2 1.13691 0.947426
4100 pop1 1.14212 0.951768
4100 pop2 1.14028 0.95023
4200 pop1 1.14247 0.952061
4200 pop2 1.14179 0.951492
4300 pop1 1.15224 0.960196
4300 pop2 1.142 0.951666
4400 pop1 1.14333 0.952777
4400 pop2 1.14719 0.955993
4500 pop1 1.14767 0.956393
4500 pop2 1.13853 0.948775
4600 pop1 1.14237 0.951973
4600 pop2 1.14002 0.950017
4700 pop1 1.14523 0.954361
4700 pop2 1.14486 0.954051
4800 pop1 1.14902 0.957514
4800 pop2 1.13767 0.948056
4900 pop1 1.1414 0.951164
4900 pop2 1.14584 0.954867
5000 pop1 1.1404 0.950329
5000 pop2 1.14556 0.954632
