1 pop1 1.0 0.980392
1 pop2 1.0 0.980392
100 pop1 1.00299 0.983325
100 pop2 0.999138 0.979547
200 pop1 1.0029 0.983237
200 pop2 0.999373 0.979778
300 pop1 1.00411 0.984419
300 pop2 0.997873 0.978307
400 pop1 0.999917 0.98031
400 pop2 1.001 0.981369
500 pop1 1.00127 0.981639
500 pop2 0.999642 0.980041
600 pop1 1.00332 0.983645
600 pop2 0.998011 0.978442
700 pop1 1.00517 0.985465
700 pop2 0.996851 0.977305
800 pop1 1.00226 0.982605
800 pop2 1.00015 0.980536
900 pop1 0.998207 0.978634
900 pop2 1.00284 0.983172
1000 pop1 0.997464 0.977905
1000 pop2 1.00349 0.983814
1100 pop1 1.00641 0.986677
1100 pop2 0.995855 0.976328
1200 pop1 1.01273 0.992876
1200 pop2 0.994645 0.975142
1300 pop1 1.01568 0.995764
1300 pop2 0.993291 0.973815
1400 pop1 1.01727 0.997319
1400 pop2 0.993349 0.973872
1500 pop1 1.01812 0.998154
1500 pop2 0.994334 0.974837
1600 pop1 1.01938 0.999393
1600 pop2 0.993953 0.974464
1700 pop1 1.01974 0.999741
1700 pop2 0.994811 0.975304
1800 pop1 1.01979 0.999797
1800 pop2 0.996972 0.977424
1900 pop1 1.02011 1.00011
1900 pop2 0.997184 0.977631
2000 pop1 1.0201 1.0001
2000 pop2 0.998372 0.978796
2100 pop1 1.0201 1.0001
2100 pop2 0.998679 0.979097
2200 pop1 1.0201 1.0001
2200 pop2 0.998987 0.979399
2300 pop1 1.0201 1.0001
2300 pop2 0.999262 0.979668
2400 pop1 1.0201 1.0001
2400 pop2 0.999681 0.980079
2500 pop1 1.0201 1.0001
2500 pop2 0.999549 0.97995
2600 pop1 1.0201 1.0001
2600 pop2 0.999896 0.98029
2700 pop1 1.0201 1.0001
2700 pop2 1.0 0.980392
2800 pop1 1.0201 1.0001
2800 pop2 1.0 0.980392
2900 pop1 1.0201 1.0001
2900 pop2 1.0 0.980392
3000 pop1 1.0201 1.0001
3000 pop2 1.0 0.980392
3100 pop1 1.0201 1.0001
3100 pop2 1.0 0.980392
3200 pop1 1.0201 1.0001
3200 pop2 1.0 0.980392
3300 pop1 1.0201 1.0001
3300 pop2 1.0 0.980392
3400 pop1 1.0201 1.0001
3400 pop2 1.0 0.980392
3500 pop1 1.0201 1.0001
3500 pop2 1.0 0.980392
3600 pop1 1.0201 1.0001
3600 pop2 1.0 0.980392
3700 pop1 1.0201 1.0001
3700 pop2 1.0 0.980392
3800 pop1 1.0201 1.0001
3800 pop2 1.0 0.980392
3900 pop1 1.0201 1.0001
3900 pop2 1.0 0.980392
4000 pop1 1.0201 1.0001
4000 pop2 1.0 0.980392
4100 pop1 1.0201 1.0001
4100 pop2 1.0 0.980392
4200 pop1 1.0201 1.0001
4200 pop2 1.0 0.980392
4300 pop1 1.0201 1.0001
4300 pop2 1.0 0.980392
4400 pop1 1.0201 1.0001
4400 pop2 1.0 0.980392
4500 pop1 1.0201 1.0001
4500 pop2 1.0 0.980392
4600 pop1 1.0201 1.0001
4600 pop2 1.0 0.980392
4700 pop1 1.0201 1.0001
4700 pop2 1.0 0.980392
4800 pop1 1.0201 1.0001
4800 pop2 1.0 0.980392
4900 pop1 1.0201 1.0001
4900 pop2 1.0 0.980392
5000 pop1 1.0201 1.0001
5000 pop2 1.0 0.980392
