1 pop1 1.0 0.833333
1 pop2 1.0 0.833333
100 pop1 1.11899 0.93249
100 pop2 1.119 0.932503
200 pop1 1.12528 0.937736
200 pop2 1.12394 0.936614
300 pop1 1.11783 0.931528
300 pop2 1.12525 0.937707
400 pop1 1.1131 0.927582
400 pop2 1.13061 0.942179
500 pop1 1.11286 0.927382
500 pop2 1.13032 0.941931
600 pop1 1.11888 0.932403
600 pop2 1.13155 0.942958
700 pop1 1.12349 0.936242
700 pop2 1.12551 0.937927
800 pop1 1.12348 0.936231
800 pop2 1.12185 0.934876
900 pop1 1.12382 0.936517
900 pop2 1.12545 0.937876
1000 pop1 1.11845 0.932039
1000 pop2 1.12831 0.940256
1100 pop1 1.13974 0.949782
1100 pop2 1.13984 0.949868
1200 pop1 1.14145 0.951208
1200 pop2 1.14686 0.95572
1300 pop1 1.1423 0.951916
1300 pop2 1.147 0.955833
1400 pop1 1.13362 0.944686
1400 pop2 1.14585 0.954872
1500 pop1 1.1458 0.95483
1500 pop2 1.13757 0.947972
1600 pop1 1.13821 0.948509
1600 pop2 1.15409 0.961743
1700 pop1 1.14214 0.951783
1700 pop2 1.14638 0.955317
1800 pop1 1.13712 0.947604
1800 pop2 1.14116 0.950967
1900 pop1 1.13713 0.947606
1900 pop2 1.14538 0.954487
2000 pop1 1.13804 0.948365
2000 pop2 1.14049 0.950408
2100 pop1 1.14046 0.950383
2100 pop2 1.14415 0.953459
2200 pop1 1.13007 0.941728
2200 pop2 1.14648 0.955399
2300 pop1 1.13745 0.947877
2300 pop2 1.14397 0.953305
2400 pop1 1.14412 0.953436
2400 pop2 1.1387 0.948913
2500 pop1 1.13925 0.949374
2500 pop2 1.14974 0.958115
2600 pop1 1.13691 0.947422
2600 pop2 1.14783 0.956528
2700 pop1 1.13745 0.947873
2700 pop2 1.14676 0.955631
2800 pop1 1.13482 0.945685
2800 pop2 1.14498 0.954149
2900 pop1 1.14994 0.958286
2900 pop2 1.13982 0.949852
3000 pop1 1.1441 0.953414
3000 pop2 1.14045 0.950378
3100 pop1 1.14607 0.955057
3100 pop2 1.13582 0.946519
3200 pop1 1.14261 0.952178
3200 pop2 1.14675 0.955627
3300 pop1 1.14631 0.955259
3300 pop2 1.14075 0.950629
3400 pop1 1.13756 0.947966
3400 pop2 1.14379 0.953161
3500 pop1 1.14232 0.951933
3500 pop2 1.14306 0.952549
3600 pop1 1.13983 0.949855
3600 pop2 1.14041 0.950343
3700 pop1 1.14315 0.952624
3700 pop2 1.14786 0.956546
3800 pop1 1.14005 0.950042
3800 pop2 1.14461 0.953844
3900 pop1 1.14348 0.952903
3900 pop2 1.14655 0.955454
4000 pop1 1.14021 0.950175
4000 pop2 1.14528 0.9544
4100 pop1 1.13756 0.947969
4100 pop2 1.14673 0.955605
4200 pop1 1.14365 0.953043
4200 pop2 1.1411 0.950921
4300 pop1 1.14572 0.954768
4300 pop2 1.13868 0.948898
4400 pop1 1.14235 0.951955
4400 pop2 1.13946 0.949546
4500 pop1 1.14023 0.950196
4500 pop2 1.14038 0.950316
4600 pop1 1.14266 0.952219
4600 pop2 1.14017 0.950142
4700 pop1 1.14262 0.952185
4700 pop2 1.14483 0.954025
4800 pop1 1.14681 0.955676
4800 pop2 1.13241 0.943672
4900 pop1 1.13634 0.946946
4900 pop2 1.14556 0.954631
5000 pop1 1.14236 0.951966
5000 pop2 1.14452 0.953771
