1 pop1 1.0 0.909091
1 pop2 1.0 0.909091
100 pop1 1.08103 0.982753
100 pop2 1.08291 0.984461
200 pop1 1.0848 0.986184
200 pop2 1.08707 0.988243
300 pop1 1.08535 0.986685
300 pop2 1.08455 0.985954
400 pop1 1.08663 0.987845
400 pop2 1.08445 0.985862
500 pop1 1.08126 0.982965
500 pop2 1.08631 0.987555
600 pop1 1.08255 0.984136
600 pop2 1.08302 0.984565
700 pop1 1.0831 0.984641
700 pop2 1.08331 0.984828
800 pop1 1.08163 0.983301
800 pop2 1.08498 0.986343
900 pop1 1.08793 0.989028
900 pop2 1.08551 0.98683
1000 pop1 1.0811 0.982823
1000 pop2 1.07801 0.98001
1100 pop1 1.09062 0.991473
1100 pop2 0.995763 0.905239
1200 pop1 1.09713 0.997387
1200 pop2 0.994795 0.904359
1300 pop1 1.09824 0.998405
1300 pop2 0.9971 0.906454
1400 pop1 1.10131 1.00119
1400 pop2 0.998874 0.908067
1500 pop1 1.10238 1.00216
1500 pop2 0.998795 0.907996
1600 pop1 1.10256 1.00232
1600 pop2 0.998993 0.908175
1700 pop1 1.10252 1.00229
1700 pop2 0.999644 0.908768
1800 pop1 1.10251 1.00229
1800 pop2 0.99996 0.909055
1900 pop1 1.10251 1.00228
1900 pop2 0.999664 0.908786
2000 pop1 1.1025 1.00228
2000 pop2 1.0 0.909091
2100 pop1 1.10253 1.0023
2100 pop2 0.999901 0.909001
2200 pop1 1.10252 1.00229
2200 pop2 0.999881 0.908983
2300 pop1 1.10253 1.0023
2300 pop2 0.999684 0.908804
2400 pop1 1.10253 1.0023
2400 pop2 0.999881 0.908983
2500 pop1 1.10251 1.00228
2500 pop2 0.99996 0.909055
2600 pop1 1.1025 1.00227
2600 pop2 1.0 0.909091
2700 pop1 1.1025 1.00227
2700 pop2 1.0 0.909091
2800 pop1 1.1025 1.00227
2800 pop2 1.0 0.909091
2900 pop1 1.1025 1.00227
2900 pop2 1.0 0.909091
3000 pop1 1.1025 1.00227
3000 pop2 1.0 0.909091
3100 pop1 1.1025 1.00227
3100 pop2 1.0 0.909091
3200 pop1 1.1025 1.00227
3200 pop2 1.0 0.909091
3300 pop1 1.1025 1.00227
3300 pop2 1.0 0.909091
3400 pop1 1.1025 1.00227
3400 pop2 1.0 0.909091
3500 pop1 1.1025 1.00227
3500 pop2 1.0 0.909091
3600 pop1 1.1025 1.00227
3600 pop2 1.0 0.909091
3700 pop1 1.1025 1.00227
3700 pop2 1.0 0.909091
3800 pop1 1.1025 1.00227
3800 pop2 1.0 0.909091
3900 pop1 1.1025 1.00227
3900 pop2 1.0 0.909091
4000 pop1 1.1025 1.00227
4000 pop2 1.0 0.909091
4100 pop1 1.1025 1.00227
4100 pop2 1.0 0.909091
4200 pop1 1.1025 1.00227
4200 pop2 1.0 0.909091
4300 pop1 1.1025 1.00227
4300 pop2 1.0 0.909091
4400 pop1 1.1025 1.00227
4400 pop2 1.0 0.909091
4500 pop1 1.1025 1.00227
4500 pop2 1.0 0.909091
4600 pop1 1.1025 1.00227
4600 pop2 1.0 0.909091
4700 pop1 1.1025 1.00227
4700 pop2 1.0 0.909091
4800 pop1 1.1025 1.00227
4800 pop2 1.0 0.909091
4900 pop1 1.1025 1.00227
4900 pop2 1.0 0.909091
5000 pop1 1.1025 1.00227
5000 pop2 1.0 0.909091
