1 pop1 1.0 0.980392
1 pop2 1.0 0.980392
100 pop1 0.998614 0.979033
100 pop2 1.00186 0.982212
200 pop1 0.999723 0.980121
200 pop2 1.00161 0.981973
300 pop1 1.00117 0.981536
300 pop2 0.999507 0.979908
400 pop1 1.00174 0.982093
400 pop2 0.999608 0.980008
500 pop1 1.00308 0.983412
500 pop2 0.997946 0.978379
600 pop1 1.00478 0.985078
600 pop2 0.996037 0.976506
700 pop1 1.00187 0.982222
700 pop2 0.998823 0.979239
800 pop1 0.999894 0.980289
800 pop2 1.00144 0.981807
900 pop1 1.00045 0.980829
900 pop2 1.00015 0.980541
1000 pop1 1.00039 0.980775
1000 pop2 1.00043 0.98081
1100 pop1 1.00635 0.986622
1100 pop2 0.998919 0.979332
1200 pop1 1.00889 0.989113
1200 pop2 1.00131 0.981672
1300 pop1 1.01011 0.990306
1300 pop2 1.00328 0.983611
1400 pop1 1.01058 0.990764
1400 pop2 1.00507 0.985362
1500 pop1 1.00865 0.988872
1500 pop2 1.00962 0.989819
1600 pop1 1.00954 0.989743
1600 pop2 1.00974 0.989941
1700 pop1 1.00976 0.989964
1700 pop2 1.00875 0.988973
1800 pop1 1.01089 0.991067
1800 pop2 1.00816 0.988396
1900 pop1 1.0095 0.989706
1900 pop2 1.0099 0.990095
2000 pop1 1.00993 0.990123
2000 pop2 1.00966 0.989865
2100 pop1 1.00821 0.988443
2100 pop2 1.01261 0.99275
2200 pop1 1.00803 0.988269
2200 pop2 1.01224 0.992389
2300 pop1 1.00974 0.989942
2300 pop2 1.0106 0.990788
2400 pop1 1.00941 0.989613
2400 pop2 1.01091 0.99109
2500 pop1 1.00869 0.988912
2500 pop2 1.01153 0.991696
2600 pop1 1.00821 0.988438
2600 pop2 1.01229 0.992445
2700 pop1 1.00896 0.989174
2700 pop2 1.01127 0.991442
2800 pop1 1.00677 0.987029
2800 pop2 1.01347 0.993597
2900 pop1 1.00834 0.988573
2900 pop2 1.01241 0.992556
3000 pop1 1.00714 0.987397
3000 pop2 1.01335 0.993476
3100 pop1 1.00878 0.988999
3100 pop2 1.01212 0.992271
3200 pop1 1.00808 0.988314
3200 pop2 1.01151 0.991675
3300 pop1 1.00821 0.988438
3300 pop2 1.01211 0.992264
3400 pop1 1.00788 0.988113
3400 pop2 1.01266 0.992804
3500 pop1 1.00692 0.987176
3500 pop2 1.01346 0.993586
3600 pop1 1.00612 0.986393
3600 pop2 1.01456 0.994672
3700 pop1 1.00584 0.986116
3700 pop2 1.0147 0.994802
3800 pop1 1.00429 0.984602
3800 pop2 1.01591 0.995995
3900 pop1 1.00403 0.984345
3900 pop2 1.01667 0.996734
4000 pop1 1.00386 0.98418
4000 pop2 1.0165 0.996568
4100 pop1 1.00253 0.982868
4100 pop2 1.01773 0.997773
4200 pop1 1.00251 0.982848
4200 pop2 1.01787 0.997908
4300 pop1 1.00357 0.983888
4300 pop2 1.01644 0.996512
4400 pop1 1.00348 0.983804
4400 pop2 1.01729 0.997343
4500 pop1 1.00395 0.984267
4500 pop2 1.01649 0.996556
4600 pop1 1.0047 0.984998
4600 pop2 1.0157 0.995781
4700 pop1 1.00445 0.984756
4700 pop2 1.01606 0.996133
4800 pop1 1.00427 0.984582
4800 pop2 1.01593 0.996014
4900 pop1 1.00467 0.984969
4900 pop2 1.01569 0.995777
5000 pop1 1.00535 0.985636
5000 pop2 1.01487 0.994966
