1 pop1 1.0 0.980392
1 pop2 1.0 0.980392
100 pop1 1.00717 0.987423
100 pop2 1.00699 0.987243
200 pop1 1.00476 0.985062
200 pop2 1.00515 0.985444
300 pop1 1.00449 0.984796
300 pop2 1.00493 0.985229
400 pop1 1.00331 0.983635
400 pop2 1.00654 0.986804
500 pop1 1.00118 0.981546
500 pop2 1.00557 0.985853
600 pop1 1.00022 0.980612
600 pop2 1.01139 0.991554
700 pop1 1.00023 0.980622
700 pop2 1.00972 0.989918
800 pop1 0.999121 0.979531
800 pop2 1.01064 0.990822
900 pop1 1.00167 0.982027
900 pop2 1.00806 0.988292
1000 pop1 1.00146 0.981822
1000 pop2 1.00729 0.987539
1100 pop1 1.00473 0.985028
1100 pop2 1.00119 0.981557
1200 pop1 1.01012 0.990309
1200 pop2 1.00702 0.987272
1300 pop1 1.01111 0.991282
1300 pop2 1.00837 0.988596
1400 pop1 1.01284 0.992977
1400 pop2 1.01067 0.990851
1500 pop1 1.01265 0.992794
1500 pop2 1.01052 0.990707
1600 pop1 1.0141 0.994219
1600 pop2 1.01181 0.991968
1700 pop1 1.01193 0.992089
1700 pop2 1.01203 0.992188
1800 pop1 1.01142 0.991584
1800 pop2 1.01248 0.992626
1900 pop1 1.01055 0.990737
1900 pop2 1.0127 0.992847
2000 pop1 1.01013 0.990321
2000 pop2 1.01437 0.994484
2100 pop1 1.00961 0.989813
2100 pop2 1.01335 0.993478
2200 pop1 1.00985 0.990054
2200 pop2 1.01445 0.994559
2300 pop1 1.01113 0.991301
2300 pop2 1.01263 0.992776
2400 pop1 1.01318 0.99331
2400 pop2 1.01309 0.993225
2500 pop1 1.01181 0.991971
2500 pop2 1.01319 0.993326
2600 pop1 1.01242 0.992564
2600 pop2 1.01335 0.993481
2700 pop1 1.01257 0.992719
2700 pop2 1.01226 0.99241
2800 pop1 1.01317 0.993301
2800 pop2 1.01171 0.991869
2900 pop1 1.01336 0.993494
2900 pop2 1.00905 0.989268
3000 pop1 1.01426 0.99437
3000 pop2 1.00966 0.989858
3100 pop1 1.01285 0.992987
3100 pop2 1.01088 0.991058
3200 pop1 1.0125 0.992645
3200 pop2 1.01171 0.991872
3300 pop1 1.01151 0.991678
3300 pop2 1.01313 0.993267
3400 pop1 1.01081 0.990992
3400 pop2 1.01433 0.994443
3500 pop1 1.0108 0.990985
3500 pop2 1.0143 0.994417
3600 pop1 1.01269 0.992835
3600 pop2 1.01237 0.992517
3700 pop1 1.01206 0.992213
3700 pop2 1.01369 0.993818
3800 pop1 1.01082 0.991005
3800 pop2 1.01454 0.994643
3900 pop1 1.01068 0.990865
3900 pop2 1.01451 0.994622
4000 pop1 1.00997 0.990165
4000 pop2 1.01411 0.994221
4100 pop1 1.01167 0.991831
4100 pop2 1.01324 0.993368
4200 pop1 1.01216 0.992315
4200 pop2 1.01142 0.991589
4300 pop1 1.01158 0.991741
4300 pop2 1.01239 0.992539
4400 pop1 1.01218 0.992331
4400 pop2 1.01327 0.993403
4500 pop1 1.01082 0.990996
4500 pop2 1.01387 0.993995
4600 pop1 1.01168 0.991843
4600 pop2 1.01154 0.991707
4700 pop1 1.01107 0.991245
4700 pop2 1.01317 0.993309
4800 pop1 1.0128 0.992937
4800 pop2 1.01159 0.991758
4900 pop1 1.01347 0.993599
4900 pop2 1.01193 0.992086
5000 pop1 1.01173 0.991895
5000 pop2 1.01286 0.993
