1 pop1 1.0 0.833333
1 pop2 1.0 0.833333
100 pop1 1.18851 0.990423
100 pop2 1.18723 0.989361
200 pop1 1.19043 0.992021
200 pop2 1.18799 0.989988
300 pop1 1.19137 0.992811
300 pop2 1.18868 0.990567
400 pop1 1.18918 0.990986
400 pop2 1.19438 0.995313
500 pop1 1.1932 0.994337
500 pop2 1.19057 0.992142
600 pop1 1.19034 0.991953
600 pop2 1.1934 0.994497
700 pop1 1.19245 0.993712
700 pop2 1.19517 0.995971
800 pop1 1.18969 0.991406
800 pop2 1.19271 0.993925
900 pop1 1.19328 0.994397
900 pop2 1.18851 0.990423
1000 pop1 1.19067 0.992225
1000 pop2 1.18751 0.989592
1100 pop1 1.1908 0.992331
1100 pop2 1.18755 0.989628
1200 pop1 1.18815 0.990121
1200 pop2 1.18942 0.991184
1300 pop1 1.19274 0.993948
1300 pop2 1.19161 0.993009
1400 pop1 1.19103 0.992522
1400 pop2 1.19281 0.994007
1500 pop1 1.18914 0.990951
1500 pop2 1.18967 0.99139
1600 pop1 1.19289 0.994072
1600 pop2 1.19191 0.993262
1700 pop1 1.19292 0.994097
1700 pop2 1.18986 0.991554
1800 pop1 1.19176 0.993134
1800 pop2 1.19136 0.992801
1900 pop1 1.1892 0.990997
1900 pop2 1.19187 0.993228
2000 pop1 1.19529 0.996076
2000 pop2 1.18957 0.991311
2100 pop1 1.19039 0.991995
2100 pop2 1.19057 0.992142
2200 pop1 1.19126 0.992714
2200 pop2 1.18975 0.99146
2300 pop1 1.19327 0.994388
2300 pop2 1.18933 0.991112
2400 pop1 1.18627 0.988562
2400 pop2 1.19548 0.996234
2500 pop1 1.18826 0.990219
2500 pop2 1.19335 0.994461
2600 pop1 1.19207 0.993395
2600 pop2 1.18833 0.990271
2700 pop1 1.18868 0.990566
2700 pop2 1.19243 0.993694
2800 pop1 1.18799 0.989993
2800 pop2 1.19295 0.994125
2900 pop1 1.1913 0.992751
2900 pop2 1.19063 0.992188
3000 pop1 1.18599 0.988324
3000 pop2 1.19472 0.9956
3100 pop1 1.19301 0.994171
3100 pop2 1.19473 0.995606
3200 pop1 1.19157 0.992975
3200 pop2 1.18727 0.989389
3300 pop1 1.19285 0.994041
3300 pop2 1.18527 0.987724
3400 pop1 1.19194 0.993282
3400 pop2 1.18991 0.991589
3500 pop1 1.19107 0.992554
3500 pop2 1.19023 0.991856
3600 pop1 1.19205 0.993378
3600 pop2 1.18691 0.989092
3700 pop1 1.18792 0.98993
3700 pop2 1.18956 0.991298
3800 pop1 1.18496 0.987468
3800 pop2 1.19137 0.992807
3900 pop1 1.19032 0.991931
3900 pop2 1.19204 0.993363
4000 pop1 1.18973 0.991442
4000 pop2 1.18813 0.990111
4100 pop1 1.19162 0.993021
4100 pop2 1.1939 0.994917
4200 pop1 1.19426 0.995219
4200 pop2 1.19026 0.991882
4300 pop1 1.18569 0.988072
4300 pop2 1.19266 0.993884
4400 pop1 1.18565 0.988043
4400 pop2 1.19205 0.993374
4500 pop1 1.19236 0.993631
4500 pop2 1.18974 0.991449
4600 pop1 1.19055 0.992128
4600 pop2 1.18889 0.990739
4700 pop1 1.19197 0.993307
4700 pop2 1.19174 0.99312
4800 pop1 1.19014 0.991787
4800 pop2 1.18978 0.991486
4900 pop1 1.19086 0.992384
4900 pop2 1.18653 0.988773
5000 pop1 1.18789 0.989908
5000 pop2 1.19006 0.991721
