1 pop1 1.0 0.980392
1 pop2 1.0 0.980392
100 pop1 1.00285 0.983183
100 pop2 0.997943 0.978375
200 pop1 1.00121 0.981579
200 pop2 1.0007 0.98108
300 pop1 1.00091 0.981282
300 pop2 1.00262 0.982965
400 pop1 1.00329 0.983616
400 pop2 0.998471 0.978893
500 pop1 1.00214 0.982487
500 pop2 0.9992 0.979608
600 pop1 1.00185 0.98221
600 pop2 0.999925 0.980318
700 pop1 0.999993 0.980385
700 pop2 1.00118 0.981552
800 pop1 1.00183 0.982188
800 pop2 1.00008 0.980475
900 pop1 0.99858 0.979
900 pop2 1.00344 0.983763
1000 pop1 0.996734 0.97719
1000 pop2 1.00435 0.984654
1100 pop1 1.00721 0.987465
1100 pop2 0.995112 0.9756
1200 pop1 1.01198 0.992141
1200 pop2 0.995093 0.975582
1300 pop1 1.01627 0.996345
1300 pop2 0.994633 0.97513
1400 pop1 1.01832 0.998357
1400 pop2 0.994779 0.975274
1500 pop1 1.0181 0.998133
1500 pop2 0.996077 0.976546
1600 pop1 1.01803 0.998066
1600 pop2 0.997487 0.977928
1700 pop1 1.01919 0.999202
1700 pop2 0.998205 0.978632
1800 pop1 1.01989 0.999888
1800 pop2 0.998831 0.979246
1900 pop1 1.02005 1.00005
1900 pop2 0.999406 0.979809
2000 pop1 1.0201 1.0001
2000 pop2 0.999733 0.98013
2100 pop1 1.0201 1.0001
2100 pop2 0.999904 0.980298
2200 pop1 1.0201 1.0001
2200 pop2 0.999948 0.980341
2300 pop1 1.0201 1.0001
2300 pop2 0.999665 0.980064
2400 pop1 1.0201 1.0001
2400 pop2 0.99933 0.979735
2500 pop1 1.0201 1.0001
2500 pop2 0.999657 0.980056
2600 pop1 1.0201 1.0001
2600 pop2 0.999401 0.979805
2700 pop1 1.0201 1.0001
2700 pop2 0.999745 0.980142
2800 pop1 1.0201 1.0001
2800 pop2 0.999445 0.979848
2900 pop1 1.0201 1.0001
2900 pop2 0.999884 0.980279
3000 pop1 1.0201 1.0001
3000 pop2 0.999761 0.980157
3100 pop1 1.0201 1.0001
3100 pop2 0.999844 0.98024
3200 pop1 1.0201 1.0001
3200 pop2 1.0 0.980392
3300 pop1 1.0201 1.0001
3300 pop2 1.0 0.980392
3400 pop1 1.0201 1.0001
3400 pop2 1.0 0.980392
3500 pop1 1.0201 1.0001
3500 pop2 1.0 0.980392
3600 pop1 1.0201 1.0001
3600 pop2 1.0 0.980392
3700 pop1 1.0201 1.0001
3700 pop2 1.0 0.980392
3800 pop1 1.0201 1.0001
3800 pop2 1.0 0.980392
3900 pop1 1.0201 1.0001
3900 pop2 1.0 0.980392
4000 pop1 1.0201 1.0001
4000 pop2 1.0 0.980392
4100 pop1 1.0201 1.0001
4100 pop2 1.0 0.980392
4200 pop1 1.0201 1.0001
4200 pop2 1.0 0.980392
4300 pop1 1.0201 1.0001
4300 pop2 1.0 0.980392
4400 pop1 1.0201 1.0001
4400 pop2 1.0 0.980392
4500 pop1 1.0201 1.0001
4500 pop2 1.0 0.980392
4600 pop1 1.0201 1.0001
4600 pop2 1.0 0.980392
4700 pop1 1.0201 1.0001
4700 pop2 1.0 0.980392
4800 pop1 1.0201 1.0001
4800 pop2 1.0 0.980392
4900 pop1 1.0201 1.0001
4900 pop2 1.0 0.980392
5000 pop1 1.0201 1.0001
5000 pop2 1.0 0.980392
