1 pop1 1.0 0.833333
1 pop2 1.0 0.833333
100 pop1 1.12598 0.938319
100 pop2 1.12504 0.937535
200 pop1 1.12805 0.940041
200 pop2 1.13475 0.945621
300 pop1 1.12571 0.93809
300 pop2 1.12676 0.938971
400 pop1 1.12829 0.940243
400 pop2 1.1248 0.937337
500 pop1 1.12936 0.941136
500 pop2 1.12402 0.936681
600 pop1 1.12847 0.940389
600 pop2 1.1195 0.93292
700 pop1 1.1249 0.937419
700 pop2 1.12045 0.933711
800 pop1 1.12827 0.940227
800 pop2 1.12511 0.937589
900 pop1 1.1212 0.934333
900 pop2 1.12949 0.941242
1000 pop1 1.13281 0.944007
1000 pop2 1.12096 0.934134
1100 pop1 1.12601 0.938342
1100 pop2 1.15614 0.963449
1200 pop1 1.13345 0.944543
1200 pop2 1.15371 0.961428
1300 pop1 1.13249 0.943743
1300 pop2 1.14602 0.955021
1400 pop1 1.1284 0.940336
1400 pop2 1.14783 0.956529
1500 pop1 1.1308 0.942336
1500 pop2 1.14886 0.957386
1600 pop1 1.1355 0.94625
1600 pop2 1.14606 0.955053
1700 pop1 1.13438 0.945319
1700 pop2 1.14445 0.953712
1800 pop1 1.13693 0.94744
1800 pop2 1.15352 0.961268
1900 pop1 1.14128 0.951066
1900 pop2 1.14418 0.953487
2000 pop1 1.13187 0.943228
2000 pop2 1.1501 0.958415
2100 pop1 1.14173 0.951445
2100 pop2 1.14071 0.950591
2200 pop1 1.13958 0.949647
2200 pop2 1.14404 0.953365
2300 pop1 1.13373 0.944779
2300 pop2 1.14707 0.955893
2400 pop1 1.14714 0.955954
2400 pop2 1.13208 0.943403
2500 pop1 1.14609 0.955078
2500 pop2 1.14142 0.95118
2600 pop1 1.14353 0.952946
2600 pop2 1.14383 0.953196
2700 pop1 1.1367 0.947248
2700 pop2 1.15146 0.959554
2800 pop1 1.14117 0.950978
2800 pop2 1.14254 0.952121
2900 pop1 1.14358 0.952987
2900 pop2 1.13309 0.944238
3000 pop1 1.13624 0.946864
3000 pop2 1.14282 0.952346
3100 pop1 1.14486 0.954053
3100 pop2 1.13239 0.943659
3200 pop1 1.14876 0.957298
3200 pop2 1.13565 0.946372
3300 pop1 1.14735 0.956126
3300 pop2 1.13885 0.949039
3400 pop1 1.13873 0.948941
3400 pop2 1.14823 0.956861
3500 pop1 1.13323 0.944359
3500 pop2 1.14324 0.952699
3600 pop1 1.1452 0.954337
3600 pop2 1.13733 0.947778
3700 pop1 1.13589 0.946574
3700 pop2 1.14404 0.953364
3800 pop1 1.14932 0.957766
3800 pop2 1.13734 0.947787
3900 pop1 1.14637 0.955308
3900 pop2 1.14144 0.951199
4000 pop1 1.14378 0.953148
4000 pop2 1.14338 0.952815
4100 pop1 1.13909 0.949244
4100 pop2 1.14163 0.951362
4200 pop1 1.14275 0.952288
4200 pop2 1.14121 0.951005
4300 pop1 1.14529 0.954407
4300 pop2 1.14356 0.95297
4400 pop1 1.14722 0.956013
4400 pop2 1.13931 0.949425
4500 pop1 1.14869 0.95724
4500 pop2 1.14268 0.952236
4600 pop1 1.14346 0.952881
4600 pop2 1.14191 0.951589
4700 pop1 1.14153 0.951278
4700 pop2 1.14315 0.952628
4800 pop1 1.13596 0.946637
4800 pop2 1.14731 0.956092
4900 pop1 1.142 0.95167
4900 pop2 1.14607 0.955058
5000 pop1 1.14998 0.958315
5000 pop2 1.13087 0.942394
