1 pop1 1.0 0.833333
1 pop2 1.0 0.833333
100 pop1 1.12385 0.936541
100 pop2 1.11478 0.928981
200 pop1 1.12756 0.939631
200 pop2 1.11979 0.933159
300 pop1 1.12317 0.935975
300 pop2 1.12645 0.938709
400 pop1 1.11475 0.928962
400 pop2 1.12359 0.936321
500 pop1 1.12758 0.93965
500 pop2 1.12679 0.938995
600 pop1 1.12648 0.93873
600 pop2 1.13142 0.942852
700 pop1 1.11606 0.930052
700 pop2 1.13205 0.943374
800 pop1 1.11883 0.932356
800 pop2 1.12157 0.934642
900 pop1 1.11927 0.932726
900 pop2 1.12362 0.936351
1000 pop1 1.11642 0.930346
1000 pop2 1.11901 0.932512
1100 pop1 1.14437 0.953641
1100 pop2 1.13707 0.947561
1200 pop1 1.13827 0.948557
1200 pop2 1.14472 0.95393
1300 pop1 1.14255 0.952126
1300 pop2 1.15099 0.959154
1400 pop1 1.13461 0.945506
1400 pop2 1.1451 0.954247
1500 pop1 1.14598 0.954986
1500 pop2 1.14112 0.950936
1600 pop1 1.14322 0.952682
1600 pop2 1.14246 0.952053
1700 pop1 1.13792 0.94827
1700 pop2 1.14868 0.957231
1800 pop1 1.13871 0.948923
1800 pop2 1.14525 0.954374
1900 pop1 1.14399 0.953326
1900 pop2 1.14075 0.950623
2000 pop1 1.13887 0.949059
2000 pop2 1.14874 0.957285
2100 pop1 1.14376 0.953134
2100 pop2 1.1453 0.954416
2200 pop1 1.1396 0.949667
2200 pop2 1.13934 0.949448
2300 pop1 1.15025 0.958541
2300 pop2 1.1393 0.94942
2400 pop1 1.146 0.955002
2400 pop2 1.13573 0.946443
2500 pop1 1.14526 0.95438
2500 pop2 1.13625 0.946871
2600 pop1 1.13468 0.945566
2600 pop2 1.14857 0.95714
2700 pop1 1.14296 0.952467
2700 pop2 1.14566 0.954718
2800 pop1 1.14714 0.955948
2800 pop2 1.14126 0.951052
2900 pop1 1.1457 0.954747
2900 pop2 1.14148 0.95123
3000 pop1 1.13845 0.948712
3000 pop2 1.13802 0.948347
3100 pop1 1.14437 0.953638
3100 pop2 1.14408 0.953402
3200 pop1 1.13911 0.949258
3200 pop2 1.14609 0.955078
3300 pop1 1.13903 0.949196
3300 pop2 1.13811 0.948423
3400 pop1 1.14519 0.954322
3400 pop2 1.14249 0.952076
3500 pop1 1.1441 0.953415
3500 pop2 1.14421 0.953506
3600 pop1 1.13986 0.949882
3600 pop2 1.13804 0.948363
3700 pop1 1.14075 0.950627
3700 pop2 1.14834 0.956953
3800 pop1 1.1416 0.951337
3800 pop2 1.13595 0.946628
3900 pop1 1.13763 0.948024
3900 pop2 1.14123 0.951023
4000 pop1 1.1484 0.957
4000 pop2 1.14053 0.950443
4100 pop1 1.1443 0.953585
4100 pop2 1.14366 0.953053
4200 pop1 1.14364 0.953036
4200 pop2 1.14304 0.952536
4300 pop1 1.14211 0.951756
4300 pop2 1.1372 0.947666
4400 pop1 1.14273 0.952273
4400 pop2 1.13802 0.948348
4500 pop1 1.14503 0.954195
4500 pop2 1.13567 0.94639
4600 pop1 1.14035 0.950296
4600 pop2 1.14102 0.950846
4700 pop1 1.15056 0.958798
4700 pop2 1.13301 0.944172
4800 pop1 1.14323 0.952693
4800 pop2 1.14184 0.95153
4900 pop1 1.14716 0.955967
4900 pop2 1.1432 0.952664
5000 pop1 1.14584 0.95487
5000 pop2 1.13924 0.949368
