1 pop1 1.0 0.833333
1 pop2 1.0 0.833333
100 pop1 1.07549 0.896241
100 pop2 1.07208 0.893399
200 pop1 1.06635 0.888622
200 pop2 1.07442 0.895347
300 pop1 1.06232 0.885268
300 pop2 1.07834 0.898619
400 pop1 1.06454 0.887119
400 pop2 1.074 0.895
500 pop1 1.07827 0.898555
500 pop2 1.07731 0.89776
600 pop1 1.07629 0.896912
600 pop2 1.06601 0.888341
700 pop1 1.07647 0.89706
700 pop2 1.0694 0.891168
800 pop1 1.08104 0.900863
800 pop2 1.06818 0.890152
900 pop1 1.07791 0.898257
900 pop2 1.07183 0.893189
1000 pop1 1.06638 0.888651
1000 pop2 1.0802 0.900168
1100 pop1 1.10914 0.92428
1100 pop2 1.11435 0.928625
1200 pop1 1.10528 0.921069
1200 pop2 1.12877 0.940638
1300 pop1 1.11949 0.932912
1300 pop2 1.12478 0.93732
1400 pop1 1.11416 0.928468
1400 pop2 1.12563 0.938027
1500 pop1 1.13122 0.942686
1500 pop2 1.11175 0.926459
1600 pop1 1.12449 0.937072
1600 pop2 1.11798 0.931651
1700 pop1 1.12242 0.93535
1700 pop2 1.11937 0.932812
1800 pop1 1.11765 0.931376
1800 pop2 1.12389 0.936576
1900 pop1 1.12341 0.936175
1900 pop2 1.1136 0.928001
2000 pop1 1.13048 0.942069
2000 pop2 1.11774 0.931448
2100 pop1 1.12776 0.939799
2100 pop2 1.11759 0.931329
2200 pop1 1.12503 0.937523
2200 pop2 1.11927 0.932729
2300 pop1 1.12496 0.93747
2300 pop2 1.12445 0.937038
2400 pop1 1.11242 0.927019
2400 pop2 1.12919 0.940995
2500 pop1 1.11612 0.930097
2500 pop2 1.12287 0.935722
2600 pop1 1.11004 0.925037
2600 pop2 1.12964 0.941368
2700 pop1 1.12629 0.938571
2700 pop2 1.11749 0.931239
2800 pop1 1.12694 0.93912
2800 pop2 1.1162 0.930167
2900 pop1 1.13349 0.944576
2900 pop2 1.11298 0.927481
3000 pop1 1.12212 0.935099
3000 pop2 1.12006 0.933381
3100 pop1 1.12509 0.937573
3100 pop2 1.11761 0.931338
3200 pop1 1.12593 0.938279
3200 pop2 1.12059 0.933829
3300 pop1 1.13034 0.941951
3300 pop2 1.124 0.936669
3400 pop1 1.12893 0.940777
3400 pop2 1.11473 0.92894
3500 pop1 1.12696 0.939133
3500 pop2 1.11026 0.925219
3600 pop1 1.12044 0.9337
3600 pop2 1.12509 0.937575
3700 pop1 1.13187 0.943223
3700 pop2 1.11356 0.927963
3800 pop1 1.12375 0.936458
3800 pop2 1.12074 0.93395
3900 pop1 1.13394 0.944948
3900 pop2 1.11696 0.930799
4000 pop1 1.12495 0.937459
4000 pop2 1.11864 0.932199
4100 pop1 1.12098 0.934148
4100 pop2 1.11953 0.932939
4200 pop1 1.13145 0.942874
4200 pop2 1.11592 0.929934
4300 pop1 1.12536 0.937798
4300 pop2 1.11625 0.930209
4400 pop1 1.12274 0.935618
4400 pop2 1.12034 0.933619
4500 pop1 1.1193 0.93275
4500 pop2 1.11991 0.933258
4600 pop1 1.12795 0.939956
4600 pop2 1.11303 0.927524
4700 pop1 1.12262 0.935516
4700 pop2 1.11709 0.930908
4800 pop1 1.12732 0.93943
4800 pop2 1.11163 0.926357
4900 pop1 1.12923 0.941029
4900 pop2 1.11368 0.928065
5000 pop1 1.13292 0.944103
5000 pop2 1.11527 0.929391
