1 pop1 1.0 0.980392
1 pop2 1.0 0.980392
100 pop1 1.00006 0.980451
100 pop2 1.00184 0.982193
200 pop1 0.999774 0.98017
200 pop2 1.00345 0.983772
300 pop1 0.996486 0.976947
300 pop2 1.0058 0.986083
400 pop1 0.996682 0.977139
400 pop2 1.00581 0.986089
500 pop1 0.994756 0.975251
500 pop2 1.00676 0.987021
600 pop1 0.993134 0.973661
600 pop2 1.00802 0.988251
700 pop1 0.996624 0.977083
700 pop2 1.00655 0.986815
800 pop1 0.998073 0.978503
800 pop2 1.00416 0.984475
900 pop1 0.995495 0.975976
900 pop2 1.00619 0.98646
1000 pop1 0.996819 0.977273
1000 pop2 1.00479 0.985087
1100 pop1 1.00304 0.98337
1100 pop2 1.00376 0.984079
1200 pop1 1.00532 0.985612
1200 pop2 1.00744 0.987686
1300 pop1 1.00728 0.987533
1300 pop2 1.00867 0.988891
1400 pop1 1.00748 0.987723
1400 pop2 1.01064 0.990822
1500 pop1 1.00882 0.989039
1500 pop2 1.01199 0.99215
1600 pop1 1.00747 0.987716
1600 pop2 1.01312 0.993251
1700 pop1 1.0054 0.985686
1700 pop2 1.01479 0.994891
1800 pop1 1.0051 0.985394
1800 pop2 1.01508 0.99518
1900 pop1 1.00498 0.985275
1900 pop2 1.01532 0.995412
2000 pop1 1.00408 0.984389
2000 pop2 1.01655 0.996621
2100 pop1 1.00523 0.985524
2100 pop2 1.01548 0.995566
2200 pop1 1.00448 0.984785
2200 pop2 1.0156 0.995688
2300 pop1 1.00482 0.985117
2300 pop2 1.01512 0.995219
2400 pop1 1.00343 0.983757
2400 pop2 1.01704 0.997099
2500 pop1 1.00246 0.982805
2500 pop2 1.01748 0.997525
2600 pop1 1.00475 0.985045
2600 pop2 1.01635 0.996418
2700 pop1 1.00488 0.985176
2700 pop2 1.01502 0.995116
2800 pop1 1.00318 0.983509
2800 pop2 1.01695 0.997008
2900 pop1 1.0038 0.984118
2900 pop2 1.01647 0.996537
3000 pop1 1.00403 0.984346
3000 pop2 1.01637 0.996446
3100 pop1 1.00457 0.984872
3100 pop2 1.01567 0.995759
3200 pop1 1.00497 0.985263
3200 pop2 1.01549 0.995581
3300 pop1 1.00522 0.985507
3300 pop2 1.01583 0.995908
3400 pop1 1.00423 0.984538
3400 pop2 1.01627 0.996339
3500 pop1 1.00315 0.983484
3500 pop2 1.01717 0.997224
3600 pop1 1.00233 0.982674
3600 pop2 1.01781 0.997856
3700 pop1 1.00282 0.983156
3700 pop2 1.0179 0.997942
3800 pop1 1.00203 0.982381
3800 pop2 1.0181 0.998135
3900 pop1 1.00172 0.982078
3900 pop2 1.01843 0.998464
4000 pop1 1.00128 0.981651
4000 pop2 1.01874 0.99876
4100 pop1 1.00082 0.981196
4100 pop2 1.01917 0.999182
4200 pop1 1.00059 0.980974
4200 pop2 1.01936 0.999371
4300 pop1 1.00058 0.980964
4300 pop2 1.01933 0.999342
4400 pop1 1.00052 0.980902
4400 pop2 1.01972 0.999726
4500 pop1 1.00078 0.981154
4500 pop2 1.01926 0.999276
4600 pop1 1.00118 0.98155
4600 pop2 1.01881 0.998837
4700 pop1 1.00205 0.982402
4700 pop2 1.01867 0.998694
4800 pop1 1.00112 0.981494
4800 pop2 1.01923 0.999243
4900 pop1 1.00137 0.981731
4900 pop2 1.01881 0.998829
5000 pop1 1.00134 0.981707
5000 pop2 1.01894 0.998963
