1 pop1 1.0 0.909091
1 pop2 1.0 0.909091
100 pop1 1.04424 0.949307
100 pop2 1.02844 0.934948
200 pop1 1.03438 0.940346
200 pop2 1.02971 0.936098
300 pop1 1.04303 0.948213
300 pop2 1.02937 0.935795
400 pop1 1.04385 0.948958
400 pop2 1.01979 0.927078
500 pop1 1.03525 0.941135
500 pop2 1.03552 0.941379
600 pop1 1.0361 0.941912
600 pop2 1.02857 0.935059
700 pop1 1.03122 0.937474
700 pop2 1.03512 0.941015
800 pop1 1.03312 0.939203
800 pop2 1.03046 0.936782
900 pop1 1.03516 0.94105
900 pop2 1.03443 0.940394
1000 pop1 1.03501 0.940921
1000 pop2 1.02643 0.933123
1100 pop1 1.06565 0.968773
1100 pop2 1.05052 0.955019
1200 pop1 1.05648 0.96044
1200 pop2 1.06137 0.964886
1300 pop1 1.06125 0.964774
1300 pop2 1.05997 0.963611
1400 pop1 1.06088 0.964433
1400 pop2 1.06308 0.966439
1500 pop1 1.06464 0.967853
1500 pop2 1.05314 0.957396
1600 pop1 1.06856 0.971416
1600 pop2 1.05393 0.958122
1700 pop1 1.07099 0.973628
1700 pop2 1.05694 0.960856
1800 pop1 1.06261 0.966005
1800 pop2 1.06143 0.96494
1900 pop1 1.06359 0.966897
1900 pop2 1.05898 0.962708
2000 pop1 1.0634 0.966726
2000 pop2 1.06264 0.966039
2100 pop1 1.06099 0.964536
2100 pop2 1.06065 0.964227
2200 pop1 1.06354 0.966859
2200 pop2 1.06076 0.964329
2300 pop1 1.06117 0.964698
2300 pop2 1.06113 0.964668
2400 pop1 1.06377 0.967065
2400 pop2 1.06102 0.964562
2500 pop1 1.0628 0.96618
2500 pop2 1.06211 0.965557
2600 pop1 1.06689 0.969899
2600 pop2 1.05615 0.960138
2700 pop1 1.06539 0.968537
2700 pop2 1.05739 0.961267
2800 pop1 1.04972 0.954293
2800 pop2 1.07022 0.972926
2900 pop1 1.04869 0.953356
2900 pop2 1.0724 0.974909
3000 pop1 1.05114 0.955578
3000 pop2 1.06901 0.971828
3100 pop1 1.05731 0.961189
3100 pop2 1.06074 0.964312
3200 pop1 1.06129 0.964807
3200 pop2 1.05639 0.960354
3300 pop1 1.06596 0.96905
3300 pop2 1.05336 0.9576
3400 pop1 1.07365 0.976047
3400 pop2 1.04828 0.952981
3500 pop1 1.07028 0.972986
3500 pop2 1.05249 0.956805
3600 pop1 1.05876 0.962507
3600 pop2 1.06413 0.967395
3700 pop1 1.05714 0.961033
3700 pop2 1.06343 0.966752
3800 pop1 1.05985 0.963502
3800 pop2 1.06541 0.968554
3900 pop1 1.06292 0.966295
3900 pop2 1.05646 0.960415
4000 pop1 1.06158 0.965072
4000 pop2 1.05714 0.961036
4100 pop1 1.0576 0.961452
4100 pop2 1.06191 0.965372
4200 pop1 1.06293 0.966296
4200 pop2 1.05818 0.961978
4300 pop1 1.06186 0.96533
4300 pop2 1.06192 0.965378
4400 pop1 1.06601 0.969098
4400 pop2 1.05639 0.960358
4500 pop1 1.06333 0.966665
4500 pop2 1.06025 0.963861
4600 pop1 1.06029 0.963903
4600 pop2 1.06157 0.96506
4700 pop1 1.06547 0.968608
4700 pop2 1.05876 0.96251
4800 pop1 1.06316 0.966508
4800 pop2 1.06253 0.965934
4900 pop1 1.06552 0.968656
4900 pop2 1.05748 0.961345
5000 pop1 1.05673 0.960662
5000 pop2 1.06611 0.96919
