1 pop1 1.0 0.909091
1 pop2 1.0 0.909091
100 pop1 1.02399 0.930899
100 pop2 1.01673 0.924297
200 pop1 1.0263 0.932997
200 pop2 1.01209 0.920081
300 pop1 1.02852 0.935023
300 pop2 1.01606 0.923695
400 pop1 1.02346 0.930415
400 pop2 1.02072 0.927924
500 pop1 1.02528 0.932077
500 pop2 1.01532 0.923014
600 pop1 1.01551 0.923194
600 pop2 1.02491 0.931733
700 pop1 1.02404 0.930948
700 pop2 1.01973 0.927026
800 pop1 1.01786 0.925325
800 pop2 1.01812 0.92556
900 pop1 1.01652 0.92411
900 pop2 1.01729 0.924813
1000 pop1 1.02043 0.92766
1000 pop2 1.01205 0.920042
1100 pop1 1.09602 0.996382
1100 pop2 0.973773 0.885248
1200 pop1 1.10254 1.00231
1200 pop2 0.979784 0.890713
1300 pop1 1.10259 1.00235
1300 pop2 0.993325 0.903023
1400 pop1 1.10255 1.00232
1400 pop2 0.997926 0.907206
1500 pop1 1.1025 1.00228
1500 pop2 0.999822 0.908929
1600 pop1 1.1025 1.00227
1600 pop2 1.0 0.909091
1700 pop1 1.1025 1.00227
1700 pop2 1.0 0.909091
1800 pop1 1.1025 1.00227
1800 pop2 1.0 0.909091
1900 pop1 1.1025 1.00227
1900 pop2 1.0 0.909091
2000 pop1 1.1025 1.00227
2000 pop2 1.0 0.909091
2100 pop1 1.1025 1.00227
2100 pop2 1.0 0.909091
2200 pop1 1.1025 1.00227
2200 pop2 1.0 0.909091
2300 pop1 1.1025 1.00227
2300 pop2 1.0 0.909091
2400 pop1 1.1025 1.00227
2400 pop2 1.0 0.909091
2500 pop1 1.1025 1.00227
2500 pop2 1.0 0.909091
2600 pop1 1.1025 1.00227
2600 pop2 1.0 0.909091
2700 pop1 1.1025 1.00227
2700 pop2 1.0 0.909091
2800 pop1 1.1025 1.00227
2800 pop2 1.0 0.909091
2900 pop1 1.1025 1.00227
2900 pop2 1.0 0.909091
3000 pop1 1.1025 1.00227
3000 pop2 1.0 0.909091
3100 pop1 1.1025 1.00227
3100 pop2 1.0 0.909091
3200 pop1 1.1025 1.00227
3200 pop2 1.0 0.909091
3300 pop1 1.1025 1.00227
3300 pop2 1.0 0.909091
3400 pop1 1.1025 1.00227
3400 pop2 1.0 0.909091
3500 pop1 1.1025 1.00227
3500 pop2 1.0 0.909091
3600 pop1 1.1025 1.00227
3600 pop2 1.0 0.909091
3700 pop1 1.1025 1.00227
3700 pop2 1.0 0.909091
3800 pop1 1.1025 1.00227
3800 pop2 1.0 0.909091
3900 pop1 1.1025 1.00227
3900 pop2 1.0 0.909091
4000 pop1 1.1025 1.00227
4000 pop2 1.0 0.909091
4100 pop1 1.1025 1.00227
4100 pop2 1.0 0.909091
4200 pop1 1.1025 1.00227
4200 pop2 1.0 0.909091
4300 pop1 1.1025 1.00227
4300 pop2 1.0 0.909091
4400 pop1 1.1025 1.00227
4400 pop2 1.0 0.909091
4500 pop1 1.1025 1.00227
4500 pop2 1.0 0.909091
4600 pop1 1.1025 1.00227
4600 pop2 1.0 0.909091
4700 pop1 1.1025 1.00227
4700 pop2 1.0 0.909091
4800 pop1 1.1025 1.00227
4800 pop2 1.0 0.909091
4900 pop1 1.1025 1.00227
4900 pop2 1.0 0.909091
5000 pop1 1.1025 1.00227
5000 pop2 1.0 0.909091
