1 pop1 1.0 0.909091
1 pop2 1.0 0.909091
100 pop1 1.08503 0.986391
100 pop2 1.08812 0.989203
200 pop1 1.08661 0.987824
200 pop2 1.07938 0.981253
300 pop1 1.08483 0.986205
300 pop2 1.08354 0.985038
400 pop1 1.08325 0.984772
400 pop2 1.08322 0.984747
500 pop1 1.08317 0.984697
500 pop2 1.08496 0.986325
600 pop1 1.08495 0.986318
600 pop2 1.08024 0.982034
700 pop1 1.08909 0.990082
700 pop2 1.08265 0.984223
800 pop1 1.08593 0.987211
800 pop2 1.08594 0.987222
900 pop1 1.08489 0.986268
900 pop2 1.0853 0.986636
1000 pop1 1.08691 0.9881
1000 pop2 1.08413 0.985571
1100 pop1 1.09399 0.994536
1100 pop2 0.999684 0.908804
1200 pop1 1.10009 1.00008
1200 pop2 1.0 0.909091
1300 pop1 1.10188 1.00171
1300 pop2 1.0 0.909091
1400 pop1 1.1025 1.00227
1400 pop2 1.0 0.909091
1500 pop1 1.1025 1.00227
1500 pop2 1.0 0.909091
1600 pop1 1.1025 1.00227
1600 pop2 1.0 0.909091
1700 pop1 1.1025 1.00227
1700 pop2 1.0 0.909091
1800 pop1 1.1025 1.00227
1800 pop2 1.0 0.909091
1900 pop1 1.1025 1.00227
1900 pop2 1.0 0.909091
2000 pop1 1.1025 1.00227
2000 pop2 1.0 0.909091
2100 pop1 1.1025 1.00227
2100 pop2 1.0 0.909091
2200 pop1 1.1025 1.00227
2200 pop2 1.0 0.909091
2300 pop1 1.1025 1.00227
2300 pop2 1.0 0.909091
2400 pop1 1.1025 1.00227
2400 pop2 1.0 0.909091
2500 pop1 1.1025 1.00227
2500 pop2 1.0 0.909091
2600 pop1 1.1025 1.00227
2600 pop2 1.0 0.909091
2700 pop1 1.1025 1.00227
2700 pop2 1.0 0.909091
2800 pop1 1.1025 1.00227
2800 pop2 1.0 0.909091
2900 pop1 1.1025 1.00227
2900 pop2 1.0 0.909091
3000 pop1 1.1025 1.00227
3000 pop2 1.0 0.909091
3100 pop1 1.1025 1.00227
3100 pop2 1.0 0.909091
3200 pop1 1.1025 1.00227
3200 pop2 1.0 0.909091
3300 pop1 1.1025 1.00227
3300 pop2 1.0 0.909091
3400 pop1 1.1025 1.00227
3400 pop2 1.0 0.909091
3500 pop1 1.1025 1.00227
3500 pop2 1.0 0.909091
3600 pop1 1.1025 1.00227
3600 pop2 1.0 0.909091
3700 pop1 1.1025 1.00227
3700 pop2 1.0 0.909091
3800 pop1 1.1025 1.00227
3800 pop2 1.0 0.909091
3900 pop1 1.1025 1.00227
3900 pop2 1.0 0.909091
4000 pop1 1.1025 1.00227
4000 pop2 1.0 0.909091
4100 pop1 1.1025 1.00227
4100 pop2 1.0 0.909091
4200 pop1 1.1025 1.00227
4200 pop2 1.0 0.909091
4300 pop1 1.1025 1.00227
4300 pop2 1.0 0.909091
4400 pop1 1.1025 1.00227
4400 pop2 1.0 0.909091
4500 pop1 1.1025 1.00227
4500 pop2 1.0 0.909091
4600 pop1 1.1025 1.00227
4600 pop2 1.0 0.909091
4700 pop1 1.1025 1.00227
4700 pop2 1.0 0.909091
4800 pop1 1.1025 1.00227
4800 pop2 1.0 0.909091
4900 pop1 1.1025 1.00227
4900 pop2 1.0 0.909091
5000 pop1 1.1025 1.00227
5000 pop2 1.0 0.909091
