1 pop1 1.0 0.980392
1 pop2 1.0 0.980392
100 pop1 1.00043 0.980813
100 pop2 1.00201 0.98236
200 pop1 0.999017 0.979429
200 pop2 1.00356 0.983886
300 pop1 0.999435 0.979838
300 pop2 1.00343 0.983758
400 pop1 1.00072 0.981102
400 pop2 1.00177 0.982128
500 pop1 1.00153 0.981893
500 pop2 0.999662 0.980061
600 pop1 1.00115 0.981519
600 pop2 1.00024 0.980623
700 pop1 1.00265 0.982994
700 pop2 1.00015 0.980535
800 pop1 0.999343 0.979748
800 pop2 1.00249 0.982834
900 pop1 1.00212 0.98247
900 pop2 0.999815 0.980211
1000 pop1 1.00211 0.982458
1000 pop2 0.999801 0.980197
1100 pop1 1.00548 0.98576
1100 pop2 1.0038 0.984122
1200 pop1 1.00707 0.987325
1200 pop2 1.00955 0.989751
1300 pop1 1.00842 0.988651
1300 pop2 1.00976 0.989964
1400 pop1 1.00895 0.989168
1400 pop2 1.00973 0.989933
1500 pop1 1.00783 0.988073
1500 pop2 1.01129 0.991464
1600 pop1 1.0084 0.988631
1600 pop2 1.01156 0.991722
1700 pop1 1.00838 0.988609
1700 pop2 1.01213 0.992288
1800 pop1 1.00735 0.987596
1800 pop2 1.01278 0.99292
1900 pop1 1.00743 0.987674
1900 pop2 1.0127 0.992843
2000 pop1 1.00789 0.988128
2000 pop2 1.01241 0.992559
2100 pop1 1.00729 0.987544
2100 pop2 1.01313 0.993265
2200 pop1 1.0071 0.987354
2200 pop2 1.01383 0.993954
2300 pop1 1.00743 0.987678
2300 pop2 1.01374 0.993862
2400 pop1 1.00784 0.988078
2400 pop2 1.0122 0.992354
2500 pop1 1.00732 0.987571
2500 pop2 1.01243 0.992583
2600 pop1 1.00835 0.988577
2600 pop2 1.0129 0.993036
2700 pop1 1.00862 0.988841
2700 pop2 1.01134 0.991514
2800 pop1 1.00822 0.988454
2800 pop2 1.01271 0.992852
2900 pop1 1.00949 0.989692
2900 pop2 1.01221 0.992358
3000 pop1 1.00999 0.990183
3000 pop2 1.01104 0.991215
3100 pop1 1.01108 0.99126
3100 pop2 1.00984 0.990039
3200 pop1 1.0105 0.990682
3200 pop2 1.01043 0.990615
3300 pop1 1.00968 0.989882
3300 pop2 1.01105 0.991222
3400 pop1 1.01104 0.991216
3400 pop2 1.00947 0.989676
3500 pop1 1.01178 0.991936
3500 pop2 1.00909 0.989302
3600 pop1 1.01214 0.992297
3600 pop2 1.00893 0.989147
3700 pop1 1.01207 0.99223
3700 pop2 1.00936 0.98957
3800 pop1 1.01382 0.993945
3800 pop2 1.00824 0.98847
3900 pop1 1.0133 0.993427
3900 pop2 1.00826 0.988494
4000 pop1 1.01324 0.993375
4000 pop2 1.00762 0.987859
4100 pop1 1.01386 0.993985
4100 pop2 1.00716 0.987409
4200 pop1 1.01492 0.995016
4200 pop2 1.00573 0.986011
4300 pop1 1.016 0.996082
4300 pop2 1.00489 0.985184
4400 pop1 1.01559 0.995681
4400 pop2 1.00502 0.98531
4500 pop1 1.01639 0.996463
4500 pop2 1.00385 0.984164
4600 pop1 1.01693 0.996987
4600 pop2 1.00407 0.984385
4700 pop1 1.01642 0.996486
4700 pop2 1.00418 0.984495
4800 pop1 1.01633 0.996407
4800 pop2 1.00481 0.985109
4900 pop1 1.01479 0.994888
4900 pop2 1.0052 0.985487
5000 pop1 1.01486 0.994959
5000 pop2 1.00573 0.98601
