1 pop1 1.0 0.833333
1 pop2 1.0 0.833333
100 pop1 1.18799 0.989995
100 pop2 1.18641 0.988676
200 pop1 1.18899 0.990828
200 pop2 1.18873 0.990611
300 pop1 1.18891 0.990759
300 pop2 1.19289 0.994074
400 pop1 1.18079 0.98399
400 pop2 1.18504 0.987531
500 pop1 1.18963 0.99136
500 pop2 1.18745 0.989539
600 pop1 1.18494 0.98745
600 pop2 1.19412 0.995102
700 pop1 1.18678 0.988983
700 pop2 1.18883 0.99069
800 pop1 1.19238 0.993648
800 pop2 1.19314 0.99428
900 pop1 1.19486 0.995719
900 pop2 1.19166 0.993048
1000 pop1 1.19105 0.992539
1000 pop2 1.19336 0.994464
1100 pop1 1.19384 0.994863
1100 pop2 1.18788 0.989898
1200 pop1 1.19253 0.993774
1200 pop2 1.1876 0.989665
1300 pop1 1.19313 0.994276
1300 pop2 1.18912 0.990937
1400 pop1 1.1923 0.993583
1400 pop2 1.19632 0.996933
1500 pop1 1.19302 0.994183
1500 pop2 1.18867 0.990556
1600 pop1 1.194 0.994997
1600 pop2 1.19115 0.992623
1700 pop1 1.19582 0.996513
1700 pop2 1.19266 0.99388
1800 pop1 1.18981 0.991508
1800 pop2 1.18892 0.990767
1900 pop1 1.19163 0.993024
1900 pop2 1.18969 0.99141
2000 pop1 1.1884 0.990333
2000 pop2 1.19268 0.993896
2100 pop1 1.19451 0.995422
2100 pop2 1.19149 0.992908
2200 pop1 1.18917 0.990976
2200 pop2 1.19517 0.995977
2300 pop1 1.18831 0.990257
2300 pop2 1.19413 0.995112
2400 pop1 1.18982 0.991519
2400 pop2 1.19088 0.992397
2500 pop1 1.18931 0.991089
2500 pop2 1.1921 0.993421
2600 pop1 1.19338 0.994481
2600 pop2 1.18998 0.991651
2700 pop1 1.19164 0.993032
2700 pop2 1.1891 0.99092
2800 pop1 1.19131 0.992757
2800 pop2 1.19183 0.993194
2900 pop1 1.19255 0.993794
2900 pop2 1.18857 0.990479
3000 pop1 1.19526 0.996053
3000 pop2 1.19121 0.992677
3100 pop1 1.19445 0.995373
3100 pop2 1.19494 0.995781
3200 pop1 1.18558 0.987986
3200 pop2 1.19387 0.99489
3300 pop1 1.18893 0.990778
3300 pop2 1.19257 0.993811
3400 pop1 1.18858 0.990479
3400 pop2 1.19253 0.993773
3500 pop1 1.19279 0.993989
3500 pop2 1.19281 0.99401
3600 pop1 1.19002 0.991681
3600 pop2 1.19115 0.992629
3700 pop1 1.19357 0.994643
3700 pop2 1.19011 0.991758
3800 pop1 1.19632 0.996937
3800 pop2 1.19348 0.994563
3900 pop1 1.18763 0.989693
3900 pop2 1.19493 0.995774
4000 pop1 1.19013 0.991777
4000 pop2 1.19513 0.995939
4100 pop1 1.19156 0.992967
4100 pop2 1.19305 0.994211
4200 pop1 1.1872 0.989329
4200 pop2 1.19282 0.994014
4300 pop1 1.19522 0.996021
4300 pop2 1.19076 0.992298
4400 pop1 1.19438 0.995316
4400 pop2 1.19621 0.996845
4500 pop1 1.19321 0.994344
4500 pop2 1.19216 0.993471
4600 pop1 1.19436 0.995298
4600 pop2 1.19089 0.992412
4700 pop1 1.18927 0.991058
4700 pop2 1.18987 0.991562
4800 pop1 1.19016 0.991799
4800 pop2 1.19471 0.995593
4900 pop1 1.19015 0.991793
4900 pop2 1.19337 0.994474
5000 pop1 1.19099 0.992489
5000 pop2 1.19279 0.993992
