1 pop1 1.0 0.980392
1 pop2 1.0 0.980392
100 pop1 1.0021 0.982454
100 pop2 0.999318 0.979723
200 pop1 1.00146 0.981823
200 pop2 0.999817 0.980213
300 pop1 1.00098 0.981353
300 pop2 0.998864 0.979279
400 pop1 1.00364 0.983957
400 pop2 0.997895 0.978328
500 pop1 1.0018 0.982155
500 pop2 0.998885 0.979299
600 pop1 1.00187 0.982224
600 pop2 0.999583 0.979983
700 pop1 1.00227 0.982621
700 pop2 0.998368 0.978792
800 pop1 1.00125 0.981617
800 pop2 0.999311 0.979717
900 pop1 1.00014 0.980525
900 pop2 1.00027 0.980653
1000 pop1 1.00377 0.984086
1000 pop2 0.997658 0.978096
1100 pop1 1.00591 0.986188
1100 pop2 1.00122 0.981588
1200 pop1 1.00755 0.987795
1200 pop2 1.00487 0.985165
1300 pop1 1.00974 0.989939
1300 pop2 1.00598 0.98626
1400 pop1 1.00957 0.989777
1400 pop2 1.00755 0.987795
1500 pop1 1.00931 0.989518
1500 pop2 1.00763 0.98787
1600 pop1 1.00795 0.988183
1600 pop2 1.01071 0.990896
1700 pop1 1.00778 0.988018
1700 pop2 1.01082 0.990997
1800 pop1 1.00885 0.989065
1800 pop2 1.01052 0.99071
1900 pop1 1.00845 0.988679
1900 pop2 1.01107 0.99124
2000 pop1 1.0056 0.985879
2000 pop2 1.01354 0.993664
2100 pop1 1.00658 0.986839
2100 pop2 1.01228 0.992428
2200 pop1 1.00795 0.988186
2200 pop2 1.0122 0.992354
2300 pop1 1.00565 0.985936
2300 pop2 1.0143 0.994412
2400 pop1 1.00602 0.986294
2400 pop2 1.01419 0.994307
2500 pop1 1.00572 0.985997
2500 pop2 1.01494 0.995042
2600 pop1 1.00524 0.985527
2600 pop2 1.01448 0.994593
2700 pop1 1.00593 0.986203
2700 pop2 1.01425 0.994365
2800 pop1 1.00494 0.985232
2800 pop2 1.01496 0.995056
2900 pop1 1.00379 0.984109
2900 pop2 1.01612 0.996197
3000 pop1 1.004 0.984314
3000 pop2 1.01618 0.996256
3100 pop1 1.00477 0.985069
3100 pop2 1.01553 0.995619
3200 pop1 1.00459 0.984891
3200 pop2 1.01546 0.995553
3300 pop1 1.00458 0.984882
3300 pop2 1.01533 0.995421
3400 pop1 1.00423 0.984543
3400 pop2 1.01649 0.996557
3500 pop1 1.00467 0.98497
3500 pop2 1.01569 0.99577
3600 pop1 1.00616 0.986429
3600 pop2 1.01431 0.994424
3700 pop1 1.00437 0.984673
3700 pop2 1.01489 0.994991
3800 pop1 1.00477 0.985069
3800 pop2 1.01554 0.995631
3900 pop1 1.00682 0.987081
3900 pop2 1.0143 0.994415
4000 pop1 1.00531 0.985602
4000 pop2 1.01457 0.99468
4100 pop1 1.00654 0.986808
4100 pop2 1.01402 0.994139
4200 pop1 1.00721 0.98746
4200 pop2 1.01303 0.993163
4300 pop1 1.00706 0.987318
4300 pop2 1.0136 0.993724
4400 pop1 1.00712 0.987373
4400 pop2 1.01288 0.993024
4500 pop1 1.00706 0.987318
4500 pop2 1.01278 0.992926
4600 pop1 1.00927 0.989482
4600 pop2 1.01138 0.991545
4700 pop1 1.00849 0.988714
4700 pop2 1.01181 0.991971
4800 pop1 1.00849 0.988714
4800 pop2 1.01216 0.992318
4900 pop1 1.0073 0.987548
4900 pop2 1.01276 0.992899
5000 pop1 1.00686 0.987117
5000 pop2 1.01305 0.993191
