1 pop1 1.0 0.980392
1 pop2 1.0 0.980392
100 pop1 1.00757 0.987811
100 pop2 1.00739 0.987633
200 pop1 1.00858 0.988804
200 pop2 1.00763 0.987874
300 pop1 1.00921 0.989418
300 pop2 1.01089 0.991065
400 pop1 1.00643 0.986696
400 pop2 1.00849 0.988711
500 pop1 1.00809 0.988322
500 pop2 1.00702 0.987278
600 pop1 1.00833 0.988563
600 pop2 1.00553 0.985814
700 pop1 1.01015 0.990341
700 pop2 1.00767 0.987914
800 pop1 1.00688 0.987141
800 pop2 1.00796 0.988197
900 pop1 1.00911 0.989324
900 pop2 1.00664 0.9869
1000 pop1 1.00854 0.988765
1000 pop2 1.00578 0.986055
1100 pop1 1.01133 0.991496
1100 pop2 0.995548 0.976028
1200 pop1 1.01608 0.996155
1200 pop2 0.99549 0.97597
1300 pop1 1.01741 0.997456
1300 pop2 0.996496 0.976957
1400 pop1 1.01813 0.998165
1400 pop2 0.995936 0.976408
1500 pop1 1.01951 0.999517
1500 pop2 0.997101 0.97755
1600 pop1 1.02008 1.00008
1600 pop2 0.997453 0.977895
1700 pop1 1.02011 1.00011
1700 pop2 0.997373 0.977816
1800 pop1 1.0201 1.0001
1800 pop2 0.99909 0.9795
1900 pop1 1.0201 1.0001
1900 pop2 0.99911 0.97952
2000 pop1 1.0201 1.0001
2000 pop2 0.999497 0.979899
2100 pop1 1.0201 1.0001
2100 pop2 0.999864 0.980259
2200 pop1 1.0201 1.0001
2200 pop2 0.99996 0.980353
2300 pop1 1.0201 1.0001
2300 pop2 1.0 0.980392
2400 pop1 1.0201 1.0001
2400 pop2 1.0 0.980392
2500 pop1 1.0201 1.0001
2500 pop2 1.0 0.980392
2600 pop1 1.0201 1.0001
2600 pop2 1.0 0.980392
2700 pop1 1.0201 1.0001
2700 pop2 1.0 0.980392
2800 pop1 1.0201 1.0001
2800 pop2 1.0 0.980392
2900 pop1 1.0201 1.0001
2900 pop2 1.0 0.980392
3000 pop1 1.0201 1.0001
3000 pop2 1.0 0.980392
3100 pop1 1.0201 1.0001
3100 pop2 1.0 0.980392
3200 pop1 1.0201 1.0001
3200 pop2 1.0 0.980392
3300 pop1 1.0201 1.0001
3300 pop2 1.0 0.980392
3400 pop1 1.0201 1.0001
3400 pop2 1.0 0.980392
3500 pop1 1.0201 1.0001
3500 pop2 1.0 0.980392
3600 pop1 1.0201 1.0001
3600 pop2 1.0 0.980392
3700 pop1 1.0201 1.0001
3700 pop2 1.0 0.980392
3800 pop1 1.0201 1.0001
3800 pop2 1.0 0.980392
3900 pop1 1.0201 1.0001
3900 pop2 1.0 0.980392
4000 pop1 1.0201 1.0001
4000 pop2 1.0 0.980392
4100 pop1 1.0201 1.0001
4100 pop2 1.0 0.980392
4200 pop1 1.0201 1.0001
4200 pop2 1.0 0.980392
4300 pop1 1.0201 1.0001
4300 pop2 1.0 0.980392
4400 pop1 1.0201 1.0001
4400 pop2 1.0 0.980392
4500 pop1 1.0201 1.0001
4500 pop2 1.0 0.980392
4600 pop1 1.0201 1.0001
4600 pop2 1.0 0.980392
4700 pop1 1.0201 1.0001
4700 pop2 1.0 0.980392
4800 pop1 1.0201 1.0001
4800 pop2 1.0 0.980392
4900 pop1 1.0201 1.0001
4900 pop2 1.0 0.980392
5000 pop1 1.0201 1.0001
5000 pop2 1.0 0.980392
