1 pop1 1.0 0.909091
1 pop2 1.0 0.909091
100 pop1 1.08127 0.982977
100 pop2 1.08202 0.983652
200 pop1 1.08317 0.984704
200 pop2 1.08043 0.982211
300 pop1 1.08322 0.984749
300 pop2 1.08181 0.983465
400 pop1 1.07956 0.981414
400 pop2 1.08554 0.986851
500 pop1 1.0815 0.98318
500 pop2 1.08022 0.982018
600 pop1 1.08633 0.987576
600 pop2 1.08033 0.982115
700 pop1 1.08316 0.984686
700 pop2 1.08124 0.982944
800 pop1 1.08249 0.984084
800 pop2 1.08476 0.986147
900 pop1 1.08292 0.984476
900 pop2 1.07772 0.979745
1000 pop1 1.08322 0.984742
1000 pop2 1.08227 0.983883
1100 pop1 1.08888 0.989892
1100 pop2 1.06234 0.965764
1200 pop1 1.08537 0.986702
1200 pop2 1.08979 0.99072
1300 pop1 1.08852 0.989561
1300 pop2 1.08543 0.986751
1400 pop1 1.08657 0.98779
1400 pop2 1.08531 0.986647
1500 pop1 1.08521 0.986553
1500 pop2 1.08754 0.98867
1600 pop1 1.08619 0.987441
1600 pop2 1.08497 0.986337
1700 pop1 1.08573 0.987031
1700 pop2 1.08598 0.987256
1800 pop1 1.08343 0.984939
1800 pop2 1.08632 0.98756
1900 pop1 1.0863 0.987548
1900 pop2 1.08271 0.984281
2000 pop1 1.0841 0.985546
2000 pop2 1.08799 0.989079
2100 pop1 1.0837 0.985185
2100 pop2 1.08763 0.988755
2200 pop1 1.08666 0.98787
2200 pop2 1.08519 0.986539
2300 pop1 1.08366 0.985142
2300 pop2 1.08439 0.985813
2400 pop1 1.08813 0.989207
2400 pop2 1.08248 0.98407
2500 pop1 1.08704 0.988214
2500 pop2 1.08571 0.987006
2600 pop1 1.0839 0.985365
2600 pop2 1.08517 0.986515
2700 pop1 1.0841 0.985545
2700 pop2 1.08489 0.986265
2800 pop1 1.0853 0.98664
2800 pop2 1.08678 0.987978
2900 pop1 1.08756 0.988694
2900 pop2 1.08176 0.983421
3000 pop1 1.08655 0.987777
3000 pop2 1.08917 0.99015
3100 pop1 1.08349 0.984991
3100 pop2 1.08335 0.984859
3200 pop1 1.08525 0.98659
3200 pop2 1.08482 0.986196
3300 pop1 1.08502 0.986385
3300 pop2 1.0856 0.98691
3400 pop1 1.08335 0.984862
3400 pop2 1.08469 0.986086
3500 pop1 1.08681 0.988007
3500 pop2 1.08871 0.989734
3600 pop1 1.09224 0.992949
3600 pop2 1.07757 0.979609
3700 pop1 1.0806 0.982363
3700 pop2 1.08698 0.988162
3800 pop1 1.08806 0.989149
3800 pop2 1.08912 0.990105
3900 pop1 1.08046 0.982233
3900 pop2 1.08968 0.990617
4000 pop1 1.08527 0.986609
4000 pop2 1.08453 0.985937
4100 pop1 1.08354 0.985035
4100 pop2 1.08617 0.987427
4200 pop1 1.0867 0.987906
4200 pop2 1.08399 0.985442
4300 pop1 1.08528 0.986621
4300 pop2 1.08745 0.988588
4400 pop1 1.0854 0.986729
4400 pop2 1.08643 0.987668
4500 pop1 1.08612 0.987384
4500 pop2 1.08749 0.98863
4600 pop1 1.08438 0.985799
4600 pop2 1.08728 0.988439
4700 pop1 1.08577 0.987062
4700 pop2 1.0861 0.987367
4800 pop1 1.08729 0.988446
4800 pop2 1.08395 0.985413
4900 pop1 1.08432 0.985747
4900 pop2 1.08437 0.985788
5000 pop1 1.08353 0.985031
5000 pop2 1.08706 0.988236
