1 pop1 1.0 0.980392
1 pop2 1.0 0.980392
100 pop1 0.998641 0.97906
100 pop2 1.00281 0.98315
200 pop1 0.9995 0.979902
200 pop2 1.00165 0.982007
300 pop1 1.00026 0.980643
300 pop2 0.99954 0.979941
400 pop1 1.00177 0.982123
400 pop2 0.998802 0.979217
500 pop1 1.00372 0.98404
500 pop2 0.997388 0.977832
600 pop1 1.00472 0.985018
600 pop2 0.995784 0.976258
700 pop1 1.00247 0.98281
700 pop2 0.998089 0.978519
800 pop1 1.00217 0.982517
800 pop2 0.997942 0.978374
900 pop1 1.00381 0.984123
900 pop2 0.997393 0.977836
1000 pop1 1.00344 0.983769
1000 pop2 0.997533 0.977973
1100 pop1 1.00679 0.987053
1100 pop2 0.99613 0.976598
1200 pop1 1.01048 0.990667
1200 pop2 0.99823 0.978657
1300 pop1 1.01367 0.993796
1300 pop2 1.00009 0.980481
1400 pop1 1.01523 0.995328
1400 pop2 1.00112 0.981494
1500 pop1 1.01562 0.995709
1500 pop2 1.00167 0.982028
1600 pop1 1.01791 0.997949
1600 pop2 1.00035 0.980731
1700 pop1 1.01758 0.997623
1700 pop2 1.00071 0.981084
1800 pop1 1.01743 0.997477
1800 pop2 1.00198 0.982337
1900 pop1 1.01794 0.997981
1900 pop2 1.00177 0.982123
2000 pop1 1.01811 0.99815
2000 pop2 1.00187 0.982226
2100 pop1 1.01796 0.997999
2100 pop2 1.00212 0.982475
2200 pop1 1.01851 0.998542
2200 pop2 1.00178 0.982138
2300 pop1 1.01767 0.997716
2300 pop2 1.00219 0.982543
2400 pop1 1.01806 0.998094
2400 pop2 1.00231 0.982657
2500 pop1 1.01799 0.998026
2500 pop2 1.00211 0.982457
2600 pop1 1.01749 0.997538
2600 pop2 1.00263 0.982972
2700 pop1 1.01733 0.997383
2700 pop2 1.00297 0.983303
2800 pop1 1.01802 0.998058
2800 pop2 1.00215 0.9825
2900 pop1 1.01711 0.997165
2900 pop2 1.00302 0.983357
3000 pop1 1.01798 0.998018
3000 pop2 1.00226 0.98261
3100 pop1 1.01882 0.998843
3100 pop2 1.0016 0.981961
3200 pop1 1.01795 0.997986
3200 pop2 1.00294 0.983271
3300 pop1 1.01772 0.99776
3300 pop2 1.00241 0.98276
3400 pop1 1.01822 0.998256
3400 pop2 1.00214 0.982492
3500 pop1 1.019 0.999018
3500 pop2 1.00124 0.981603
3600 pop1 1.01936 0.999375
3600 pop2 1.0008 0.981175
3700 pop1 1.01963 0.999641
3700 pop2 1.00045 0.980836
3800 pop1 1.01974 0.999741
3800 pop2 1.00041 0.980797
3900 pop1 1.01997 0.999971
3900 pop2 1.00018 0.980569
4000 pop1 1.01993 0.999935
4000 pop2 1.00023 0.98062
4100 pop1 1.01985 0.999852
4100 pop2 1.0003 0.980687
4200 pop1 1.01997 0.999975
4200 pop2 1.00007 0.980459
4300 pop1 1.02009 1.00009
4300 pop2 1.00001 0.980404
4400 pop1 1.0201 1.0001
4400 pop2 1.0 0.980392
4500 pop1 1.0201 1.0001
4500 pop2 1.0 0.980392
4600 pop1 1.0201 1.0001
4600 pop2 1.0 0.980392
4700 pop1 1.0201 1.0001
4700 pop2 1.0 0.980392
4800 pop1 1.0201 1.0001
4800 pop2 1.0 0.980392
4900 pop1 1.0201 1.0001
4900 pop2 1.0 0.980392
5000 pop1 1.0201 1.0001
5000 pop2 1.0 0.980392
