1 pop1 1.0 0.833333
1 pop2 1.0 0.833333
100 pop1 1.19129 0.992746
100 pop2 1.18515 0.987627
200 pop1 1.18548 0.987901
200 pop2 1.19441 0.995343
300 pop1 1.19462 0.99552
300 pop2 1.18827 0.990226
400 pop1 1.19357 0.994645
400 pop2 1.19064 0.992203
500 pop1 1.18992 0.991598
500 pop2 1.19248 0.993729
600 pop1 1.18983 0.991525
600 pop2 1.18786 0.989887
700 pop1 1.18736 0.989463
700 pop2 1.1874 0.989497
800 pop1 1.18979 0.99149
800 pop2 1.18701 0.989172
900 pop1 1.18938 0.991146
900 pop2 1.19511 0.995929
1000 pop1 1.1889 0.990749
1000 pop2 1.19415 0.995124
1100 pop1 1.19199 0.993322
1100 pop2 1.19022 0.991852
1200 pop1 1.18879 0.990655
1200 pop2 1.1876 0.989664
1300 pop1 1.19188 0.993237
1300 pop2 1.1874 0.989502
1400 pop1 1.18646 0.988719
1400 pop2 1.19262 0.993853
1500 pop1 1.19274 0.993947
1500 pop2 1.18931 0.991093
1600 pop1 1.18879 0.99066
1600 pop2 1.18573 0.988106
1700 pop1 1.18836 0.990303
1700 pop2 1.18675 0.988958
1800 pop1 1.19047 0.992058
1800 pop2 1.19698 0.997487
1900 pop1 1.18917 0.990974
1900 pop2 1.18846 0.990381
2000 pop1 1.19015 0.991789
2000 pop2 1.18645 0.988708
2100 pop1 1.19167 0.99306
2100 pop2 1.18765 0.98971
2200 pop1 1.18808 0.990068
2200 pop2 1.19354 0.99462
2300 pop1 1.18862 0.990513
2300 pop2 1.19132 0.992763
2400 pop1 1.18858 0.990479
2400 pop2 1.1931 0.994252
2500 pop1 1.18905 0.990878
2500 pop2 1.18866 0.990553
2600 pop1 1.18776 0.989803
2600 pop2 1.18785 0.989874
2700 pop1 1.18894 0.99078
2700 pop2 1.19063 0.992192
2800 pop1 1.18854 0.990447
2800 pop2 1.18692 0.989099
2900 pop1 1.18872 0.990603
2900 pop2 1.1883 0.990251
3000 pop1 1.19038 0.991985
3000 pop2 1.19091 0.992428
3100 pop1 1.18867 0.99056
3100 pop2 1.19164 0.993036
3200 pop1 1.18798 0.989985
3200 pop2 1.19153 0.992943
3300 pop1 1.18897 0.990805
3300 pop2 1.19198 0.99332
3400 pop1 1.19625 0.996879
3400 pop2 1.19088 0.9924
3500 pop1 1.18952 0.991267
3500 pop2 1.19157 0.992977
3600 pop1 1.18766 0.98972
3600 pop2 1.1891 0.99092
3700 pop1 1.18861 0.990508
3700 pop2 1.19063 0.992195
3800 pop1 1.19298 0.994146
3800 pop2 1.19388 0.994903
3900 pop1 1.19146 0.992879
3900 pop2 1.19044 0.992031
4000 pop1 1.19194 0.993287
4000 pop2 1.19126 0.992713
4100 pop1 1.19138 0.992816
4100 pop2 1.18568 0.988068
4200 pop1 1.18736 0.98947
4200 pop2 1.19174 0.993117
4300 pop1 1.18943 0.991192
4300 pop2 1.19194 0.993282
4400 pop1 1.18699 0.989158
4400 pop2 1.19051 0.992094
4500 pop1 1.19105 0.992541
4500 pop2 1.19372 0.99477
4600 pop1 1.18777 0.989807
4600 pop2 1.19184 0.9932
4700 pop1 1.18543 0.987856
4700 pop2 1.19056 0.992132
4800 pop1 1.1861 0.988416
4800 pop2 1.19184 0.9932
4900 pop1 1.19076 0.992299
4900 pop2 1.19257 0.993809
5000 pop1 1.18725 0.989373
5000 pop2 1.19273 0.993938
