1 pop1 1.0 0.980392
1 pop2 1.0 0.980392
100 pop1 1.00608 0.986353
100 pop2 1.00539 0.985676
200 pop1 1.00543 0.985715
200 pop2 1.00641 0.986673
300 pop1 1.00426 0.984567
300 pop2 1.00854 0.98876
400 pop1 1.00106 0.981428
400 pop2 1.0087 0.988925
500 pop1 1.00025 0.980632
500 pop2 1.0106 0.990784
600 pop1 0.997141 0.977589
600 pop2 1.01034 0.990526
700 pop1 0.999949 0.980342
700 pop2 1.00972 0.989923
800 pop1 1.00065 0.981034
800 pop2 1.00911 0.989323
900 pop1 1.00092 0.981296
900 pop2 1.00845 0.988677
1000 pop1 1.00388 0.9842
1000 pop2 1.00683 0.987087
1100 pop1 1.00785 0.988088
1100 pop2 1.00385 0.984171
1200 pop1 1.01177 0.991934
1200 pop2 1.00447 0.984778
1300 pop1 1.01348 0.993604
1300 pop2 1.00741 0.987653
1400 pop1 1.0131 0.993233
1400 pop2 1.00937 0.989575
1500 pop1 1.01 0.990196
1500 pop2 1.01153 0.991696
1600 pop1 1.01002 0.990212
1600 pop2 1.01287 0.993014
1700 pop1 1.00875 0.988974
1700 pop2 1.01347 0.993599
1800 pop1 1.01078 0.990956
1800 pop2 1.01348 0.993606
1900 pop1 1.01145 0.99162
1900 pop2 1.01359 0.993713
2000 pop1 1.01147 0.991636
2000 pop2 1.01279 0.992936
2100 pop1 1.00993 0.990128
2100 pop2 1.0131 0.993233
2200 pop1 1.01099 0.991164
2200 pop2 1.01389 0.99401
2300 pop1 1.01174 0.991905
2300 pop2 1.01395 0.99407
2400 pop1 1.01056 0.990744
2400 pop2 1.01239 0.99254
2500 pop1 1.01182 0.991981
2500 pop2 1.01354 0.993665
2600 pop1 1.01244 0.992583
2600 pop2 1.01285 0.992988
2700 pop1 1.01079 0.990974
2700 pop2 1.01341 0.993537
2800 pop1 1.01088 0.991057
2800 pop2 1.01354 0.993669
2900 pop1 1.01061 0.990789
2900 pop2 1.01486 0.99496
3000 pop1 1.01278 0.992919
3000 pop2 1.0138 0.993922
3100 pop1 1.01145 0.991618
3100 pop2 1.01204 0.992198
3200 pop1 1.01226 0.992409
3200 pop2 1.01317 0.993305
3300 pop1 1.01071 0.990887
3300 pop2 1.01385 0.993969
3400 pop1 1.01078 0.990961
3400 pop2 1.01409 0.994207
3500 pop1 1.01114 0.99131
3500 pop2 1.01285 0.992991
3600 pop1 1.01125 0.99142
3600 pop2 1.01238 0.992528
3700 pop1 1.0131 0.993235
3700 pop2 1.01183 0.991991
3800 pop1 1.01441 0.994519
3800 pop2 1.01109 0.991266
3900 pop1 1.01104 0.991218
3900 pop2 1.01307 0.993206
4000 pop1 1.01078 0.990956
4000 pop2 1.01325 0.993387
4100 pop1 1.01104 0.991214
4100 pop2 1.01415 0.994267
4200 pop1 1.01183 0.991986
4200 pop2 1.01405 0.994164
4300 pop1 1.01135 0.991515
4300 pop2 1.01337 0.993502
4400 pop1 1.01176 0.991923
4400 pop2 1.01333 0.993458
4500 pop1 1.01133 0.991503
4500 pop2 1.01375 0.993872
4600 pop1 1.01019 0.990378
4600 pop2 1.01348 0.993604
4700 pop1 1.01022 0.99041
4700 pop2 1.01426 0.994377
4800 pop1 1.00939 0.989593
4800 pop2 1.01415 0.994262
4900 pop1 1.00982 0.990021
4900 pop2 1.01447 0.994578
5000 pop1 1.00958 0.98978
5000 pop2 1.01442 0.994531
