1 pop1 1.0 0.980392
1 pop2 1.0 0.980392
100 pop1 0.999449 0.979852
100 pop2 1.00281 0.983143
200 pop1 0.996066 0.976536
200 pop2 1.00566 0.985937
300 pop1 0.997622 0.978061
300 pop2 1.00407 0.984382
400 pop1 0.99715 0.977599
400 pop2 1.00445 0.984755
500 pop1 0.997915 0.978348
500 pop2 1.00448 0.984785
600 pop1 0.998728 0.979145
600 pop2 1.00231 0.982659
700 pop1 1.00006 0.980453
700 pop2 1.00024 0.980628
800 pop1 0.997463 0.977905
800 pop2 1.00402 0.984336
900 pop1 0.996683 0.97714
900 pop2 1.00549 0.985775
1000 pop1 0.997998 0.978429
1000 pop2 1.00393 0.984241
1100 pop1 1.00164 0.981997
1100 pop2 1.00539 0.985679
1200 pop1 1.00653 0.986795
1200 pop2 1.00673 0.986988
1300 pop1 1.00788 0.988117
1300 pop2 1.00972 0.989922
1400 pop1 1.00762 0.987867
1400 pop2 1.01172 0.991878
1500 pop1 1.00638 0.986643
1500 pop2 1.01298 0.993117
1600 pop1 1.00542 0.985708
1600 pop2 1.0144 0.994509
1700 pop1 1.00429 0.984598
1700 pop2 1.01478 0.99488
1800 pop1 1.00338 0.983703
1800 pop2 1.01615 0.996229
1900 pop1 1.00243 0.982771
1900 pop2 1.01751 0.997562
2000 pop1 1.00356 0.983883
2000 pop2 1.0164 0.99647
2100 pop1 1.00247 0.982818
2100 pop2 1.01788 0.997926
2200 pop1 1.00334 0.983666
2200 pop2 1.01728 0.997334
2300 pop1 1.00253 0.982868
2300 pop2 1.01726 0.997313
2400 pop1 1.00198 0.982335
2400 pop2 1.01752 0.997568
2500 pop1 1.00239 0.982733
2500 pop2 1.01794 0.99798
2600 pop1 1.00273 0.983071
2600 pop2 1.01761 0.997659
2700 pop1 1.00168 0.982038
2700 pop2 1.0182 0.998233
2800 pop1 1.00066 0.981043
2800 pop2 1.01924 0.999252
2900 pop1 1.00018 0.980573
2900 pop2 1.01993 0.999928
3000 pop1 1.00047 0.98085
3000 pop2 1.01953 0.999544
3100 pop1 1.00071 0.98109
3100 pop2 1.01921 0.999226
3200 pop1 1.0013 0.981665
3200 pop2 1.01902 0.999042
3300 pop1 1.00097 0.981347
3300 pop2 1.01919 0.999207
3400 pop1 1.00111 0.981476
3400 pop2 1.01891 0.998935
3500 pop1 1.001 0.981373
3500 pop2 1.01895 0.998973
3600 pop1 1.00165 0.982015
3600 pop2 1.01832 0.998357
3700 pop1 1.00168 0.982036
3700 pop2 1.01838 0.998409
3800 pop1 1.00192 0.982273
3800 pop2 1.01844 0.998475
3900 pop1 1.00207 0.982421
3900 pop2 1.01822 0.998258
4000 pop1 1.00224 0.982585
4000 pop2 1.01774 0.997783
4100 pop1 1.00265 0.982987
4100 pop2 1.01713 0.997184
4200 pop1 1.00303 0.983362
4200 pop2 1.01734 0.997388
4300 pop1 1.00319 0.983516
4300 pop2 1.01731 0.997364
4400 pop1 1.00288 0.983216
4400 pop2 1.01778 0.997826
4500 pop1 1.0022 0.982547
4500 pop2 1.01818 0.998212
4600 pop1 1.00197 0.982323
4600 pop2 1.01777 0.997815
4700 pop1 1.00139 0.98175
4700 pop2 1.01866 0.998685
4800 pop1 1.0013 0.981669
4800 pop2 1.01893 0.998949
4900 pop1 1.00084 0.981215
4900 pop2 1.01934 0.999353
5000 pop1 1.00101 0.98138
5000 pop2 1.01911 0.999132
