1 pop1 1.0 0.909091
1 pop2 1.0 0.909091
100 pop1 1.03867 0.944248
100 pop2 1.03152 0.937748
200 pop1 1.03416 0.940145
200 pop2 1.0355 0.941364
300 pop1 1.03409 0.940085
300 pop2 1.03346 0.939509
400 pop1 1.03271 0.93883
400 pop2 1.0412 0.946549
500 pop1 1.03651 0.942284
500 pop2 1.03388 0.939895
600 pop1 1.04138 0.946707
600 pop2 1.03261 0.938736
700 pop1 1.03266 0.938786
700 pop2 1.03981 0.945284
800 pop1 1.03242 0.938567
800 pop2 1.03165 0.937866
900 pop1 1.04 0.94545
900 pop2 1.02693 0.933572
1000 pop1 1.02267 0.929699
1000 pop2 1.04584 0.950768
1100 pop1 1.05576 0.959782
1100 pop2 1.05717 0.961068
1200 pop1 1.05017 0.954698
1200 pop2 1.06564 0.968767
1300 pop1 1.04562 0.950562
1300 pop2 1.07081 0.973467
1400 pop1 1.0556 0.95964
1400 pop2 1.06306 0.966418
1500 pop1 1.051 0.955451
1500 pop2 1.06854 0.971401
1600 pop1 1.05254 0.956857
1600 pop2 1.06464 0.967859
1700 pop1 1.0524 0.956725
1700 pop2 1.06916 0.971966
1800 pop1 1.0538 0.958001
1800 pop2 1.06682 0.969833
1900 pop1 1.05464 0.958763
1900 pop2 1.06763 0.970573
2000 pop1 1.05399 0.958174
2000 pop2 1.06605 0.969133
2100 pop1 1.06275 0.966136
2100 pop2 1.05766 0.961508
2200 pop1 1.06398 0.967255
2200 pop2 1.06 0.963637
2300 pop1 1.06043 0.964026
2300 pop2 1.06078 0.964346
2400 pop1 1.05825 0.96205
2400 pop2 1.06444 0.967672
2500 pop1 1.06761 0.970553
2500 pop2 1.05346 0.957693
2600 pop1 1.06571 0.968829
2600 pop2 1.05758 0.96144
2700 pop1 1.06457 0.967789
2700 pop2 1.05324 0.957495
2800 pop1 1.06536 0.968512
2800 pop2 1.05342 0.957652
2900 pop1 1.06078 0.964347
2900 pop2 1.06318 0.966524
3000 pop1 1.0604 0.963997
3000 pop2 1.06398 0.967252
3100 pop1 1.06229 0.965715
3100 pop2 1.06091 0.964464
3200 pop1 1.05981 0.963464
3200 pop2 1.06379 0.967085
3300 pop1 1.05943 0.96312
3300 pop2 1.05836 0.962149
3400 pop1 1.06119 0.964722
3400 pop2 1.06377 0.967067
3500 pop1 1.06198 0.965436
3500 pop2 1.06168 0.965163
3600 pop1 1.05949 0.963172
3600 pop2 1.06081 0.96437
3700 pop1 1.06507 0.968248
3700 pop2 1.06125 0.96477
3800 pop1 1.06462 0.967838
3800 pop2 1.05685 0.960776
3900 pop1 1.06575 0.968864
3900 pop2 1.05523 0.959299
4000 pop1 1.07031 0.973005
4000 pop2 1.05365 0.957864
4100 pop1 1.06644 0.969495
4100 pop2 1.05395 0.95814
4200 pop1 1.06069 0.964266
4200 pop2 1.06239 0.965813
4300 pop1 1.06263 0.966029
4300 pop2 1.06116 0.964689
4400 pop1 1.06376 0.967051
4400 pop2 1.0606 0.964185
4500 pop1 1.06555 0.968683
4500 pop2 1.05476 0.958876
4600 pop1 1.05937 0.963062
4600 pop2 1.06216 0.965604
4700 pop1 1.06458 0.967803
4700 pop2 1.06232 0.965743
4800 pop1 1.06105 0.964588
4800 pop2 1.06309 0.966443
4900 pop1 1.06326 0.966602
4900 pop2 1.05989 0.963537
5000 pop1 1.06316 0.966509
5000 pop2 1.05983 0.963482
