1 pop1 1.0 0.909091
1 pop2 1.0 0.909091
100 pop1 1.02356 0.930509
100 pop2 1.00945 0.917686
200 pop1 1.01713 0.924664
200 pop2 1.01867 0.92606
300 pop1 1.01139 0.919444
300 pop2 1.01877 0.926153
400 pop1 1.02502 0.931835
400 pop2 1.00122 0.9102
500 pop1 1.01695 0.924501
500 pop2 1.01181 0.91983
600 pop1 1.01441 0.922195
600 pop2 1.02277 0.929795
700 pop1 1.0136 0.921453
700 pop2 1.01703 0.924572
800 pop1 1.01244 0.920404
800 pop2 1.01612 0.923747
900 pop1 1.01632 0.923923
900 pop2 1.01705 0.924593
1000 pop1 1.00738 0.915797
1000 pop2 1.02789 0.934446
1100 pop1 1.05195 0.956314
1100 pop2 1.04666 0.951509
1200 pop1 1.04139 0.946721
1200 pop2 1.0621 0.965549
1300 pop1 1.04058 0.945978
1300 pop2 1.06353 0.966842
1400 pop1 1.04052 0.945931
1400 pop2 1.06843 0.971298
1500 pop1 1.03722 0.942927
1500 pop2 1.0711 0.97373
1600 pop1 1.03426 0.94024
1600 pop2 1.07422 0.976561
1700 pop1 1.03291 0.939011
1700 pop2 1.07415 0.976497
1800 pop1 1.04306 0.948233
1800 pop2 1.06652 0.969562
1900 pop1 1.04598 0.950892
1900 pop2 1.06541 0.968554
2000 pop1 1.04528 0.950254
2000 pop2 1.06327 0.966612
2100 pop1 1.05198 0.956344
2100 pop2 1.0601 0.963728
2200 pop1 1.04778 0.952524
2200 pop2 1.06371 0.967012
2300 pop1 1.05259 0.9569
2300 pop2 1.06023 0.963844
2400 pop1 1.05261 0.956921
2400 pop2 1.05735 0.961229
2500 pop1 1.05066 0.955144
2500 pop2 1.06016 0.963785
2600 pop1 1.05874 0.962489
2600 pop2 1.05363 0.957841
2700 pop1 1.049 0.953633
2700 pop2 1.05879 0.962532
2800 pop1 1.05559 0.959626
2800 pop2 1.05303 0.9573
2900 pop1 1.05472 0.958836
2900 pop2 1.05351 0.957732
3000 pop1 1.04781 0.952554
3000 pop2 1.06109 0.964626
3100 pop1 1.04552 0.950477
3100 pop2 1.06386 0.96715
3200 pop1 1.05913 0.962842
3200 pop2 1.05221 0.956559
3300 pop1 1.05956 0.963237
3300 pop2 1.05369 0.957898
3400 pop1 1.05643 0.960389
3400 pop2 1.05623 0.960209
3500 pop1 1.0577 0.961547
3500 pop2 1.05341 0.957649
3600 pop1 1.06116 0.964689
3600 pop2 1.04707 0.951882
3700 pop1 1.05991 0.963553
3700 pop2 1.05355 0.957771
3800 pop1 1.06873 0.971576
3800 pop2 1.0413 0.946632
3900 pop1 1.06529 0.968447
3900 pop2 1.04469 0.949723
4000 pop1 1.05925 0.962959
4000 pop2 1.05079 0.955265
4100 pop1 1.0638 0.967089
4100 pop2 1.04691 0.951737
4200 pop1 1.06281 0.966189
4200 pop2 1.04831 0.953009
4300 pop1 1.05991 0.963553
4300 pop2 1.04821 0.952915
4400 pop1 1.05459 0.958719
4400 pop2 1.05604 0.960036
4500 pop1 1.051 0.955459
4500 pop2 1.06069 0.964261
4600 pop1 1.05259 0.956901
4600 pop2 1.0576 0.961456
4700 pop1 1.05647 0.96043
4700 pop2 1.05682 0.96075
4800 pop1 1.04999 0.95454
4800 pop2 1.06078 0.964346
4900 pop1 1.04619 0.951078
4900 pop2 1.06523 0.968389
5000 pop1 1.05114 0.955584
5000 pop2 1.0619 0.965362
