1 pop1 1.0 0.833333
1 pop2 1.0 0.833333
100 pop1 1.12599 0.938324
100 pop2 1.13169 0.943074
200 pop1 1.12371 0.936421
200 pop2 1.12021 0.933509
300 pop1 1.12727 0.939395
300 pop2 1.12649 0.938742
400 pop1 1.12494 0.937448
400 pop2 1.12449 0.937077
500 pop1 1.12721 0.939338
500 pop2 1.13253 0.943779
600 pop1 1.13146 0.942887
600 pop2 1.12956 0.941299
700 pop1 1.12875 0.940626
700 pop2 1.12495 0.937461
800 pop1 1.12231 0.935254
800 pop2 1.12618 0.938486
900 pop1 1.1177 0.931417
900 pop2 1.12443 0.937027
1000 pop1 1.12824 0.940203
1000 pop2 1.1165 0.930419
1100 pop1 1.13806 0.948383
1100 pop2 1.14705 0.955877
1200 pop1 1.13605 0.946707
1200 pop2 1.15023 0.958524
1300 pop1 1.14155 0.951295
1300 pop2 1.14482 0.954014
1400 pop1 1.13865 0.948874
1400 pop2 1.14641 0.955343
1500 pop1 1.14416 0.953467
1500 pop2 1.14773 0.956442
1600 pop1 1.13517 0.945977
1600 pop2 1.14851 0.957093
1700 pop1 1.13121 0.942674
1700 pop2 1.14812 0.956769
1800 pop1 1.1449 0.954086
1800 pop2 1.13632 0.946937
1900 pop1 1.1385 0.948751
1900 pop2 1.14949 0.95791
2000 pop1 1.14847 0.957059
2000 pop2 1.14463 0.953855
2100 pop1 1.1398 0.949833
2100 pop2 1.14864 0.957196
2200 pop1 1.1458 0.954837
2200 pop2 1.14314 0.952614
2300 pop1 1.14173 0.95144
2300 pop2 1.15005 0.958373
2400 pop1 1.14361 0.95301
2400 pop2 1.13951 0.949595
2500 pop1 1.14547 0.954559
2500 pop2 1.14103 0.95086
2600 pop1 1.12869 0.940575
2600 pop2 1.14706 0.955883
2700 pop1 1.13706 0.947553
2700 pop2 1.14784 0.956532
2800 pop1 1.14101 0.950844
2800 pop2 1.14981 0.958174
2900 pop1 1.14214 0.951782
2900 pop2 1.14459 0.953822
3000 pop1 1.14705 0.955877
3000 pop2 1.14254 0.95212
3100 pop1 1.14044 0.950364
3100 pop2 1.14606 0.955052
3200 pop1 1.13714 0.94762
3200 pop2 1.14699 0.955821
3300 pop1 1.14246 0.95205
3300 pop2 1.14449 0.953739
3400 pop1 1.1461 0.955083
3400 pop2 1.14158 0.951316
3500 pop1 1.14731 0.956093
3500 pop2 1.1406 0.9505
3600 pop1 1.14137 0.951145
3600 pop2 1.14568 0.954729
3700 pop1 1.13394 0.944949
3700 pop2 1.14364 0.953029
3800 pop1 1.14341 0.952841
3800 pop2 1.14782 0.956517
3900 pop1 1.13935 0.94946
3900 pop2 1.14244 0.95203
4000 pop1 1.14647 0.955388
4000 pop2 1.14268 0.952236
4100 pop1 1.13694 0.947447
4100 pop2 1.14294 0.952449
4200 pop1 1.14524 0.954366
4200 pop2 1.14104 0.950866
4300 pop1 1.15058 0.95882
4300 pop2 1.13922 0.949347
4400 pop1 1.15258 0.960484
4400 pop2 1.13774 0.948113
4500 pop1 1.14009 0.950077
4500 pop2 1.14042 0.950349
4600 pop1 1.14937 0.957811
4600 pop2 1.13888 0.949064
4700 pop1 1.14423 0.953527
4700 pop2 1.1426 0.952166
4800 pop1 1.14466 0.953887
4800 pop2 1.14175 0.951461
4900 pop1 1.13803 0.94836
4900 pop2 1.13748 0.947897
5000 pop1 1.14719 0.955994
5000 pop2 1.13898 0.949154
