1 pop1 1.0 0.909091
1 pop2 1.0 0.909091
100 pop1 1.0807 0.982459
100 pop2 1.08425 0.985684
200 pop1 1.08767 0.98879
200 pop2 1.0817 0.983367
300 pop1 1.08042 0.982197
300 pop2 1.08438 0.985804
400 pop1 1.08298 0.984526
400 pop2 1.08356 0.985058
500 pop1 1.08169 0.983359
500 pop2 1.08268 0.984258
600 pop1 1.08376 0.985234
600 pop2 1.07972 0.98156
700 pop1 1.08171 0.983374
700 pop2 1.07879 0.980714
800 pop1 1.08358 0.985074
800 pop2 1.08447 0.985881
900 pop1 1.08412 0.98556
900 pop2 1.08147 0.983156
1000 pop1 1.08318 0.98471
1000 pop2 1.08311 0.984642
1100 pop1 1.09006 0.990963
1100 pop2 1.08001 0.981828
1200 pop1 1.08512 0.986477
1200 pop2 1.08661 0.987826
1300 pop1 1.08421 0.985648
1300 pop2 1.08588 0.987164
1400 pop1 1.08632 0.987559
1400 pop2 1.08394 0.985396
1500 pop1 1.08593 0.987208
1500 pop2 1.08757 0.988699
1600 pop1 1.08531 0.986647
1600 pop2 1.08868 0.989705
1700 pop1 1.08716 0.988327
1700 pop2 1.08597 0.987248
1800 pop1 1.08478 0.986164
1800 pop2 1.08537 0.986702
1900 pop1 1.08504 0.986404
1900 pop2 1.08449 0.985904
2000 pop1 1.08284 0.984404
2000 pop2 1.08675 0.987954
2100 pop1 1.08675 0.987957
2100 pop2 1.08474 0.986124
2200 pop1 1.0847 0.986087
2200 pop2 1.08605 0.987315
2300 pop1 1.08964 0.990582
2300 pop2 1.08685 0.988045
2400 pop1 1.08519 0.986536
2400 pop2 1.08594 0.987214
2500 pop1 1.08862 0.989654
2500 pop2 1.08492 0.986288
2600 pop1 1.08502 0.986383
2600 pop2 1.08588 0.987168
2700 pop1 1.08665 0.987868
2700 pop2 1.0864 0.987635
2800 pop1 1.08453 0.985939
2800 pop2 1.08722 0.988378
2900 pop1 1.0859 0.987182
2900 pop2 1.08446 0.985873
3000 pop1 1.08361 0.985099
3000 pop2 1.08906 0.990052
3100 pop1 1.08402 0.985477
3100 pop2 1.0866 0.987816
3200 pop1 1.08308 0.984617
3200 pop2 1.08707 0.988245
3300 pop1 1.08175 0.98341
3300 pop2 1.08405 0.985502
3400 pop1 1.08587 0.987157
3400 pop2 1.08688 0.988072
3500 pop1 1.0822 0.983816
3500 pop2 1.08443 0.985843
3600 pop1 1.08505 0.986412
3600 pop2 1.08668 0.987887
3700 pop1 1.08546 0.986786
3700 pop2 1.08735 0.988504
3800 pop1 1.08718 0.988344
3800 pop2 1.08264 0.984223
3900 pop1 1.09115 0.991958
3900 pop2 1.08 0.981822
4000 pop1 1.08826 0.989325
4000 pop2 1.08224 0.983855
4100 pop1 1.08118 0.982894
4100 pop2 1.08573 0.987032
4200 pop1 1.08261 0.984194
4200 pop2 1.08493 0.9863
4300 pop1 1.0808 0.982549
4300 pop2 1.09124 0.99204
4400 pop1 1.08448 0.985893
4400 pop2 1.08737 0.988521
4500 pop1 1.08388 0.985343
4500 pop2 1.0887 0.989727
4600 pop1 1.0844 0.98582
4600 pop2 1.08344 0.984946
4700 pop1 1.08369 0.985171
4700 pop2 1.08296 0.984508
4800 pop1 1.08945 0.990408
4800 pop2 1.08761 0.988739
4900 pop1 1.08554 0.986851
4900 pop2 1.08799 0.989086
5000 pop1 1.08388 0.985342
5000 pop2 1.08598 0.987255
