1 pop1 1.0 0.980392
1 pop2 1.0 0.980392
100 pop1 0.999668 0.980067
100 pop2 1.00386 0.984178
200 pop1 0.998498 0.97892
200 pop2 1.00177 0.982123
300 pop1 0.999285 0.979691
300 pop2 1.00116 0.981527
400 pop1 1.00191 0.982266
400 pop2 1.0003 0.980689
500 pop1 1.00184 0.982196
500 pop2 1.00151 0.981875
600 pop1 1.00146 0.981821
600 pop2 1.0003 0.98069
700 pop1 1.00135 0.981717
700 pop2 1.00024 0.980627
800 pop1 1.00309 0.983419
800 pop2 0.998486 0.978908
900 pop1 1.00226 0.982605
900 pop2 0.999194 0.979602
1000 pop1 1.00168 0.982039
1000 pop2 1.00077 0.981143
1100 pop1 1.00714 0.987396
1100 pop2 1.00077 0.981144
1200 pop1 1.00671 0.986973
1200 pop2 1.00677 0.987027
1300 pop1 1.00755 0.987794
1300 pop2 1.00869 0.98891
1400 pop1 1.00948 0.989689
1400 pop2 1.0096 0.989807
1500 pop1 1.00669 0.986953
1500 pop2 1.01154 0.991704
1600 pop1 1.00532 0.985611
1600 pop2 1.01379 0.993915
1700 pop1 1.00683 0.987091
1700 pop2 1.01183 0.991991
1800 pop1 1.00545 0.985737
1800 pop2 1.01324 0.993368
1900 pop1 1.00444 0.984748
1900 pop2 1.01543 0.995519
2000 pop1 1.00367 0.983985
2000 pop2 1.01609 0.996169
2100 pop1 1.00242 0.982761
2100 pop2 1.01781 0.997857
2200 pop1 1.00197 0.982319
2200 pop2 1.01774 0.99778
2300 pop1 1.00211 0.982461
2300 pop2 1.01817 0.998202
2400 pop1 1.00289 0.983227
2400 pop2 1.01734 0.997394
2500 pop1 1.0027 0.98304
2500 pop2 1.01679 0.996853
2600 pop1 1.0033 0.983629
2600 pop2 1.01666 0.996726
2700 pop1 1.0038 0.984113
2700 pop2 1.01588 0.995965
2800 pop1 1.00403 0.984342
2800 pop2 1.01603 0.996107
2900 pop1 1.0035 0.983819
2900 pop2 1.01654 0.996608
3000 pop1 1.00414 0.984452
3000 pop2 1.01558 0.995671
3100 pop1 1.00322 0.98355
3100 pop2 1.01729 0.997339
3200 pop1 1.00228 0.982629
3200 pop2 1.01786 0.9979
3300 pop1 1.00138 0.981746
3300 pop2 1.01848 0.998512
3400 pop1 1.00285 0.98319
3400 pop2 1.01735 0.997399
3500 pop1 1.00389 0.984203
3500 pop2 1.01621 0.996281
3600 pop1 1.00259 0.982932
3600 pop2 1.01736 0.997407
3700 pop1 1.00247 0.982817
3700 pop2 1.01775 0.997791
3800 pop1 1.00203 0.982382
3800 pop2 1.01845 0.99848
3900 pop1 1.00145 0.981813
3900 pop2 1.0186 0.998628
4000 pop1 1.00081 0.981185
4000 pop2 1.01917 0.999189
4100 pop1 1.00111 0.981481
4100 pop2 1.01927 0.999281
4200 pop1 1.00065 0.981034
4200 pop2 1.01912 0.99914
4300 pop1 1.00149 0.981855
4300 pop2 1.01887 0.998891
4400 pop1 1.00161 0.981973
4400 pop2 1.01834 0.998377
4500 pop1 1.00101 0.981382
4500 pop2 1.01905 0.999065
4600 pop1 1.0015 0.981863
4600 pop2 1.01889 0.99891
4700 pop1 1.00113 0.981499
4700 pop2 1.01904 0.999055
4800 pop1 1.001 0.98137
4800 pop2 1.0191 0.999113
4900 pop1 1.0014 0.981768
4900 pop2 1.01874 0.998762
5000 pop1 1.00074 0.981114
5000 pop2 1.01935 0.999361
