1 pop1 1.0 0.909091
1 pop2 1.0 0.909091
100 pop1 1.0387 0.944276
100 pop2 1.03323 0.939303
200 pop1 1.03805 0.943686
200 pop2 1.02544 0.932214
300 pop1 1.03549 0.941353
300 pop2 1.03348 0.939526
400 pop1 1.04001 0.945461
400 pop2 1.02777 0.934337
500 pop1 1.03021 0.936558
500 pop2 1.03499 0.940902
600 pop1 1.0321 0.938273
600 pop2 1.03616 0.941964
700 pop1 1.03946 0.94496
700 pop2 1.03373 0.939751
800 pop1 1.04273 0.947935
800 pop2 1.02762 0.934203
900 pop1 1.03363 0.939661
900 pop2 1.03899 0.94454
1000 pop1 1.03503 0.940935
1000 pop2 1.03511 0.941012
1100 pop1 1.05968 0.963344
1100 pop2 1.04947 0.954067
1200 pop1 1.05167 0.956065
1200 pop2 1.06109 0.964627
1300 pop1 1.04915 0.953771
1300 pop2 1.06844 0.971312
1400 pop1 1.05998 0.963621
1400 pop2 1.0629 0.966269
1500 pop1 1.05744 0.961312
1500 pop2 1.06202 0.965476
1600 pop1 1.05473 0.958846
1600 pop2 1.06903 0.971843
1700 pop1 1.04757 0.952333
1700 pop2 1.07064 0.973309
1800 pop1 1.05062 0.955106
1800 pop2 1.07058 0.973256
1900 pop1 1.05649 0.960445
1900 pop2 1.06558 0.968714
2000 pop1 1.05615 0.960136
2000 pop2 1.06535 0.968498
2100 pop1 1.0638 0.967093
2100 pop2 1.05432 0.958477
2200 pop1 1.0627 0.966088
2200 pop2 1.0573 0.961183
2300 pop1 1.05593 0.959935
2300 pop2 1.06442 0.967655
2400 pop1 1.06014 0.963767
2400 pop2 1.06157 0.965065
2500 pop1 1.06089 0.964449
2500 pop2 1.05644 0.960398
2600 pop1 1.06677 0.969795
2600 pop2 1.05483 0.958936
2700 pop1 1.06811 0.971009
2700 pop2 1.05478 0.958895
2800 pop1 1.06274 0.966132
2800 pop2 1.05951 0.963188
2900 pop1 1.06408 0.967341
2900 pop2 1.05885 0.962593
3000 pop1 1.06721 0.970189
3000 pop2 1.05899 0.962715
3100 pop1 1.06688 0.969894
3100 pop2 1.05567 0.959696
3200 pop1 1.05658 0.960531
3200 pop2 1.06384 0.967125
3300 pop1 1.05688 0.960802
3300 pop2 1.06525 0.96841
3400 pop1 1.05958 0.963254
3400 pop2 1.06273 0.966115
3500 pop1 1.06493 0.968122
3500 pop2 1.05967 0.963332
3600 pop1 1.06009 0.963718
3600 pop2 1.06375 0.967049
3700 pop1 1.06076 0.96433
3700 pop2 1.05976 0.96342
3800 pop1 1.06464 0.967851
3800 pop2 1.06122 0.964745
3900 pop1 1.06224 0.965677
3900 pop2 1.06431 0.967551
4000 pop1 1.06483 0.968025
4000 pop2 1.05654 0.960494
4100 pop1 1.05703 0.96094
4100 pop2 1.06582 0.968925
4200 pop1 1.06249 0.965899
4200 pop2 1.06247 0.965884
4300 pop1 1.06256 0.965965
4300 pop2 1.05962 0.963292
4400 pop1 1.05946 0.963146
4400 pop2 1.06052 0.964106
4500 pop1 1.06856 0.971419
4500 pop2 1.05699 0.960904
4600 pop1 1.06189 0.965357
4600 pop2 1.0608 0.964363
4700 pop1 1.06257 0.965973
4700 pop2 1.0595 0.963179
4800 pop1 1.06512 0.968291
4800 pop2 1.05509 0.959169
4900 pop1 1.05634 0.960309
4900 pop2 1.06644 0.969492
5000 pop1 1.05729 0.961176
5000 pop2 1.06621 0.969278
