1 pop1 1.0 0.833333
1 pop2 1.0 0.833333
100 pop1 1.12468 0.937236
100 pop2 1.12642 0.938683
200 pop1 1.13079 0.942322
200 pop2 1.11866 0.932219
300 pop1 1.11828 0.931897
300 pop2 1.13023 0.941857
400 pop1 1.1255 0.93792
400 pop2 1.12275 0.935625
500 pop1 1.12035 0.933627
500 pop2 1.1196 0.932997
600 pop1 1.12458 0.937147
600 pop2 1.11739 0.931157
700 pop1 1.12374 0.936453
700 pop2 1.1342 0.945169
800 pop1 1.13258 0.943815
800 pop2 1.12664 0.938867
900 pop1 1.12952 0.941269
900 pop2 1.11974 0.93312
1000 pop1 1.12898 0.940819
1000 pop2 1.12156 0.934635
1100 pop1 1.14226 0.951885
1100 pop2 1.13969 0.94974
1200 pop1 1.14038 0.950319
1200 pop2 1.14722 0.956018
1300 pop1 1.13621 0.94684
1300 pop2 1.15373 0.961438
1400 pop1 1.13477 0.945642
1400 pop2 1.14906 0.957552
1500 pop1 1.13832 0.948596
1500 pop2 1.14688 0.955733
1600 pop1 1.13249 0.943738
1600 pop2 1.14786 0.956549
1700 pop1 1.14167 0.951392
1700 pop2 1.14343 0.95286
1800 pop1 1.13727 0.947725
1800 pop2 1.14183 0.951528
1900 pop1 1.14435 0.953628
1900 pop2 1.14015 0.950123
2000 pop1 1.13917 0.94931
2000 pop2 1.14228 0.951901
2100 pop1 1.15121 0.959344
2100 pop2 1.14033 0.950273
2200 pop1 1.14106 0.95088
2200 pop2 1.14027 0.950224
2300 pop1 1.14169 0.95141
2300 pop2 1.13745 0.947879
2400 pop1 1.14102 0.950847
2400 pop2 1.14263 0.95219
2500 pop1 1.144 0.95333
2500 pop2 1.14109 0.950905
2600 pop1 1.14006 0.950051
2600 pop2 1.14693 0.955774
2700 pop1 1.14517 0.954305
2700 pop2 1.13766 0.94805
2800 pop1 1.14319 0.952661
2800 pop2 1.13768 0.948065
2900 pop1 1.14056 0.950469
2900 pop2 1.13853 0.948771
3000 pop1 1.15308 0.9609
3000 pop2 1.13469 0.945572
3100 pop1 1.13883 0.949029
3100 pop2 1.14778 0.956483
3200 pop1 1.14617 0.95514
3200 pop2 1.14374 0.953117
3300 pop1 1.13907 0.949223
3300 pop2 1.14154 0.95128
3400 pop1 1.14469 0.953907
3400 pop2 1.14143 0.951194
3500 pop1 1.14281 0.952345
3500 pop2 1.14104 0.950867
3600 pop1 1.14612 0.955096
3600 pop2 1.13791 0.948259
3700 pop1 1.13771 0.948093
3700 pop2 1.14284 0.952368
3800 pop1 1.1378 0.948169
3800 pop2 1.13335 0.944458
3900 pop1 1.14717 0.955978
3900 pop2 1.13651 0.947095
4000 pop1 1.14576 0.954803
4000 pop2 1.14516 0.9543
4100 pop1 1.14 0.949998
4100 pop2 1.14388 0.953233
4200 pop1 1.13926 0.949385
4200 pop2 1.14133 0.951107
4300 pop1 1.14367 0.953056
4300 pop2 1.14293 0.952444
4400 pop1 1.14312 0.952599
4400 pop2 1.13968 0.949737
4500 pop1 1.15472 0.962265
4500 pop2 1.13619 0.946823
4600 pop1 1.13935 0.949462
4600 pop2 1.14417 0.953476
4700 pop1 1.14163 0.95136
4700 pop2 1.14074 0.950619
4800 pop1 1.14535 0.954456
4800 pop2 1.14182 0.951519
4900 pop1 1.13918 0.949316
4900 pop2 1.14238 0.951987
5000 pop1 1.14348 0.952899
5000 pop2 1.13513 0.945945
