1 pop1 1.0 0.833333
1 pop2 1.0 0.833333
100 pop1 1.19276 0.993971
100 pop2 1.19096 0.992469
200 pop1 1.19498 0.99582
200 pop2 1.19017 0.991811
300 pop1 1.19461 0.995509
300 pop2 1.19231 0.99359
400 pop1 1.18867 0.990555
400 pop2 1.19182 0.993185
500 pop1 1.18809 0.990074
500 pop2 1.19113 0.992611
600 pop1 1.18985 0.99154
600 pop2 1.19215 0.993462
700 pop1 1.19107 0.992555
700 pop2 1.19039 0.991992
800 pop1 1.19008 0.991733
800 pop2 1.19358 0.994651
900 pop1 1.19133 0.992778
900 pop2 1.19579 0.996488
1000 pop1 1.19145 0.992873
1000 pop2 1.19258 0.993815
1100 pop1 1.2023 1.00192
1100 pop2 0.997192 0.830993
1200 pop1 1.20506 1.00422
1200 pop2 0.998869 0.832391
1300 pop1 1.21013 1.00844
1300 pop2 0.998089 0.831741
1400 pop1 1.21032 1.0086
1400 pop2 0.998752 0.832293
1500 pop1 1.21025 1.00854
1500 pop2 0.998167 0.831806
1600 pop1 1.21016 1.00847
1600 pop2 0.999532 0.832943
1700 pop1 1.21 1.00833
1700 pop2 1.0 0.833333
1800 pop1 1.21 1.00833
1800 pop2 1.0 0.833333
1900 pop1 1.21 1.00833
1900 pop2 1.0 0.833333
2000 pop1 1.21 1.00833
2000 pop2 1.0 0.833333
2100 pop1 1.21 1.00833
2100 pop2 1.0 0.833333
2200 pop1 1.21 1.00833
2200 pop2 1.0 0.833333
2300 pop1 1.21 1.00833
2300 pop2 1.0 0.833333
2400 pop1 1.21 1.00833
2400 pop2 1.0 0.833333
2500 pop1 1.21 1.00833
2500 pop2 1.0 0.833333
2600 pop1 1.21 1.00833
2600 pop2 1.0 0.833333
2700 pop1 1.21 1.00833
2700 pop2 1.0 0.833333
2800 pop1 1.21 1.00833
2800 pop2 1.0 0.833333
2900 pop1 1.21 1.00833
2900 pop2 1.0 0.833333
3000 pop1 1.21 1.00833
3000 pop2 1.0 0.833333
3100 pop1 1.21 1.00833
3100 pop2 1.0 0.833333
3200 pop1 1.21 1.00833
3200 pop2 1.0 0.833333
3300 pop1 1.21 1.00833
3300 pop2 1.0 0.833333
3400 pop1 1.21 1.00833
3400 pop2 1.0 0.833333
3500 pop1 1.21 1.00833
3500 pop2 1.0 0.833333
3600 pop1 1.21 1.00833
3600 pop2 1.0 0.833333
3700 pop1 1.21 1.00833
3700 pop2 1.0 0.833333
3800 pop1 1.21 1.00833
3800 pop2 1.0 0.833333
3900 pop1 1.21 1.00833
3900 pop2 1.0 0.833333
4000 pop1 1.21 1.00833
4000 pop2 1.0 0.833333
4100 pop1 1.21 1.00833
4100 pop2 1.0 0.833333
4200 pop1 1.21 1.00833
4200 pop2 1.0 0.833333
4300 pop1 1.21 1.00833
4300 pop2 1.0 0.833333
4400 pop1 1.21 1.00833
4400 pop2 1.0 0.833333
4500 pop1 1.21 1.00833
4500 pop2 1.0 0.833333
4600 pop1 1.21 1.00833
4600 pop2 1.0 0.833333
4700 pop1 1.21 1.00833
4700 pop2 1.0 0.833333
4800 pop1 1.21 1.00833
4800 pop2 1.0 0.833333
4900 pop1 1.21 1.00833
4900 pop2 1.0 0.833333
5000 pop1 1.21 1.00833
5000 pop2 1.0 0.833333
