1 pop1 1.0 0.909091
1 pop2 1.0 0.909091
100 pop1 1.08374 0.985222
100 pop2 1.08741 0.988555
200 pop1 1.08297 0.984522
200 pop2 1.08422 0.985656
300 pop1 1.08388 0.985348
300 pop2 1.08656 0.987783
400 pop1 1.08269 0.984261
400 pop2 1.08414 0.985578
500 pop1 1.08315 0.984682
500 pop2 1.08214 0.983765
600 pop1 1.08358 0.985068
600 pop2 1.08531 0.986645
700 pop1 1.08299 0.984539
700 pop2 1.08186 0.983508
800 pop1 1.08024 0.982036
800 pop2 1.08419 0.985629
900 pop1 1.08468 0.986076
900 pop2 1.08612 0.987379
1000 pop1 1.08549 0.986811
1000 pop2 1.0853 0.986638
1100 pop1 1.0951 0.995545
1100 pop2 0.99921 0.908373
1200 pop1 1.09694 0.997222
1200 pop2 0.999486 0.908624
1300 pop1 1.10113 1.00103
1300 pop2 0.999447 0.908588
1400 pop1 1.10226 1.00206
1400 pop2 0.999763 0.908875
1500 pop1 1.1025 1.00227
1500 pop2 1.0 0.909091
1600 pop1 1.10246 1.00223
1600 pop2 1.0 0.909091
1700 pop1 1.1025 1.00227
1700 pop2 1.0 0.909091
1800 pop1 1.1025 1.00227
1800 pop2 1.0 0.909091
1900 pop1 1.1025 1.00227
1900 pop2 1.0 0.909091
2000 pop1 1.1025 1.00227
2000 pop2 1.0 0.909091
2100 pop1 1.1025 1.00227
2100 pop2 1.0 0.909091
2200 pop1 1.1025 1.00227
2200 pop2 1.0 0.909091
2300 pop1 1.1025 1.00227
2300 pop2 1.0 0.909091
2400 pop1 1.1025 1.00227
2400 pop2 1.0 0.909091
2500 pop1 1.1025 1.00227
2500 pop2 1.0 0.909091
2600 pop1 1.1025 1.00227
2600 pop2 1.0 0.909091
2700 pop1 1.1025 1.00227
2700 pop2 1.0 0.909091
2800 pop1 1.1025 1.00227
2800 pop2 1.0 0.909091
2900 pop1 1.1025 1.00227
2900 pop2 1.0 0.909091
3000 pop1 1.1025 1.00227
3000 pop2 1.0 0.909091
3100 pop1 1.1025 1.00227
3100 pop2 1.0 0.909091
3200 pop1 1.1025 1.00227
3200 pop2 1.0 0.909091
3300 pop1 1.1025 1.00227
3300 pop2 1.0 0.909091
3400 pop1 1.1025 1.00227
3400 pop2 1.0 0.909091
3500 pop1 1.1025 1.00227
3500 pop2 1.0 0.909091
3600 pop1 1.1025 1.00227
3600 pop2 1.0 0.909091
3700 pop1 1.1025 1.00227
3700 pop2 1.0 0.909091
3800 pop1 1.1025 1.00227
3800 pop2 1.0 0.909091
3900 pop1 1.1025 1.00227
3900 pop2 1.0 0.909091
4000 pop1 1.1025 1.00227
4000 pop2 1.0 0.909091
4100 pop1 1.1025 1.00227
4100 pop2 1.0 0.909091
4200 pop1 1.1025 1.00227
4200 pop2 1.0 0.909091
4300 pop1 1.1025 1.00227
4300 pop2 1.0 0.909091
4400 pop1 1.1025 1.00227
4400 pop2 1.0 0.909091
4500 pop1 1.1025 1.00227
4500 pop2 1.0 0.909091
4600 pop1 1.1025 1.00227
4600 pop2 1.0 0.909091
4700 pop1 1.1025 1.00227
4700 pop2 1.0 0.909091
4800 pop1 1.1025 1.00227
4800 pop2 1.0 0.909091
4900 pop1 1.1025 1.00227
4900 pop2 1.0 0.909091
5000 pop1 1.1025 1.00227
5000 pop2 1.0 0.909091
