1 pop1 1.0 0.980392
1 pop2 1.0 0.980392
100 pop1 1.00181 0.98217
100 pop2 1.00028 0.980665
200 pop1 1.00176 0.982116
200 pop2 0.999562 0.979963
300 pop1 1.00194 0.982292
300 pop2 0.999313 0.979719
400 pop1 1.00071 0.981091
400 pop2 0.999934 0.980328
500 pop1 1.00575 0.986032
500 pop2 0.996246 0.976711
600 pop1 1.00618 0.986448
600 pop2 0.994755 0.97525
700 pop1 1.00492 0.985215
700 pop2 0.997087 0.977536
800 pop1 1.0053 0.985588
800 pop2 0.995217 0.975703
900 pop1 1.00673 0.986986
900 pop2 0.995001 0.975491
1000 pop1 1.00495 0.985247
1000 pop2 0.997112 0.977561
1100 pop1 1.01148 0.99165
1100 pop2 0.995494 0.975975
1200 pop1 1.01677 0.996833
1200 pop2 0.995371 0.975854
1300 pop1 1.01859 0.998617
1300 pop2 0.995225 0.975711
1400 pop1 1.02011 1.00011
1400 pop2 0.995608 0.976086
1500 pop1 1.02011 1.00011
1500 pop2 0.996007 0.976477
1600 pop1 1.02011 1.00011
1600 pop2 0.996502 0.976962
1700 pop1 1.02011 1.00011
1700 pop2 0.997426 0.977869
1800 pop1 1.0201 1.0001
1800 pop2 0.998336 0.978761
1900 pop1 1.0201 1.0001
1900 pop2 0.999114 0.979524
2000 pop1 1.0201 1.0001
2000 pop2 0.999054 0.979465
2100 pop1 1.0201 1.0001
2100 pop2 0.998887 0.979301
2200 pop1 1.0201 1.0001
2200 pop2 0.999621 0.980021
2300 pop1 1.0201 1.0001
2300 pop2 0.999761 0.980157
2400 pop1 1.0201 1.0001
2400 pop2 0.999765 0.980161
2500 pop1 1.0201 1.0001
2500 pop2 0.999852 0.980247
2600 pop1 1.0201 1.0001
2600 pop2 0.999836 0.980232
2700 pop1 1.0201 1.0001
2700 pop2 0.999812 0.980208
2800 pop1 1.0201 1.0001
2800 pop2 0.999912 0.980306
2900 pop1 1.0201 1.0001
2900 pop2 1.0 0.980392
3000 pop1 1.0201 1.0001
3000 pop2 1.0 0.980392
3100 pop1 1.0201 1.0001
3100 pop2 1.0 0.980392
3200 pop1 1.0201 1.0001
3200 pop2 1.0 0.980392
3300 pop1 1.0201 1.0001
3300 pop2 1.0 0.980392
3400 pop1 1.0201 1.0001
3400 pop2 1.0 0.980392
3500 pop1 1.0201 1.0001
3500 pop2 1.0 0.980392
3600 pop1 1.0201 1.0001
3600 pop2 1.0 0.980392
3700 pop1 1.0201 1.0001
3700 pop2 1.0 0.980392
3800 pop1 1.0201 1.0001
3800 pop2 1.0 0.980392
3900 pop1 1.0201 1.0001
3900 pop2 1.0 0.980392
4000 pop1 1.0201 1.0001
4000 pop2 1.0 0.980392
4100 pop1 1.0201 1.0001
4100 pop2 1.0 0.980392
4200 pop1 1.0201 1.0001
4200 pop2 1.0 0.980392
4300 pop1 1.0201 1.0001
4300 pop2 1.0 0.980392
4400 pop1 1.0201 1.0001
4400 pop2 1.0 0.980392
4500 pop1 1.0201 1.0001
4500 pop2 1.0 0.980392
4600 pop1 1.0201 1.0001
4600 pop2 1.0 0.980392
4700 pop1 1.0201 1.0001
4700 pop2 1.0 0.980392
4800 pop1 1.0201 1.0001
4800 pop2 1.0 0.980392
4900 pop1 1.0201 1.0001
4900 pop2 1.0 0.980392
5000 pop1 1.0201 1.0001
5000 pop2 1.0 0.980392
