1 pop1 1.0 0.980392
1 pop2 1.0 0.980392
100 pop1 0.997985 0.978417
100 pop2 1.00421 0.984522
200 pop1 0.998056 0.978486
200 pop2 1.00397 0.984285
300 pop1 1.00079 0.981167
300 pop2 1.00093 0.981308
400 pop1 1.00162 0.981984
400 pop2 1.00027 0.98066
500 pop1 1.00176 0.982113
500 pop2 1.00014 0.980531
600 pop1 1.00314 0.983468
600 pop2 0.998639 0.979058
700 pop1 1.00573 0.986013
700 pop2 0.995941 0.976412
800 pop1 1.00308 0.98341
800 pop2 0.998626 0.979045
900 pop1 1.00167 0.982025
900 pop2 1.00022 0.980607
1000 pop1 0.999215 0.979623
1000 pop2 1.00263 0.982968
1100 pop1 1.00429 0.984595
1100 pop2 1.00617 0.98644
1200 pop1 1.00642 0.986686
1200 pop2 1.01002 0.990218
1300 pop1 1.00831 0.988539
1300 pop2 1.01166 0.991824
1400 pop1 1.00711 0.987366
1400 pop2 1.01163 0.991797
1500 pop1 1.00812 0.988354
1500 pop2 1.01173 0.991892
1600 pop1 1.00869 0.988916
1600 pop2 1.01173 0.991895
1700 pop1 1.00754 0.987781
1700 pop2 1.01207 0.992225
1800 pop1 1.00634 0.986604
1800 pop2 1.01337 0.993495
1900 pop1 1.00601 0.986288
1900 pop2 1.01435 0.994462
2000 pop1 1.00412 0.98443
2000 pop2 1.01585 0.99593
2100 pop1 1.00386 0.984181
2100 pop2 1.01641 0.996478
2200 pop1 1.00449 0.984795
2200 pop2 1.01604 0.996114
2300 pop1 1.00294 0.983271
2300 pop2 1.01636 0.99643
2400 pop1 1.00359 0.983914
2400 pop2 1.01652 0.996584
2500 pop1 1.00373 0.984049
2500 pop2 1.01558 0.995668
2600 pop1 1.00492 0.985218
2600 pop2 1.01579 0.995876
2700 pop1 1.00444 0.984744
2700 pop2 1.01528 0.995377
2800 pop1 1.00453 0.984831
2800 pop2 1.01549 0.995577
2900 pop1 1.00326 0.983591
2900 pop2 1.01667 0.996735
3000 pop1 1.0041 0.984412
3000 pop2 1.01633 0.996398
3100 pop1 1.00471 0.98501
3100 pop2 1.01445 0.994556
3200 pop1 1.00644 0.986702
3200 pop2 1.01356 0.993682
3300 pop1 1.00518 0.98547
3300 pop2 1.0138 0.993922
3400 pop1 1.00356 0.983879
3400 pop2 1.01624 0.996317
3500 pop1 1.00331 0.983635
3500 pop2 1.0164 0.996467
3600 pop1 1.00427 0.984582
3600 pop2 1.01548 0.995572
3700 pop1 1.0048 0.985093
3700 pop2 1.01517 0.995261
3800 pop1 1.00526 0.985545
3800 pop2 1.0144 0.994509
3900 pop1 1.00522 0.985514
3900 pop2 1.01409 0.994209
4000 pop1 1.00388 0.984192
4000 pop2 1.01525 0.99534
4100 pop1 1.00486 0.98516
4100 pop2 1.01569 0.995775
4200 pop1 1.00465 0.984949
4200 pop2 1.01585 0.995934
4300 pop1 1.00489 0.985182
4300 pop2 1.01485 0.99495
4400 pop1 1.00502 0.985315
4400 pop2 1.01432 0.994428
4500 pop1 1.00551 0.985794
4500 pop2 1.01508 0.995173
4600 pop1 1.00412 0.984428
4600 pop2 1.01576 0.99584
4700 pop1 1.00409 0.984401
4700 pop2 1.01639 0.996465
4800 pop1 1.00385 0.984163
4800 pop2 1.01674 0.996801
4900 pop1 1.00267 0.983012
4900 pop2 1.01711 0.997164
5000 pop1 1.00258 0.982922
5000 pop2 1.01705 0.997106
