1 pop1 1.0 0.980392
1 pop2 1.0 0.980392
100 pop1 1.00296 0.983293
100 pop2 1.00754 0.987783
200 pop1 1.00483 0.985132
200 pop2 1.00646 0.98673
300 pop1 1.00621 0.986479
300 pop2 1.00587 0.986149
400 pop1 1.0057 0.985981
400 pop2 1.00438 0.984686
500 pop1 1.00717 0.987419
500 pop2 1.00648 0.986741
600 pop1 1.00671 0.986974
600 pop2 1.00489 0.985189
700 pop1 1.00736 0.987613
700 pop2 1.00417 0.984482
800 pop1 1.00589 0.986164
800 pop2 1.00401 0.984323
900 pop1 1.00662 0.986886
900 pop2 1.00235 0.982701
1000 pop1 1.0061 0.986371
1000 pop2 1.00515 0.985444
1100 pop1 1.00927 0.989481
1100 pop2 1.00046 0.980844
1200 pop1 1.01349 0.993614
1200 pop2 1.00401 0.984324
1300 pop1 1.01329 0.993421
1300 pop2 1.0065 0.986769
1400 pop1 1.01293 0.993071
1400 pop2 1.01128 0.991449
1500 pop1 1.0127 0.992845
1500 pop2 1.01139 0.991561
1600 pop1 1.01204 0.992197
1600 pop2 1.01295 0.993085
1700 pop1 1.0106 0.990779
1700 pop2 1.01279 0.992935
1800 pop1 1.01071 0.990892
1800 pop2 1.01473 0.994837
1900 pop1 1.01021 0.990401
1900 pop2 1.01328 0.993408
2000 pop1 1.01008 0.990277
2000 pop2 1.01395 0.994069
2100 pop1 1.01009 0.990284
2100 pop2 1.01246 0.992604
2200 pop1 1.01179 0.991946
2200 pop2 1.01401 0.994129
2300 pop1 1.01131 0.991481
2300 pop2 1.01447 0.994578
2400 pop1 1.01224 0.992394
2400 pop2 1.01298 0.993118
2500 pop1 1.01103 0.991205
2500 pop2 1.01379 0.993911
2600 pop1 1.00945 0.989659
2600 pop2 1.01507 0.995168
2700 pop1 1.00917 0.989383
2700 pop2 1.01393 0.994046
2800 pop1 1.01132 0.991489
2800 pop2 1.01129 0.991462
2900 pop1 1.01229 0.992443
2900 pop2 1.01148 0.991649
3000 pop1 1.01397 0.994084
3000 pop2 1.0121 0.992253
3100 pop1 1.0129 0.993043
3100 pop2 1.01173 0.991889
3200 pop1 1.01144 0.991608
3200 pop2 1.01136 0.991533
3300 pop1 1.01401 0.994124
3300 pop2 1.01247 0.992614
3400 pop1 1.01456 0.994667
3400 pop2 1.01161 0.991778
3500 pop1 1.01414 0.994258
3500 pop2 1.0109 0.991076
3600 pop1 1.01185 0.992008
3600 pop2 1.01268 0.992819
3700 pop1 1.01236 0.992511
3700 pop2 1.01194 0.992094
3800 pop1 1.01268 0.992828
3800 pop2 1.01209 0.992244
3900 pop1 1.01409 0.994203
3900 pop2 1.00986 0.990058
4000 pop1 1.01474 0.994845
4000 pop2 1.00988 0.990074
4100 pop1 1.01399 0.994104
4100 pop2 1.01033 0.990515
4200 pop1 1.01401 0.994124
4200 pop2 1.01011 0.990303
4300 pop1 1.01463 0.994731
4300 pop2 1.01034 0.990528
4400 pop1 1.01291 0.99305
4400 pop2 1.01048 0.990666
4500 pop1 1.01294 0.993082
4500 pop2 1.0104 0.990583
4600 pop1 1.01165 0.991809
4600 pop2 1.01182 0.991979
4700 pop1 1.01281 0.992955
4700 pop2 1.01344 0.993569
4800 pop1 1.01251 0.992661
4800 pop2 1.01297 0.993111
4900 pop1 1.01144 0.991604
4900 pop2 1.01049 0.990681
5000 pop1 1.01177 0.991936
5000 pop2 1.01265 0.992799
