1 pop1 1.0 0.980392
1 pop2 1.0 0.980392
100 pop1 1.00784 0.988078
100 pop2 1.0072 0.987449
200 pop1 1.0096 0.989805
200 pop2 1.00761 0.98785
300 pop1 1.00795 0.988188
300 pop2 1.00819 0.98842
400 pop1 1.0052 0.985491
400 pop2 1.00983 0.990029
500 pop1 1.00741 0.987661
500 pop2 1.00788 0.988122
600 pop1 1.00586 0.986135
600 pop2 1.00822 0.988453
700 pop1 1.00606 0.986338
700 pop2 1.00868 0.988904
800 pop1 1.0074 0.987649
800 pop2 1.00913 0.989339
900 pop1 1.00929 0.989505
900 pop2 1.00766 0.987906
1000 pop1 1.00846 0.988691
1000 pop2 1.00914 0.989356
1100 pop1 1.01103 0.991205
1100 pop2 0.995962 0.976433
1200 pop1 1.01565 0.995731
1200 pop2 0.995379 0.975862
1300 pop1 1.01639 0.996463
1300 pop2 0.994972 0.975463
1400 pop1 1.01726 0.997313
1400 pop2 0.995924 0.976396
1500 pop1 1.01626 0.996334
1500 pop2 0.996381 0.976845
1600 pop1 1.01871 0.998736
1600 pop2 0.995751 0.976227
1700 pop1 1.01991 0.999912
1700 pop2 0.995361 0.975844
1800 pop1 1.01987 0.999873
1800 pop2 0.995245 0.97573
1900 pop1 1.02001 1.00001
1900 pop2 0.99532 0.975804
2000 pop1 1.02005 1.00005
2000 pop2 0.996002 0.976473
2100 pop1 1.02011 1.00011
2100 pop2 0.995707 0.976183
2200 pop1 1.02011 1.00011
2200 pop2 0.996541 0.977001
2300 pop1 1.02011 1.0001
2300 pop2 0.998268 0.978694
2400 pop1 1.02011 1.0001
2400 pop2 0.998484 0.978906
2500 pop1 1.0201 1.0001
2500 pop2 0.99828 0.978706
2600 pop1 1.0201 1.0001
2600 pop2 0.999796 0.980193
2700 pop1 1.0201 1.0001
2700 pop2 0.999669 0.980067
2800 pop1 1.0201 1.0001
2800 pop2 0.999856 0.980251
2900 pop1 1.0201 1.0001
2900 pop2 1.0 0.980392
3000 pop1 1.0201 1.0001
3000 pop2 1.0 0.980392
3100 pop1 1.0201 1.0001
3100 pop2 1.0 0.980392
3200 pop1 1.0201 1.0001
3200 pop2 1.0 0.980392
3300 pop1 1.0201 1.0001
3300 pop2 1.0 0.980392
3400 pop1 1.0201 1.0001
3400 pop2 1.0 0.980392
3500 pop1 1.0201 1.0001
3500 pop2 1.0 0.980392
3600 pop1 1.0201 1.0001
3600 pop2 1.0 0.980392
3700 pop1 1.0201 1.0001
3700 pop2 1.0 0.980392
3800 pop1 1.0201 1.0001
3800 pop2 1.0 0.980392
3900 pop1 1.0201 1.0001
3900 pop2 1.0 0.980392
4000 pop1 1.0201 1.0001
4000 pop2 1.0 0.980392
4100 pop1 1.0201 1.0001
4100 pop2 1.0 0.980392
4200 pop1 1.0201 1.0001
4200 pop2 1.0 0.980392
4300 pop1 1.0201 1.0001
4300 pop2 1.0 0.980392
4400 pop1 1.0201 1.0001
4400 pop2 1.0 0.980392
4500 pop1 1.0201 1.0001
4500 pop2 1.0 0.980392
4600 pop1 1.0201 1.0001
4600 pop2 1.0 0.980392
4700 pop1 1.0201 1.0001
4700 pop2 1.0 0.980392
4800 pop1 1.0201 1.0001
4800 pop2 1.0 0.980392
4900 pop1 1.0201 1.0001
4900 pop2 1.0 0.980392
5000 pop1 1.0201 1.0001
5000 pop2 1.0 0.980392
