1 pop1 1.0 0.909091
1 pop2 1.0 0.909091
100 pop1 1.0801 0.981908
100 pop2 1.08608 0.987347
200 pop1 1.0835 0.985
200 pop2 1.08402 0.985473
300 pop1 1.08133 0.98303
300 pop2 1.0805 0.982273
400 pop1 1.08551 0.986827
400 pop2 1.08378 0.985251
500 pop1 1.07994 0.981764
500 pop2 1.08316 0.984694
600 pop1 1.08564 0.986943
600 pop2 1.08025 0.982044
700 pop1 1.07969 0.981532
700 pop2 1.08211 0.983733
800 pop1 1.07862 0.980562
800 pop2 1.08135 0.983049
900 pop1 1.08663 0.987845
900 pop2 1.08016 0.981964
1000 pop1 1.08104 0.982766
1000 pop2 1.08922 0.990202
1100 pop1 1.08642 0.987656
1100 pop2 1.07062 0.973291
1200 pop1 1.08314 0.984669
1200 pop2 1.08701 0.988194
1300 pop1 1.08702 0.9882
1300 pop2 1.08726 0.988415
1400 pop1 1.08642 0.987653
1400 pop2 1.08442 0.985837
1500 pop1 1.08607 0.987333
1500 pop2 1.08777 0.98888
1600 pop1 1.08461 0.986006
1600 pop2 1.08472 0.98611
1700 pop1 1.08526 0.986597
1700 pop2 1.08122 0.98293
1800 pop1 1.08538 0.986708
1800 pop2 1.08446 0.985875
1900 pop1 1.08701 0.988191
1900 pop2 1.08369 0.985176
2000 pop1 1.0851 0.986457
2000 pop2 1.0915 0.992268
2100 pop1 1.08875 0.989772
2100 pop2 1.08641 0.987648
2200 pop1 1.08483 0.986206
2200 pop2 1.08644 0.987676
2300 pop1 1.08721 0.988372
2300 pop2 1.08488 0.986251
2400 pop1 1.0844 0.985819
2400 pop2 1.08635 0.987587
2500 pop1 1.08572 0.987021
2500 pop2 1.08182 0.983472
2600 pop1 1.08488 0.986257
2600 pop2 1.08558 0.986889
2700 pop1 1.08733 0.988482
2700 pop2 1.08537 0.986703
2800 pop1 1.08271 0.984279
2800 pop2 1.08721 0.98837
2900 pop1 1.0873 0.988451
2900 pop2 1.08398 0.985434
3000 pop1 1.08947 0.99043
3000 pop2 1.08485 0.986225
3100 pop1 1.08446 0.985874
3100 pop2 1.08695 0.988138
3200 pop1 1.08484 0.986216
3200 pop2 1.08694 0.988123
3300 pop1 1.08556 0.98687
3300 pop2 1.08621 0.987464
3400 pop1 1.08433 0.985756
3400 pop2 1.08586 0.987149
3500 pop1 1.08427 0.985703
3500 pop2 1.08447 0.985883
3600 pop1 1.08599 0.987267
3600 pop2 1.0823 0.983914
3700 pop1 1.08748 0.988618
3700 pop2 1.08701 0.988193
3800 pop1 1.08516 0.986507
3800 pop2 1.08434 0.985767
3900 pop1 1.08023 0.982032
3900 pop2 1.08763 0.988751
4000 pop1 1.08644 0.987675
4000 pop2 1.08729 0.988442
4100 pop1 1.08647 0.987703
4100 pop2 1.08574 0.987034
4200 pop1 1.0857 0.986997
4200 pop2 1.08353 0.985031
4300 pop1 1.08144 0.983124
4300 pop2 1.08725 0.988413
4400 pop1 1.08493 0.986298
4400 pop2 1.0875 0.988641
4500 pop1 1.08492 0.986293
4500 pop2 1.08484 0.986219
4600 pop1 1.08428 0.985709
4600 pop2 1.0856 0.986905
4700 pop1 1.08206 0.983691
4700 pop2 1.08673 0.987939
4800 pop1 1.0865 0.987724
4800 pop2 1.08364 0.985129
4900 pop1 1.08491 0.98628
4900 pop2 1.08372 0.985202
5000 pop1 1.08518 0.98653
5000 pop2 1.08623 0.987478
