1 pop1 1.0 0.980392
1 pop2 1.0 0.980392
100 pop1 1.00604 0.986313
100 pop2 0.996759 0.977214
200 pop1 1.00706 0.987311
200 pop2 0.995253 0.975738
300 pop1 1.00815 0.988382
300 pop2 0.992763 0.973297
400 pop1 1.00663 0.986897
400 pop2 0.995181 0.975668
500 pop1 1.00453 0.98483
500 pop2 0.998147 0.978576
600 pop1 1.00729 0.98754
600 pop2 0.994706 0.975201
700 pop1 1.00876 0.988976
700 pop2 0.992939 0.97347
800 pop1 1.00831 0.988541
800 pop2 0.993945 0.974456
900 pop1 1.01016 0.990355
900 pop2 0.991034 0.971602
1000 pop1 1.01097 0.99115
1000 pop2 0.991048 0.971616
1100 pop1 1.01305 0.993184
1100 pop2 0.998538 0.978959
1200 pop1 1.01411 0.994221
1200 pop2 0.997995 0.978426
1300 pop1 1.01423 0.994345
1300 pop2 0.999367 0.979772
1400 pop1 1.01341 0.993538
1400 pop2 1.00277 0.983107
1500 pop1 1.01287 0.993009
1500 pop2 1.00378 0.984093
1600 pop1 1.01094 0.991117
1600 pop2 1.00806 0.988295
1700 pop1 1.00926 0.989466
1700 pop2 1.00816 0.988395
1800 pop1 1.00832 0.988548
1800 pop2 1.01109 0.991261
1900 pop1 1.00743 0.987677
1900 pop2 1.01096 0.991142
2000 pop1 1.00899 0.989209
2000 pop2 1.01084 0.991017
2100 pop1 1.00857 0.988793
2100 pop2 1.01099 0.991171
2200 pop1 1.00852 0.988742
2200 pop2 1.01065 0.990834
2300 pop1 1.01003 0.990226
2300 pop2 1.00976 0.98996
2400 pop1 1.00848 0.988702
2400 pop2 1.00953 0.989731
2500 pop1 1.00867 0.988895
2500 pop2 1.00999 0.990191
2600 pop1 1.00672 0.98698
2600 pop2 1.01229 0.992446
2700 pop1 1.00538 0.985668
2700 pop2 1.01432 0.994436
2800 pop1 1.00449 0.984793
2800 pop2 1.01522 0.995312
2900 pop1 1.00376 0.984079
2900 pop2 1.01618 0.996252
3000 pop1 1.00282 0.983154
3000 pop2 1.01769 0.997735
3100 pop1 1.00286 0.983201
3100 pop2 1.0174 0.997453
3200 pop1 1.0027 0.983037
3200 pop2 1.01693 0.996995
3300 pop1 1.00245 0.982798
3300 pop2 1.0174 0.997454
3400 pop1 1.00193 0.982289
3400 pop2 1.01771 0.997758
3500 pop1 1.00219 0.982535
3500 pop2 1.01744 0.99749
3600 pop1 1.00308 0.983407
3600 pop2 1.01685 0.996911
3700 pop1 1.00194 0.982294
3700 pop2 1.01778 0.997828
3800 pop1 1.00276 0.983102
3800 pop2 1.01674 0.996805
3900 pop1 1.00245 0.98279
3900 pop2 1.01766 0.997706
4000 pop1 1.00226 0.982612
4000 pop2 1.0176 0.997652
4100 pop1 1.00204 0.982391
4100 pop2 1.01771 0.997752
4200 pop1 1.00241 0.982759
4200 pop2 1.01741 0.997459
4300 pop1 1.00211 0.982458
4300 pop2 1.01764 0.997684
4400 pop1 1.00145 0.981812
4400 pop2 1.01851 0.998544
4500 pop1 1.00187 0.982223
4500 pop2 1.01815 0.998182
4600 pop1 1.00202 0.982372
4600 pop2 1.01696 0.99702
4700 pop1 1.00221 0.982555
4700 pop2 1.01781 0.997855
4800 pop1 1.00182 0.982173
4800 pop2 1.01838 0.998413
4900 pop1 1.00272 0.983059
4900 pop2 1.01706 0.997114
5000 pop1 1.00246 0.982799
5000 pop2 1.01771 0.997757
