1 pop1 1.0 0.833333
1 pop2 1.0 0.833333
100 pop1 1.0691 0.890917
100 pop2 1.06865 0.890542
200 pop1 1.07702 0.897519
200 pop2 1.07141 0.892843
300 pop1 1.07465 0.895543
300 pop2 1.0664 0.888668
400 pop1 1.08147 0.901226
400 pop2 1.06693 0.889106
500 pop1 1.06974 0.891447
500 pop2 1.06824 0.890202
600 pop1 1.07458 0.895486
600 pop2 1.06199 0.884988
700 pop1 1.07184 0.893197
700 pop2 1.06669 0.888907
800 pop1 1.06962 0.891354
800 pop2 1.07403 0.895025
900 pop1 1.0653 0.887749
900 pop2 1.07993 0.899939
1000 pop1 1.07454 0.895447
1000 pop2 1.0601 0.883417
1100 pop1 1.0942 0.911836
1100 pop2 1.12997 0.941642
1200 pop1 1.10096 0.917464
1200 pop2 1.12588 0.938232
1300 pop1 1.09353 0.911276
1300 pop2 1.13689 0.947412
1400 pop1 1.11476 0.928969
1400 pop2 1.11778 0.931485
1500 pop1 1.11402 0.928348
1500 pop2 1.12787 0.939892
1600 pop1 1.11594 0.92995
1600 pop2 1.13599 0.946662
1700 pop1 1.11541 0.929506
1700 pop2 1.12789 0.939906
1800 pop1 1.11881 0.932343
1800 pop2 1.12826 0.940214
1900 pop1 1.12499 0.937494
1900 pop2 1.12077 0.933977
2000 pop1 1.12725 0.939372
2000 pop2 1.11254 0.92712
2100 pop1 1.13106 0.942551
2100 pop2 1.11554 0.929618
2200 pop1 1.12107 0.934225
2200 pop2 1.11608 0.930064
2300 pop1 1.12691 0.939096
2300 pop2 1.12013 0.93344
2400 pop1 1.11947 0.93289
2400 pop2 1.12167 0.934726
2500 pop1 1.1327 0.943916
2500 pop2 1.10844 0.923701
2600 pop1 1.12847 0.940389
2600 pop2 1.11797 0.93164
2700 pop1 1.12 0.933334
2700 pop2 1.12426 0.936882
2800 pop1 1.1319 0.943253
2800 pop2 1.11371 0.928089
2900 pop1 1.13482 0.945685
2900 pop2 1.11321 0.927672
3000 pop1 1.13305 0.944209
3000 pop2 1.1086 0.923831
3100 pop1 1.12652 0.938765
3100 pop2 1.11101 0.92584
3200 pop1 1.12202 0.935019
3200 pop2 1.11699 0.930828
3300 pop1 1.11601 0.930006
3300 pop2 1.12289 0.935742
3400 pop1 1.12726 0.93938
3400 pop2 1.11342 0.927853
3500 pop1 1.12678 0.93898
3500 pop2 1.11764 0.931367
3600 pop1 1.13058 0.942147
3600 pop2 1.11507 0.929223
3700 pop1 1.1252 0.937664
3700 pop2 1.12479 0.937326
3800 pop1 1.12358 0.936315
3800 pop2 1.11829 0.931912
3900 pop1 1.12582 0.938183
3900 pop2 1.11979 0.93316
4000 pop1 1.12779 0.939827
4000 pop2 1.11924 0.932703
4100 pop1 1.12404 0.936697
4100 pop2 1.12376 0.93647
4200 pop1 1.12028 0.933565
4200 pop2 1.12699 0.939156
4300 pop1 1.11628 0.93023
4300 pop2 1.12749 0.939572
4400 pop1 1.12971 0.941424
4400 pop2 1.11682 0.930681
4500 pop1 1.11945 0.932875
4500 pop2 1.12255 0.935457
4600 pop1 1.12973 0.941443
4600 pop2 1.11181 0.926511
4700 pop1 1.12778 0.939813
4700 pop2 1.11926 0.932719
4800 pop1 1.12928 0.941067
4800 pop2 1.11304 0.92753
4900 pop1 1.12254 0.935448
4900 pop2 1.12372 0.936434
5000 pop1 1.11572 0.929767
5000 pop2 1.12908 0.940898
