1 pop1 1.0 0.833333
1 pop2 1.0 0.833333
100 pop1 1.18905 0.990871
100 pop2 1.19006 0.991719
200 pop1 1.19033 0.991945
200 pop2 1.18907 0.990893
300 pop1 1.1916 0.993
300 pop2 1.19151 0.992921
400 pop1 1.18971 0.991427
400 pop2 1.19113 0.99261
500 pop1 1.18926 0.991048
500 pop2 1.18739 0.989489
600 pop1 1.19447 0.995389
600 pop2 1.18671 0.988925
700 pop1 1.19433 0.995276
700 pop2 1.19156 0.992966
800 pop1 1.18939 0.991159
800 pop2 1.1898 0.991504
900 pop1 1.1964 0.997004
900 pop2 1.18778 0.989813
1000 pop1 1.18767 0.989721
1000 pop2 1.19379 0.994825
1100 pop1 1.19526 0.996048
1100 pop2 1.18473 0.987272
1200 pop1 1.19202 0.993353
1200 pop2 1.19088 0.992397
1300 pop1 1.19311 0.994262
1300 pop2 1.19268 0.993902
1400 pop1 1.19221 0.993505
1400 pop2 1.18972 0.991433
1500 pop1 1.19082 0.992348
1500 pop2 1.19588 0.996567
1600 pop1 1.18887 0.990728
1600 pop2 1.19146 0.992881
1700 pop1 1.1911 0.992587
1700 pop2 1.19199 0.993326
1800 pop1 1.19558 0.996314
1800 pop2 1.19298 0.994152
1900 pop1 1.19286 0.994048
1900 pop2 1.1924 0.99367
2000 pop1 1.19485 0.995708
2000 pop2 1.18725 0.989375
2100 pop1 1.19729 0.997745
2100 pop2 1.19064 0.992202
2200 pop1 1.19339 0.99449
2200 pop2 1.19359 0.99466
2300 pop1 1.19035 0.991957
2300 pop2 1.18383 0.986527
2400 pop1 1.19572 0.99643
2400 pop2 1.1908 0.992331
2500 pop1 1.193 0.994166
2500 pop2 1.18979 0.991488
2600 pop1 1.19025 0.991873
2600 pop2 1.19342 0.994518
2700 pop1 1.19704 0.997531
2700 pop2 1.19079 0.992324
2800 pop1 1.19166 0.993051
2800 pop2 1.19513 0.99594
2900 pop1 1.1918 0.993164
2900 pop2 1.19262 0.993852
3000 pop1 1.19145 0.992874
3000 pop2 1.18782 0.989853
3100 pop1 1.19171 0.993088
3100 pop2 1.19136 0.992799
3200 pop1 1.18992 0.991597
3200 pop2 1.18921 0.99101
3300 pop1 1.18914 0.990949
3300 pop2 1.18902 0.990852
3400 pop1 1.19373 0.994773
3400 pop2 1.19205 0.993372
3500 pop1 1.18935 0.991126
3500 pop2 1.19178 0.993154
3600 pop1 1.19236 0.993635
3600 pop2 1.18857 0.990472
3700 pop1 1.19538 0.996152
3700 pop2 1.18992 0.9916
3800 pop1 1.19306 0.994213
3800 pop2 1.18795 0.989957
3900 pop1 1.19271 0.993928
3900 pop2 1.18739 0.989494
4000 pop1 1.19005 0.991711
4000 pop2 1.19077 0.992305
4100 pop1 1.1893 0.991085
4100 pop2 1.18702 0.989185
4200 pop1 1.19424 0.995197
4200 pop2 1.19018 0.991815
4300 pop1 1.19334 0.994453
4300 pop2 1.19244 0.9937
4400 pop1 1.19395 0.994958
4400 pop2 1.18854 0.990451
4500 pop1 1.19219 0.993492
4500 pop2 1.19267 0.993893
4600 pop1 1.1971 0.997579
4600 pop2 1.18986 0.991554
4700 pop1 1.18848 0.990404
4700 pop2 1.1927 0.99392
4800 pop1 1.19161 0.993012
4800 pop2 1.19262 0.993848
4900 pop1 1.19523 0.996022
4900 pop2 1.1905 0.992085
5000 pop1 1.19134 0.992782
5000 pop2 1.19533 0.996112
