1 pop1 1.0 0.909091
1 pop2 1.0 0.909091
100 pop1 1.01763 0.925116
100 pop2 1.01137 0.919424
200 pop1 1.01124 0.919309
200 pop2 1.02106 0.928237
300 pop1 1.01861 0.926013
300 pop2 1.01774 0.925219
400 pop1 1.02457 0.931424
400 pop2 1.00631 0.914828
500 pop1 1.00974 0.917947
500 pop2 1.01541 0.923099
600 pop1 1.01649 0.924082
600 pop2 1.01472 0.922469
700 pop1 1.00822 0.916566
700 pop2 1.02055 0.927774
800 pop1 1.02063 0.927849
800 pop2 1.00902 0.917291
900 pop1 1.01079 0.918904
900 pop2 1.01348 0.921348
1000 pop1 1.02118 0.928345
1000 pop2 1.0091 0.917364
1100 pop1 1.04921 0.953828
1100 pop2 1.04847 0.953157
1200 pop1 1.038 0.943635
1200 pop2 1.06867 0.971517
1300 pop1 1.02605 0.93277
1300 pop2 1.07722 0.97929
1400 pop1 1.03091 0.937194
1400 pop2 1.07157 0.974157
1500 pop1 1.0321 0.938269
1500 pop2 1.07158 0.974166
1600 pop1 1.02745 0.934047
1600 pop2 1.07871 0.980641
1700 pop1 1.03938 0.944888
1700 pop2 1.06887 0.971701
1800 pop1 1.03538 0.941251
1800 pop2 1.07016 0.97287
1900 pop1 1.03139 0.937624
1900 pop2 1.07376 0.976141
2000 pop1 1.0361 0.941907
2000 pop2 1.07232 0.974832
2100 pop1 1.03986 0.945326
2100 pop2 1.06595 0.969046
2200 pop1 1.04296 0.94815
2200 pop2 1.0662 0.969274
2300 pop1 1.05021 0.954734
2300 pop2 1.05831 0.962101
2400 pop1 1.04993 0.954482
2400 pop2 1.05961 0.963284
2500 pop1 1.05751 0.961377
2500 pop2 1.05314 0.957402
2600 pop1 1.05665 0.960589
2600 pop2 1.05383 0.958027
2700 pop1 1.05186 0.956235
2700 pop2 1.05488 0.958985
2800 pop1 1.05371 0.957922
2800 pop2 1.05858 0.962341
2900 pop1 1.05352 0.95775
2900 pop2 1.05686 0.960781
3000 pop1 1.05189 0.956261
3000 pop2 1.0589 0.962638
3100 pop1 1.05582 0.959833
3100 pop2 1.05392 0.958108
3200 pop1 1.05734 0.961216
3200 pop2 1.05522 0.959289
3300 pop1 1.06461 0.967824
3300 pop2 1.04543 0.950387
3400 pop1 1.06274 0.966123
3400 pop2 1.04542 0.950382
3500 pop1 1.06889 0.971715
3500 pop2 1.04169 0.946995
3600 pop1 1.06775 0.970678
3600 pop2 1.04314 0.948307
3700 pop1 1.06861 0.971465
3700 pop2 1.0434 0.948547
3800 pop1 1.06536 0.968506
3800 pop2 1.04247 0.947699
3900 pop1 1.05665 0.960593
3900 pop2 1.05431 0.958463
4000 pop1 1.05053 0.955026
4000 pop2 1.06062 0.964196
4100 pop1 1.0508 0.955275
4100 pop2 1.05765 0.961499
4200 pop1 1.05058 0.955069
4200 pop2 1.06003 0.96366
4300 pop1 1.04925 0.953864
4300 pop2 1.06063 0.964213
4400 pop1 1.05123 0.95566
4400 pop2 1.05976 0.963414
4500 pop1 1.06198 0.965438
4500 pop2 1.0489 0.953544
4600 pop1 1.06046 0.964058
4600 pop2 1.0488 0.953455
4700 pop1 1.05963 0.9633
4700 pop2 1.05345 0.957679
4800 pop1 1.06126 0.964785
4800 pop2 1.04911 0.953733
4900 pop1 1.06294 0.966312
4900 pop2 1.04595 0.950862
5000 pop1 1.06053 0.96412
5000 pop2 1.05179 0.956168
