1 pop1 1.0 0.833333
1 pop2 1.0 0.833333
100 pop1 1.19159 0.992993
100 pop2 1.19122 0.99268
200 pop1 1.18908 0.990898
200 pop2 1.18464 0.987197
300 pop1 1.19328 0.994398
300 pop2 1.19146 0.992886
400 pop1 1.18495 0.987457
400 pop2 1.1881 0.990083
500 pop1 1.19101 0.992504
500 pop2 1.18669 0.988912
600 pop1 1.18687 0.98906
600 pop2 1.18852 0.990433
700 pop1 1.19109 0.992576
700 pop2 1.18824 0.990203
800 pop1 1.19151 0.992924
800 pop2 1.19077 0.992312
900 pop1 1.18762 0.989685
900 pop2 1.19018 0.991814
1000 pop1 1.18938 0.991153
1000 pop2 1.19414 0.99512
1100 pop1 1.19489 0.995744
1100 pop2 1.19019 0.991824
1200 pop1 1.1931 0.994253
1200 pop2 1.18795 0.989961
1300 pop1 1.19177 0.993144
1300 pop2 1.18763 0.989688
1400 pop1 1.19062 0.992184
1400 pop2 1.18898 0.990818
1500 pop1 1.18926 0.991052
1500 pop2 1.1915 0.992913
1600 pop1 1.18966 0.991383
1600 pop2 1.18987 0.99156
1700 pop1 1.18231 0.985254
1700 pop2 1.18786 0.989879
1800 pop1 1.18883 0.990692
1800 pop2 1.1888 0.990668
1900 pop1 1.18975 0.991458
1900 pop2 1.19291 0.994088
2000 pop1 1.18745 0.989545
2000 pop2 1.19129 0.992738
2100 pop1 1.19141 0.992845
2100 pop2 1.19384 0.994863
2200 pop1 1.18928 0.99107
2200 pop2 1.18812 0.990101
2300 pop1 1.18888 0.990737
2300 pop2 1.18735 0.989458
2400 pop1 1.19069 0.992242
2400 pop2 1.18985 0.991544
2500 pop1 1.18835 0.99029
2500 pop2 1.19354 0.99462
2600 pop1 1.19206 0.993381
2600 pop2 1.19054 0.99212
2700 pop1 1.19316 0.994302
2700 pop2 1.18752 0.989603
2800 pop1 1.19154 0.992951
2800 pop2 1.18809 0.990075
2900 pop1 1.18619 0.988488
2900 pop2 1.18956 0.991299
3000 pop1 1.1877 0.989746
3000 pop2 1.18688 0.989063
3100 pop1 1.18749 0.989576
3100 pop2 1.18964 0.991368
3200 pop1 1.19087 0.992389
3200 pop2 1.18966 0.991384
3300 pop1 1.19115 0.992625
3300 pop2 1.18707 0.989225
3400 pop1 1.1873 0.989414
3400 pop2 1.19221 0.993508
3500 pop1 1.18615 0.988459
3500 pop2 1.1917 0.993083
3600 pop1 1.18881 0.990671
3600 pop2 1.18762 0.989679
3700 pop1 1.18754 0.989621
3700 pop2 1.18632 0.988603
3800 pop1 1.19009 0.991743
3800 pop2 1.18932 0.991099
3900 pop1 1.19482 0.995687
3900 pop2 1.18653 0.988772
4000 pop1 1.18799 0.989995
4000 pop2 1.18713 0.989275
4100 pop1 1.19211 0.993427
4100 pop2 1.19201 0.993338
4200 pop1 1.19347 0.99456
4200 pop2 1.18954 0.99128
4300 pop1 1.19176 0.993137
4300 pop2 1.18982 0.991518
4400 pop1 1.18614 0.988452
4400 pop2 1.19578 0.99648
4500 pop1 1.18785 0.989876
4500 pop2 1.18991 0.991589
4600 pop1 1.19068 0.992231
4600 pop2 1.18988 0.99157
4700 pop1 1.18534 0.987786
4700 pop2 1.18974 0.991446
4800 pop1 1.18736 0.989465
4800 pop2 1.19201 0.99334
4900 pop1 1.18687 0.989062
4900 pop2 1.19509 0.995912
5000 pop1 1.19114 0.992618
5000 pop2 1.1891 0.99092
