1 pop1 1.0 0.980392
1 pop2 1.0 0.980392
100 pop1 1.00056 0.98094
100 pop2 1.00107 0.981443
200 pop1 1.0003 0.980688
200 pop2 1.00009 0.980483
300 pop1 0.998661 0.979079
300 pop2 1.00156 0.981922
400 pop1 0.998682 0.9791
400 pop2 1.00167 0.982026
500 pop1 0.997786 0.978222
500 pop2 1.00294 0.983272
600 pop1 0.996567 0.977026
600 pop2 1.00405 0.984365
700 pop1 0.996289 0.976754
700 pop2 1.00411 0.984426
800 pop1 0.995306 0.975791
800 pop2 1.00518 0.985475
900 pop1 0.996717 0.977174
900 pop2 1.00458 0.984887
1000 pop1 0.997955 0.978388
1000 pop2 1.00365 0.983967
1100 pop1 1.00231 0.982658
1100 pop2 1.00737 0.98762
1200 pop1 1.0054 0.985682
1200 pop2 1.0113 0.991467
1300 pop1 1.00573 0.986007
1300 pop2 1.01322 0.99335
1400 pop1 1.00541 0.985693
1400 pop2 1.01321 0.993339
1500 pop1 1.0043 0.984609
1500 pop2 1.01483 0.994932
1600 pop1 1.00519 0.985476
1600 pop2 1.01368 0.993801
1700 pop1 1.00308 0.983416
1700 pop2 1.01651 0.996581
1800 pop1 1.00364 0.983963
1800 pop2 1.01595 0.996029
1900 pop1 1.00267 0.983006
1900 pop2 1.01714 0.997192
2000 pop1 1.00199 0.982339
2000 pop2 1.01782 0.997866
2100 pop1 1.0013 0.981662
2100 pop2 1.01818 0.998216
2200 pop1 1.00141 0.981778
2200 pop2 1.01889 0.998913
2300 pop1 1.00157 0.981929
2300 pop2 1.01841 0.998442
2400 pop1 1.00194 0.982299
2400 pop2 1.0178 0.997842
2500 pop1 1.00149 0.981857
2500 pop2 1.01864 0.998663
2600 pop1 1.00107 0.981444
2600 pop2 1.01886 0.998878
2700 pop1 1.00116 0.981525
2700 pop2 1.01884 0.998867
2800 pop1 1.00214 0.982486
2800 pop2 1.01759 0.997639
2900 pop1 1.00134 0.981707
2900 pop2 1.01827 0.998308
3000 pop1 1.00114 0.981508
3000 pop2 1.01883 0.998851
3100 pop1 1.0007 0.981081
3100 pop2 1.01944 0.999452
3200 pop1 1.00036 0.980749
3200 pop2 1.01948 0.999486
3300 pop1 1.00025 0.980637
3300 pop2 1.01971 0.999719
3400 pop1 1.00009 0.980481
3400 pop2 1.01985 0.999856
3500 pop1 1.00001 0.980405
3500 pop2 1.01993 0.99993
3600 pop1 1.00019 0.980577
3600 pop2 1.01978 0.999781
3700 pop1 1.00016 0.980554
3700 pop2 1.01972 0.999725
3800 pop1 1.00029 0.980677
3800 pop2 1.01962 0.999627
3900 pop1 1.00019 0.980577
3900 pop2 1.01989 0.99989
4000 pop1 1.00068 0.981062
4000 pop2 1.01938 0.999388
4100 pop1 1.0006 0.980984
4100 pop2 1.01924 0.999257
4200 pop1 1.00083 0.981206
4200 pop2 1.01921 0.999224
4300 pop1 1.00089 0.981265
4300 pop2 1.01884 0.998864
4400 pop1 1.00037 0.980752
4400 pop2 1.01954 0.999553
4500 pop1 1.00004 0.980428
4500 pop2 1.01987 0.99987
4600 pop1 0.999992 0.980385
4600 pop2 1.01997 0.99997
4700 pop1 1.00024 0.98063
4700 pop2 1.01989 0.999894
4800 pop1 1.00042 0.980799
4800 pop2 1.0197 0.999706
4900 pop1 1.00071 0.981089
4900 pop2 1.01934 0.999352
5000 pop1 1.00023 0.980622
5000 pop2 1.01963 0.999642
