1 pop1 1.0 0.980392
1 pop2 1.0 0.980392
100 pop1 1.00484 0.985134
100 pop2 0.996281 0.976746
200 pop1 1.0068 0.987059
200 pop2 0.994249 0.974754
300 pop1 1.00511 0.9854
300 pop2 0.995848 0.976322
400 pop1 1.0041 0.984415
400 pop2 0.998111 0.97854
500 pop1 1.00711 0.987363
500 pop2 0.993651 0.974168
600 pop1 1.00632 0.98659
600 pop2 0.994088 0.974596
700 pop1 1.00576 0.986043
700 pop2 0.995431 0.975912
800 pop1 1.00422 0.984525
800 pop2 0.997253 0.977699
900 pop1 1.00648 0.986749
900 pop2 0.994593 0.975091
1000 pop1 1.0052 0.985492
1000 pop2 0.996908 0.977361
1100 pop1 1.01092 0.991097
1100 pop2 0.994132 0.97464
1200 pop1 1.0151 0.995197
1200 pop2 0.993002 0.973531
1300 pop1 1.01842 0.998452
1300 pop2 0.992205 0.97275
1400 pop1 1.01958 0.999588
1400 pop2 0.99239 0.972932
1500 pop1 1.01971 0.999713
1500 pop2 0.993003 0.973532
1600 pop1 1.01997 0.999972
1600 pop2 0.99382 0.974334
1700 pop1 1.02005 1.00005
1700 pop2 0.994426 0.974927
1800 pop1 1.02011 1.00011
1800 pop2 0.996651 0.977109
1900 pop1 1.02011 1.0001
1900 pop2 0.997651 0.978089
2000 pop1 1.0201 1.0001
2000 pop2 0.998436 0.978859
2100 pop1 1.0201 1.0001
2100 pop2 0.998915 0.979328
2200 pop1 1.0201 1.0001
2200 pop2 0.999465 0.979868
2300 pop1 1.0201 1.0001
2300 pop2 0.999641 0.98004
2400 pop1 1.0201 1.0001
2400 pop2 1.0 0.980392
2500 pop1 1.0201 1.0001
2500 pop2 1.0 0.980392
2600 pop1 1.0201 1.0001
2600 pop2 1.0 0.980392
2700 pop1 1.0201 1.0001
2700 pop2 1.0 0.980392
2800 pop1 1.0201 1.0001
2800 pop2 1.0 0.980392
2900 pop1 1.0201 1.0001
2900 pop2 1.0 0.980392
3000 pop1 1.0201 1.0001
3000 pop2 1.0 0.980392
3100 pop1 1.0201 1.0001
3100 pop2 1.0 0.980392
3200 pop1 1.0201 1.0001
3200 pop2 1.0 0.980392
3300 pop1 1.0201 1.0001
3300 pop2 1.0 0.980392
3400 pop1 1.0201 1.0001
3400 pop2 1.0 0.980392
3500 pop1 1.0201 1.0001
3500 pop2 1.0 0.980392
3600 pop1 1.0201 1.0001
3600 pop2 1.0 0.980392
3700 pop1 1.0201 1.0001
3700 pop2 1.0 0.980392
3800 pop1 1.0201 1.0001
3800 pop2 1.0 0.980392
3900 pop1 1.0201 1.0001
3900 pop2 1.0 0.980392
4000 pop1 1.0201 1.0001
4000 pop2 1.0 0.980392
4100 pop1 1.0201 1.0001
4100 pop2 1.0 0.980392
4200 pop1 1.0201 1.0001
4200 pop2 1.0 0.980392
4300 pop1 1.0201 1.0001
4300 pop2 1.0 0.980392
4400 pop1 1.0201 1.0001
4400 pop2 1.0 0.980392
4500 pop1 1.0201 1.0001
4500 pop2 1.0 0.980392
4600 pop1 1.0201 1.0001
4600 pop2 1.0 0.980392
4700 pop1 1.0201 1.0001
4700 pop2 1.0 0.980392
4800 pop1 1.0201 1.0001
4800 pop2 1.0 0.980392
4900 pop1 1.0201 1.0001
4900 pop2 1.0 0.980392
5000 pop1 1.0201 1.0001
5000 pop2 1.0 0.980392
