1 pop1 1.0 0.909091
1 pop2 1.0 0.909091
100 pop1 1.04005 0.945503
100 pop2 1.02886 0.935329
200 pop1 1.03272 0.938839
200 pop2 1.03637 0.942151
300 pop1 1.03407 0.940062
300 pop2 1.03234 0.93849
400 pop1 1.03504 0.940944
400 pop2 1.02963 0.936026
500 pop1 1.03081 0.9371
500 pop2 1.03866 0.944233
600 pop1 1.03391 0.939914
600 pop2 1.03094 0.93722
700 pop1 1.03409 0.94008
700 pop2 1.03383 0.939842
800 pop1 1.03161 0.937828
800 pop2 1.03325 0.939319
900 pop1 1.03108 0.937342
900 pop2 1.03885 0.944407
1000 pop1 1.03017 0.936518
1000 pop2 1.04349 0.948631
1100 pop1 1.07681 0.978921
1100 pop2 1.03588 0.941709
1200 pop1 1.07017 0.972879
1200 pop2 1.0524 0.956731
1300 pop1 1.06379 0.967083
1300 pop2 1.06078 0.964347
1400 pop1 1.06082 0.96438
1400 pop2 1.05934 0.963036
1500 pop1 1.06318 0.966523
1500 pop2 1.05805 0.961865
1600 pop1 1.06934 0.972128
1600 pop2 1.0525 0.956818
1700 pop1 1.06721 0.970192
1700 pop2 1.05831 0.962102
1800 pop1 1.06663 0.969665
1800 pop2 1.05782 0.961652
1900 pop1 1.05911 0.962824
1900 pop2 1.06379 0.967081
2000 pop1 1.06039 0.96399
2000 pop2 1.06119 0.964718
2100 pop1 1.06113 0.964666
2100 pop2 1.06105 0.96459
2200 pop1 1.0666 0.969632
2200 pop2 1.05685 0.960771
2300 pop1 1.06643 0.969483
2300 pop2 1.05932 0.963022
2400 pop1 1.06575 0.968863
2400 pop2 1.05514 0.959222
2500 pop1 1.06041 0.964013
2500 pop2 1.06394 0.96722
2600 pop1 1.05978 0.963432
2600 pop2 1.06123 0.964759
2700 pop1 1.06086 0.964419
2700 pop2 1.06696 0.969963
2800 pop1 1.06421 0.967468
2800 pop2 1.05705 0.960955
2900 pop1 1.05673 0.960667
2900 pop2 1.06687 0.969879
3000 pop1 1.05782 0.961651
3000 pop2 1.06343 0.966752
3100 pop1 1.05553 0.959569
3100 pop2 1.06706 0.970055
3200 pop1 1.05838 0.962162
3200 pop2 1.06623 0.969295
3300 pop1 1.05657 0.960516
3300 pop2 1.06463 0.967842
3400 pop1 1.05943 0.96312
3400 pop2 1.06116 0.964688
3500 pop1 1.06095 0.964498
3500 pop2 1.06573 0.968844
3600 pop1 1.06452 0.967741
3600 pop2 1.05525 0.959319
3700 pop1 1.06618 0.969258
3700 pop2 1.05526 0.95933
3800 pop1 1.06388 0.967164
3800 pop2 1.05993 0.96357
3900 pop1 1.0648 0.968
3900 pop2 1.05894 0.962672
4000 pop1 1.0642 0.967457
4000 pop2 1.06 0.963638
4100 pop1 1.06815 0.971047
4100 pop2 1.05567 0.959696
4200 pop1 1.0632 0.966549
4200 pop2 1.05639 0.960357
4300 pop1 1.06317 0.966522
4300 pop2 1.06135 0.964863
4400 pop1 1.05953 0.963207
4400 pop2 1.06183 0.965299
4500 pop1 1.05627 0.960248
4500 pop2 1.0671 0.970089
4600 pop1 1.06034 0.963946
4600 pop2 1.06639 0.969443
4700 pop1 1.06289 0.966261
4700 pop2 1.06167 0.965154
4800 pop1 1.06421 0.967466
4800 pop2 1.06116 0.964691
4900 pop1 1.06265 0.966049
4900 pop2 1.05935 0.963047
5000 pop1 1.0616 0.965095
5000 pop2 1.05898 0.96271
