1 pop1 1.0 0.909091
1 pop2 1.0 0.909091
100 pop1 1.08763 0.988757
100 pop2 1.08387 0.98534
200 pop1 1.08542 0.986749
200 pop2 1.08818 0.989253
300 pop1 1.08417 0.985608
300 pop2 1.08483 0.986206
400 pop1 1.08587 0.987157
400 pop2 1.08457 0.985969
500 pop1 1.08365 0.985139
500 pop2 1.08189 0.983534
600 pop1 1.08509 0.986444
600 pop2 1.08378 0.985259
700 pop1 1.08738 0.988525
700 pop2 1.08146 0.983147
800 pop1 1.08382 0.985288
800 pop2 1.08436 0.985786
900 pop1 1.08306 0.9846
900 pop2 1.08409 0.985536
1000 pop1 1.08478 0.986165
1000 pop2 1.08513 0.986483
1100 pop1 1.09287 0.993514
1100 pop2 0.995908 0.905371
1200 pop1 1.09099 0.991809
1200 pop2 0.996244 0.905677
1300 pop1 1.09638 0.996711
1300 pop2 0.993352 0.903047
1400 pop1 1.09767 0.997884
1400 pop2 0.996807 0.906188
1500 pop1 1.10095 1.00086
1500 pop2 0.997295 0.906632
1600 pop1 1.10193 1.00175
1600 pop2 0.999309 0.908462
1700 pop1 1.10189 1.00172
1700 pop2 0.999546 0.908678
1800 pop1 1.1025 1.00227
1800 pop2 1.0 0.909091
1900 pop1 1.1025 1.00227
1900 pop2 1.0 0.909091
2000 pop1 1.1025 1.00227
2000 pop2 1.0 0.909091
2100 pop1 1.1025 1.00227
2100 pop2 1.0 0.909091
2200 pop1 1.1025 1.00227
2200 pop2 1.0 0.909091
2300 pop1 1.1025 1.00227
2300 pop2 1.0 0.909091
2400 pop1 1.1025 1.00227
2400 pop2 1.0 0.909091
2500 pop1 1.1025 1.00227
2500 pop2 1.0 0.909091
2600 pop1 1.1025 1.00227
2600 pop2 1.0 0.909091
2700 pop1 1.1025 1.00227
2700 pop2 1.0 0.909091
2800 pop1 1.1025 1.00227
2800 pop2 1.0 0.909091
2900 pop1 1.1025 1.00227
2900 pop2 1.0 0.909091
3000 pop1 1.1025 1.00227
3000 pop2 1.0 0.909091
3100 pop1 1.1025 1.00227
3100 pop2 1.0 0.909091
3200 pop1 1.1025 1.00227
3200 pop2 1.0 0.909091
3300 pop1 1.1025 1.00227
3300 pop2 1.0 0.909091
3400 pop1 1.1025 1.00227
3400 pop2 1.0 0.909091
3500 pop1 1.1025 1.00227
3500 pop2 1.0 0.909091
3600 pop1 1.1025 1.00227
3600 pop2 1.0 0.909091
3700 pop1 1.1025 1.00227
3700 pop2 1.0 0.909091
3800 pop1 1.1025 1.00227
3800 pop2 1.0 0.909091
3900 pop1 1.1025 1.00227
3900 pop2 1.0 0.909091
4000 pop1 1.1025 1.00227
4000 pop2 1.0 0.909091
4100 pop1 1.1025 1.00227
4100 pop2 1.0 0.909091
4200 pop1 1.1025 1.00227
4200 pop2 1.0 0.909091
4300 pop1 1.1025 1.00227
4300 pop2 1.0 0.909091
4400 pop1 1.1025 1.00227
4400 pop2 1.0 0.909091
4500 pop1 1.1025 1.00227
4500 pop2 1.0 0.909091
4600 pop1 1.1025 1.00227
4600 pop2 1.0 0.909091
4700 pop1 1.1025 1.00227
4700 pop2 1.0 0.909091
4800 pop1 1.1025 1.00227
4800 pop2 1.0 0.909091
4900 pop1 1.1025 1.00227
4900 pop2 1.0 0.909091
5000 pop1 1.1025 1.00227
5000 pop2 1.0 0.909091
