1 pop1 1.0 0.980392
1 pop2 1.0 0.980392
100 pop1 0.999158 0.979566
100 pop2 1.00544 0.985729
200 pop1 1.00264 0.98298
200 pop2 1.00127 0.981638
300 pop1 1.00278 0.98312
300 pop2 1.00176 0.982115
400 pop1 1.00487 0.985172
400 pop2 1.00015 0.980543
500 pop1 1.00105 0.981419
500 pop2 1.00245 0.982797
600 pop1 1.00504 0.985335
600 pop2 0.999533 0.979935
700 pop1 1.01036 0.990546
700 pop2 0.995205 0.975691
800 pop1 1.0074 0.987646
800 pop2 0.996241 0.976707
900 pop1 1.00557 0.985852
900 pop2 0.998358 0.978782
1000 pop1 1.00685 0.987107
1000 pop2 0.997496 0.977937
1100 pop1 1.01138 0.991553
1100 pop2 0.994145 0.974652
1200 pop1 1.01427 0.994378
1200 pop2 0.993504 0.974024
1300 pop1 1.01669 0.996753
1300 pop2 0.993208 0.973733
1400 pop1 1.01773 0.997777
1400 pop2 0.99298 0.97351
1500 pop1 1.01787 0.997909
1500 pop2 0.995127 0.975614
1600 pop1 1.01865 0.998681
1600 pop2 0.995008 0.975498
1700 pop1 1.01869 0.998718
1700 pop2 0.99646 0.976921
1800 pop1 1.01918 0.999194
1800 pop2 0.997647 0.978085
1900 pop1 1.01977 0.999772
1900 pop2 0.997571 0.978011
2000 pop1 1.0193 0.999313
2000 pop2 0.997973 0.978405
2100 pop1 1.01943 0.999439
2100 pop2 0.998887 0.979301
2200 pop1 1.01943 0.999437
2200 pop2 0.999007 0.979418
2300 pop1 1.01895 0.998972
2300 pop2 0.99852 0.978941
2400 pop1 1.01956 0.999564
2400 pop2 0.998987 0.979399
2500 pop1 1.01974 0.999744
2500 pop2 0.999641 0.98004
2600 pop1 1.02002 1.00002
2600 pop2 0.99998 0.980373
2700 pop1 1.0201 1.0001
2700 pop2 1.0 0.980392
2800 pop1 1.0201 1.0001
2800 pop2 1.0 0.980392
2900 pop1 1.0201 1.0001
2900 pop2 1.0 0.980392
3000 pop1 1.0201 1.0001
3000 pop2 1.0 0.980392
3100 pop1 1.0201 1.0001
3100 pop2 1.0 0.980392
3200 pop1 1.0201 1.0001
3200 pop2 1.0 0.980392
3300 pop1 1.0201 1.0001
3300 pop2 1.0 0.980392
3400 pop1 1.0201 1.0001
3400 pop2 1.0 0.980392
3500 pop1 1.0201 1.0001
3500 pop2 1.0 0.980392
3600 pop1 1.0201 1.0001
3600 pop2 1.0 0.980392
3700 pop1 1.0201 1.0001
3700 pop2 1.0 0.980392
3800 pop1 1.0201 1.0001
3800 pop2 1.0 0.980392
3900 pop1 1.0201 1.0001
3900 pop2 1.0 0.980392
4000 pop1 1.0201 1.0001
4000 pop2 1.0 0.980392
4100 pop1 1.0201 1.0001
4100 pop2 1.0 0.980392
4200 pop1 1.0201 1.0001
4200 pop2 1.0 0.980392
4300 pop1 1.0201 1.0001
4300 pop2 1.0 0.980392
4400 pop1 1.0201 1.0001
4400 pop2 1.0 0.980392
4500 pop1 1.0201 1.0001
4500 pop2 1.0 0.980392
4600 pop1 1.0201 1.0001
4600 pop2 1.0 0.980392
4700 pop1 1.0201 1.0001
4700 pop2 1.0 0.980392
4800 pop1 1.0201 1.0001
4800 pop2 1.0 0.980392
4900 pop1 1.0201 1.0001
4900 pop2 1.0 0.980392
5000 pop1 1.0201 1.0001
5000 pop2 1.0 0.980392
