1 pop1 1.0 0.833333
1 pop2 1.0 0.833333
100 pop1 1.11026 0.925216
100 pop2 1.13211 0.943428
200 pop1 1.12322 0.936017
200 pop2 1.12436 0.936969
300 pop1 1.12868 0.940569
300 pop2 1.11705 0.930878
400 pop1 1.12758 0.939652
400 pop2 1.12669 0.938912
500 pop1 1.13217 0.943475
500 pop2 1.11776 0.931467
600 pop1 1.12088 0.934069
600 pop2 1.12347 0.936221
700 pop1 1.12317 0.935974
700 pop2 1.12874 0.940616
800 pop1 1.12005 0.933377
800 pop2 1.11834 0.931946
900 pop1 1.12688 0.939066
900 pop2 1.12772 0.939764
1000 pop1 1.116 0.930001
1000 pop2 1.12639 0.938659
1100 pop1 1.13159 0.942993
1100 pop2 1.14807 0.956729
1200 pop1 1.14072 0.950601
1200 pop2 1.14571 0.95476
1300 pop1 1.14196 0.951635
1300 pop2 1.1352 0.946003
1400 pop1 1.14099 0.950822
1400 pop2 1.14349 0.952908
1500 pop1 1.14493 0.954107
1500 pop2 1.13745 0.947876
1600 pop1 1.14239 0.951995
1600 pop2 1.14283 0.95236
1700 pop1 1.13927 0.949395
1700 pop2 1.14308 0.952569
1800 pop1 1.14015 0.950123
1800 pop2 1.14244 0.95203
1900 pop1 1.13259 0.943822
1900 pop2 1.1487 0.957252
2000 pop1 1.14143 0.951195
2000 pop2 1.14694 0.955786
2100 pop1 1.13661 0.947179
2100 pop2 1.14623 0.95519
2200 pop1 1.1415 0.951253
2200 pop2 1.14916 0.957637
2300 pop1 1.13632 0.94693
2300 pop2 1.14651 0.955427
2400 pop1 1.13655 0.947123
2400 pop2 1.14393 0.953278
2500 pop1 1.14282 0.952349
2500 pop2 1.14438 0.953652
2600 pop1 1.1433 0.95275
2600 pop2 1.14661 0.955508
2700 pop1 1.14165 0.951374
2700 pop2 1.1425 0.952083
2800 pop1 1.13367 0.944728
2800 pop2 1.15239 0.960325
2900 pop1 1.14228 0.951898
2900 pop2 1.13937 0.949477
3000 pop1 1.14853 0.957105
3000 pop2 1.13754 0.947954
3100 pop1 1.14114 0.950951
3100 pop2 1.13838 0.948649
3200 pop1 1.14568 0.954736
3200 pop2 1.14429 0.953573
3300 pop1 1.14975 0.958122
3300 pop2 1.14106 0.950885
3400 pop1 1.15322 0.961013
3400 pop2 1.13243 0.943689
3500 pop1 1.14273 0.952272
3500 pop2 1.13665 0.94721
3600 pop1 1.14449 0.953742
3600 pop2 1.13791 0.948255
3700 pop1 1.14304 0.952534
3700 pop2 1.13904 0.949203
3800 pop1 1.14805 0.956707
3800 pop2 1.13708 0.947564
3900 pop1 1.14111 0.950929
3900 pop2 1.14448 0.95373
4000 pop1 1.1526 0.960498
4000 pop2 1.13404 0.945033
4100 pop1 1.14603 0.955024
4100 pop2 1.13766 0.948049
4200 pop1 1.14582 0.954853
4200 pop2 1.14351 0.952926
4300 pop1 1.14062 0.950515
4300 pop2 1.14627 0.955228
4400 pop1 1.13909 0.949241
4400 pop2 1.14388 0.953237
4500 pop1 1.14626 0.955221
4500 pop2 1.13496 0.945802
4600 pop1 1.14509 0.954243
4600 pop2 1.13593 0.946608
4700 pop1 1.13783 0.948194
4700 pop2 1.14882 0.957351
4800 pop1 1.13595 0.946627
4800 pop2 1.14547 0.95456
4900 pop1 1.13999 0.949995
4900 pop2 1.13914 0.949282
5000 pop1 1.1472 0.956002
5000 pop2 1.1401 0.950087
