1 pop1 1.0 0.980392
1 pop2 1.0 0.980392
100 pop1 1.00189 0.98224
100 pop2 1.0004 0.980786
200 pop1 1.00001 0.980399
200 pop2 1.00097 0.981343
300 pop1 0.997902 0.978335
300 pop2 1.00219 0.982541
400 pop1 0.997395 0.977838
400 pop2 1.00323 0.983562
500 pop1 0.995387 0.97587
500 pop2 1.00523 0.985524
600 pop1 0.99551 0.97599
600 pop2 1.00503 0.985319
700 pop1 0.997963 0.978395
700 pop2 1.00283 0.983167
800 pop1 0.997913 0.978346
800 pop2 1.00303 0.983363
900 pop1 0.998016 0.978447
900 pop2 1.00245 0.982795
1000 pop1 0.997245 0.977691
1000 pop2 1.00323 0.983556
1100 pop1 1.00131 0.981672
1100 pop2 0.997604 0.978043
1200 pop1 1.00409 0.9844
1200 pop2 1.00169 0.982052
1300 pop1 1.00912 0.98933
1300 pop2 1.00448 0.984786
1400 pop1 1.00943 0.989636
1400 pop2 1.00645 0.986719
1500 pop1 1.01047 0.990655
1500 pop2 1.00853 0.988758
1600 pop1 1.00852 0.988746
1600 pop2 1.0109 0.991082
1700 pop1 1.0085 0.988729
1700 pop2 1.01114 0.991313
1800 pop1 1.00975 0.989948
1800 pop2 1.00866 0.988886
1900 pop1 1.00875 0.988969
1900 pop2 1.01104 0.991212
2000 pop1 1.00773 0.987972
2000 pop2 1.01185 0.992007
2100 pop1 1.00668 0.986943
2100 pop2 1.01331 0.993444
2200 pop1 1.00644 0.986709
2200 pop2 1.01365 0.993773
2300 pop1 1.00717 0.987425
2300 pop2 1.0128 0.992945
2400 pop1 1.00734 0.987592
2400 pop2 1.01228 0.992436
2500 pop1 1.00605 0.986324
2500 pop2 1.01385 0.993972
2600 pop1 1.00528 0.985565
2600 pop2 1.01473 0.994829
2700 pop1 1.00637 0.986637
2700 pop2 1.0143 0.994415
2800 pop1 1.00488 0.985175
2800 pop2 1.01567 0.99575
2900 pop1 1.00399 0.984305
2900 pop2 1.0152 0.995292
3000 pop1 1.00343 0.983755
3000 pop2 1.01641 0.996483
3100 pop1 1.00354 0.983867
3100 pop2 1.01664 0.996711
3200 pop1 1.00376 0.984083
3200 pop2 1.01678 0.996843
3300 pop1 1.00258 0.982917
3300 pop2 1.01761 0.997656
3400 pop1 1.00349 0.98381
3400 pop2 1.01636 0.996431
3500 pop1 1.00585 0.986123
3500 pop2 1.01423 0.994347
3600 pop1 1.00497 0.985261
3600 pop2 1.01511 0.995204
3700 pop1 1.00391 0.984222
3700 pop2 1.01599 0.996073
3800 pop1 1.00447 0.984779
3800 pop2 1.01602 0.996096
3900 pop1 1.00401 0.984323
3900 pop2 1.01634 0.996408
4000 pop1 1.00578 0.986056
4000 pop2 1.01427 0.994387
4100 pop1 1.0057 0.985984
4100 pop2 1.01436 0.994469
4200 pop1 1.00535 0.985639
4200 pop2 1.01531 0.995399
4300 pop1 1.00425 0.984555
4300 pop2 1.01632 0.99639
4400 pop1 1.00426 0.984571
4400 pop2 1.01636 0.996429
4500 pop1 1.00327 0.983598
4500 pop2 1.01627 0.996339
4600 pop1 1.00303 0.983365
4600 pop2 1.01759 0.997633
4700 pop1 1.00281 0.983151
4700 pop2 1.01731 0.997361
4800 pop1 1.00446 0.984769
4800 pop2 1.01594 0.996023
4900 pop1 1.00478 0.985074
4900 pop2 1.01528 0.995376
5000 pop1 1.00464 0.984939
5000 pop2 1.01543 0.995521
