1 pop1 1.0 0.980392
1 pop2 1.0 0.980392
100 pop1 1.00089 0.981265
100 pop2 1.00305 0.983381
200 pop1 1.00626 0.986533
200 pop2 0.999639 0.980038
300 pop1 1.00526 0.985551
300 pop2 0.998413 0.978836
400 pop1 1.00745 0.987692
400 pop2 0.99477 0.975264
500 pop1 1.00441 0.984711
500 pop2 0.9985 0.978921
600 pop1 1.00737 0.987613
600 pop2 0.997302 0.977747
700 pop1 1.00562 0.985903
700 pop2 0.997579 0.978018
800 pop1 1.00739 0.987635
800 pop2 0.996546 0.977006
900 pop1 1.00383 0.984143
900 pop2 1.00059 0.980968
1000 pop1 1.00523 0.985518
1000 pop2 0.997404 0.977847
1100 pop1 1.01347 0.993603
1100 pop2 0.996927 0.977379
1200 pop1 1.01683 0.996897
1200 pop2 0.997532 0.977972
1300 pop1 1.01845 0.998484
1300 pop2 0.998312 0.978738
1400 pop1 1.01843 0.998459
1400 pop2 0.998416 0.978839
1500 pop1 1.01782 0.997867
1500 pop2 0.998699 0.979117
1600 pop1 1.01822 0.998251
1600 pop2 0.999322 0.979727
1700 pop1 1.01834 0.998369
1700 pop2 0.999609 0.980009
1800 pop1 1.01966 0.999664
1800 pop2 0.999904 0.980298
1900 pop1 1.0201 1.0001
1900 pop2 1.0 0.980392
2000 pop1 1.0201 1.0001
2000 pop2 1.0 0.980392
2100 pop1 1.0201 1.0001
2100 pop2 1.0 0.980392
2200 pop1 1.0201 1.0001
2200 pop2 1.0 0.980392
2300 pop1 1.0201 1.0001
2300 pop2 1.0 0.980392
2400 pop1 1.0201 1.0001
2400 pop2 1.0 0.980392
2500 pop1 1.0201 1.0001
2500 pop2 1.0 0.980392
2600 pop1 1.0201 1.0001
2600 pop2 1.0 0.980392
2700 pop1 1.0201 1.0001
2700 pop2 1.0 0.980392
2800 pop1 1.0201 1.0001
2800 pop2 1.0 0.980392
2900 pop1 1.0201 1.0001
2900 pop2 1.0 0.980392
3000 pop1 1.0201 1.0001
3000 pop2 1.0 0.980392
3100 pop1 1.0201 1.0001
3100 pop2 1.0 0.980392
3200 pop1 1.0201 1.0001
3200 pop2 1.0 0.980392
3300 pop1 1.0201 1.0001
3300 pop2 1.0 0.980392
3400 pop1 1.0201 1.0001
3400 pop2 1.0 0.980392
3500 pop1 1.0201 1.0001
3500 pop2 1.0 0.980392
3600 pop1 1.0201 1.0001
3600 pop2 1.0 0.980392
3700 pop1 1.0201 1.0001
3700 pop2 1.0 0.980392
3800 pop1 1.0201 1.0001
3800 pop2 1.0 0.980392
3900 pop1 1.0201 1.0001
3900 pop2 1.0 0.980392
4000 pop1 1.0201 1.0001
4000 pop2 1.0 0.980392
4100 pop1 1.0201 1.0001
4100 pop2 1.0 0.980392
4200 pop1 1.0201 1.0001
4200 pop2 1.0 0.980392
4300 pop1 1.0201 1.0001
4300 pop2 1.0 0.980392
4400 pop1 1.0201 1.0001
4400 pop2 1.0 0.980392
4500 pop1 1.0201 1.0001
4500 pop2 1.0 0.980392
4600 pop1 1.0201 1.0001
4600 pop2 1.0 0.980392
4700 pop1 1.0201 1.0001
4700 pop2 1.0 0.980392
4800 pop1 1.0201 1.0001
4800 pop2 1.0 0.980392
4900 pop1 1.0201 1.0001
4900 pop2 1.0 0.980392
5000 pop1 1.0201 1.0001
5000 pop2 1.0 0.980392
