1 pop1 1.0 0.909091
1 pop2 1.0 0.909091
100 pop1 1.00665 0.915132
100 pop2 1.02701 0.933643
200 pop1 1.00501 0.913647
200 pop2 1.02431 0.931188
300 pop1 1.0079 0.916274
300 pop2 1.0188 0.92618
400 pop1 1.01128 0.919344
400 pop2 1.02007 0.927339
500 pop1 1.01506 0.922784
500 pop2 1.01586 0.923507
600 pop1 1.01645 0.924044
600 pop2 1.00915 0.917407
700 pop1 1.01978 0.927073
700 pop2 1.00477 0.91343
800 pop1 1.01685 0.924407
800 pop2 1.00986 0.918051
900 pop1 1.01388 0.921711
900 pop2 1.01214 0.920127
1000 pop1 1.01357 0.921427
1000 pop2 1.01455 0.922314
1100 pop1 1.05406 0.958236
1100 pop2 1.04948 0.954072
1200 pop1 1.04759 0.952355
1200 pop2 1.06234 0.965763
1300 pop1 1.04094 0.946306
1300 pop2 1.06536 0.96851
1400 pop1 1.0431 0.948272
1400 pop2 1.06578 0.968891
1500 pop1 1.04407 0.949153
1500 pop2 1.06614 0.969215
1600 pop1 1.04713 0.951935
1600 pop2 1.06257 0.965972
1700 pop1 1.04625 0.951132
1700 pop2 1.06009 0.963714
1800 pop1 1.04946 0.954054
1800 pop2 1.05992 0.96356
1900 pop1 1.04756 0.952325
1900 pop2 1.06029 0.963904
2000 pop1 1.05432 0.958471
2000 pop2 1.05613 0.960121
2100 pop1 1.05812 0.961931
2100 pop2 1.05146 0.955871
2200 pop1 1.05565 0.959682
2200 pop2 1.05813 0.961935
2300 pop1 1.05741 0.961285
2300 pop2 1.05329 0.95754
2400 pop1 1.05869 0.962442
2400 pop2 1.05207 0.956429
2500 pop1 1.05496 0.959056
2500 pop2 1.05807 0.961885
2600 pop1 1.05134 0.955766
2600 pop2 1.05931 0.963011
2700 pop1 1.05967 0.96334
2700 pop2 1.04945 0.954044
2800 pop1 1.04835 0.953042
2800 pop2 1.05929 0.962995
2900 pop1 1.05308 0.957348
2900 pop2 1.0604 0.964002
3000 pop1 1.05814 0.961944
3000 pop2 1.05223 0.956568
3100 pop1 1.05655 0.960498
3100 pop2 1.05181 0.956191
3200 pop1 1.05948 0.963161
3200 pop2 1.05012 0.954657
3300 pop1 1.05875 0.962502
3300 pop2 1.0524 0.956726
3400 pop1 1.05425 0.958408
3400 pop2 1.05652 0.960473
3500 pop1 1.0532 0.957453
3500 pop2 1.05852 0.962295
3600 pop1 1.05283 0.957115
3600 pop2 1.0557 0.959727
3700 pop1 1.05355 0.957769
3700 pop2 1.06034 0.963947
3800 pop1 1.05189 0.956268
3800 pop2 1.05781 0.961647
3900 pop1 1.05128 0.955706
3900 pop2 1.05888 0.962618
4000 pop1 1.05319 0.957442
4000 pop2 1.05956 0.963234
4100 pop1 1.06007 0.963696
4100 pop2 1.05143 0.955847
4200 pop1 1.05581 0.959831
4200 pop2 1.05228 0.956621
4300 pop1 1.05388 0.958073
4300 pop2 1.05776 0.961601
4400 pop1 1.05523 0.959297
4400 pop2 1.0563 0.960269
4500 pop1 1.05103 0.955479
4500 pop2 1.06141 0.964919
4600 pop1 1.05596 0.959959
4600 pop2 1.05403 0.958213
4700 pop1 1.05748 0.961345
4700 pop2 1.05075 0.955226
4800 pop1 1.06474 0.967943
4800 pop2 1.0466 0.951453
4900 pop1 1.06455 0.967776
4900 pop2 1.04669 0.951537
5000 pop1 1.06135 0.964863
5000 pop2 1.04782 0.952568
