1 pop1 1.0 0.980392
1 pop2 1.0 0.980392
100 pop1 1.00546 0.985747
100 pop2 1.00606 0.986338
200 pop1 1.00397 0.984284
200 pop2 1.00703 0.98728
300 pop1 1.00313 0.983459
300 pop2 1.00582 0.986094
400 pop1 1.00695 0.987203
400 pop2 1.00387 0.984189
500 pop1 1.00713 0.98738
500 pop2 1.00434 0.984648
600 pop1 1.00637 0.986641
600 pop2 1.00555 0.985834
700 pop1 1.00567 0.985954
700 pop2 1.00262 0.982966
800 pop1 1.0068 0.987061
800 pop2 1.00445 0.984752
900 pop1 1.00877 0.988994
900 pop2 1.00365 0.983971
1000 pop1 1.0094 0.989606
1000 pop2 1.00249 0.982834
1100 pop1 1.00921 0.989417
1100 pop2 1.00496 0.985256
1200 pop1 1.01034 0.990525
1200 pop2 1.00954 0.989748
1300 pop1 1.01261 0.992756
1300 pop2 1.01108 0.991251
1400 pop1 1.01202 0.992179
1400 pop2 1.01076 0.990945
1500 pop1 1.01257 0.992714
1500 pop2 1.0127 0.992846
1600 pop1 1.01211 0.992264
1600 pop2 1.01322 0.99335
1700 pop1 1.01115 0.991323
1700 pop2 1.01396 0.994083
1800 pop1 1.01189 0.992046
1800 pop2 1.01372 0.99384
1900 pop1 1.01012 0.990311
1900 pop2 1.0115 0.991666
2000 pop1 1.0099 0.990099
2000 pop2 1.01373 0.993852
2100 pop1 1.00946 0.989665
2100 pop2 1.01501 0.995105
2200 pop1 1.01057 0.990757
2200 pop2 1.01455 0.994652
2300 pop1 1.00871 0.988933
2300 pop2 1.0159 0.995982
2400 pop1 1.00789 0.988132
2400 pop2 1.01543 0.995517
2500 pop1 1.0094 0.989604
2500 pop2 1.01435 0.994457
2600 pop1 1.0091 0.989309
2600 pop2 1.01491 0.99501
2700 pop1 1.00853 0.988752
2700 pop2 1.01479 0.994887
2800 pop1 1.00798 0.988221
2800 pop2 1.01327 0.993406
2900 pop1 1.0076 0.987844
2900 pop2 1.01542 0.995507
3000 pop1 1.00757 0.987818
3000 pop2 1.01558 0.995667
3100 pop1 1.00572 0.985996
3100 pop2 1.01704 0.997099
3200 pop1 1.00633 0.986598
3200 pop2 1.01651 0.996576
3300 pop1 1.00568 0.985964
3300 pop2 1.01609 0.996163
3400 pop1 1.00788 0.988118
3400 pop2 1.01475 0.994854
3500 pop1 1.00709 0.987338
3500 pop2 1.01574 0.995827
3600 pop1 1.00666 0.986922
3600 pop2 1.01585 0.995933
3700 pop1 1.00722 0.987468
3700 pop2 1.01642 0.996487
3800 pop1 1.00805 0.988287
3800 pop2 1.01565 0.995731
3900 pop1 1.00937 0.989582
3900 pop2 1.01402 0.994136
4000 pop1 1.0104 0.990587
4000 pop2 1.01359 0.993713
4100 pop1 1.00898 0.989192
4100 pop2 1.01479 0.994894
4200 pop1 1.00849 0.988713
4200 pop2 1.01429 0.994402
4300 pop1 1.00777 0.988013
4300 pop2 1.01594 0.996015
4400 pop1 1.01085 0.991029
4400 pop2 1.01386 0.993979
4500 pop1 1.01225 0.9924
4500 pop2 1.01237 0.992523
4600 pop1 1.01143 0.991602
4600 pop2 1.01219 0.992339
4700 pop1 1.01109 0.99126
4700 pop2 1.0112 0.991369
4800 pop1 1.01212 0.992274
4800 pop2 1.01303 0.993166
4900 pop1 1.01159 0.991754
4900 pop2 1.01327 0.993403
5000 pop1 1.00916 0.989372
5000 pop2 1.0141 0.994214
