1 pop1 1.0 0.833333
1 pop2 1.0 0.833333
100 pop1 1.18387 0.986562
100 pop2 1.19279 0.993994
200 pop1 1.19189 0.993244
200 pop2 1.18805 0.990043
300 pop1 1.18904 0.990866
300 pop2 1.19165 0.993039
400 pop1 1.18839 0.990324
400 pop2 1.19291 0.994088
500 pop1 1.18986 0.991546
500 pop2 1.18907 0.990893
600 pop1 1.18388 0.986566
600 pop2 1.18867 0.990554
700 pop1 1.18703 0.989191
700 pop2 1.19316 0.994302
800 pop1 1.19017 0.991812
800 pop2 1.19034 0.991952
900 pop1 1.18528 0.987732
900 pop2 1.19264 0.993867
1000 pop1 1.1921 0.993414
1000 pop2 1.19202 0.993352
1100 pop1 1.18943 0.991195
1100 pop2 1.18734 0.98945
1200 pop1 1.19261 0.993844
1200 pop2 1.18998 0.991654
1300 pop1 1.18167 0.984726
1300 pop2 1.18954 0.991285
1400 pop1 1.19109 0.992576
1400 pop2 1.19012 0.991769
1500 pop1 1.18594 0.988284
1500 pop2 1.18677 0.988977
1600 pop1 1.18855 0.990455
1600 pop2 1.19355 0.994622
1700 pop1 1.18774 0.989786
1700 pop2 1.19433 0.995275
1800 pop1 1.18673 0.988938
1800 pop2 1.19195 0.993289
1900 pop1 1.19348 0.994564
1900 pop2 1.191 0.992497
2000 pop1 1.18439 0.986995
2000 pop2 1.19486 0.995715
2100 pop1 1.1896 0.991331
2100 pop2 1.18834 0.990283
2200 pop1 1.19095 0.992457
2200 pop2 1.191 0.992501
2300 pop1 1.18806 0.990047
2300 pop2 1.19109 0.992573
2400 pop1 1.18947 0.991225
2400 pop2 1.19166 0.993047
2500 pop1 1.1899 0.991586
2500 pop2 1.18934 0.99112
2600 pop1 1.19181 0.993174
2600 pop2 1.19047 0.992059
2700 pop1 1.19167 0.993054
2700 pop2 1.19364 0.994702
2800 pop1 1.19296 0.99413
2800 pop2 1.1892 0.991001
2900 pop1 1.18798 0.989984
2900 pop2 1.18821 0.990173
3000 pop1 1.18906 0.990886
3000 pop2 1.19607 0.996723
3100 pop1 1.19218 0.993484
3100 pop2 1.19208 0.993401
3200 pop1 1.19404 0.995033
3200 pop2 1.18936 0.991135
3300 pop1 1.18574 0.988114
3300 pop2 1.18675 0.988962
3400 pop1 1.18813 0.990108
3400 pop2 1.19482 0.995685
3500 pop1 1.18973 0.991438
3500 pop2 1.18713 0.989274
3600 pop1 1.19148 0.992904
3600 pop2 1.18933 0.991105
3700 pop1 1.18959 0.991324
3700 pop2 1.18855 0.99046
3800 pop1 1.18997 0.991643
3800 pop2 1.18751 0.989593
3900 pop1 1.19008 0.99173
3900 pop2 1.19486 0.995717
4000 pop1 1.19021 0.991845
4000 pop2 1.19444 0.995363
4100 pop1 1.19085 0.992374
4100 pop2 1.19162 0.993014
4200 pop1 1.19043 0.992021
4200 pop2 1.19228 0.993566
4300 pop1 1.18808 0.990065
4300 pop2 1.19061 0.992172
4400 pop1 1.1921 0.993419
4400 pop2 1.18686 0.989046
4500 pop1 1.1937 0.994753
4500 pop2 1.19013 0.991777
4600 pop1 1.18786 0.989885
4600 pop2 1.19303 0.994189
4700 pop1 1.18718 0.989319
4700 pop2 1.19046 0.992051
4800 pop1 1.18411 0.986758
4800 pop2 1.19145 0.992875
4900 pop1 1.19386 0.994886
4900 pop2 1.19333 0.99444
5000 pop1 1.18696 0.989135
5000 pop2 1.19125 0.992706
