1 pop1 1.0 0.909091
1 pop2 1.0 0.909091
100 pop1 1.08138 0.983072
100 pop2 1.08923 0.990211
200 pop1 1.08197 0.983607
200 pop2 1.08775 0.988862
300 pop1 1.08404 0.985489
300 pop2 1.08136 0.983057
400 pop1 1.08329 0.984807
400 pop2 1.08219 0.983807
500 pop1 1.08379 0.985263
500 pop2 1.08279 0.984352
600 pop1 1.08546 0.986781
600 pop2 1.08329 0.984812
700 pop1 1.0843 0.985727
700 pop2 1.09075 0.99159
800 pop1 1.08659 0.987806
800 pop2 1.08637 0.987608
900 pop1 1.0814 0.983088
900 pop2 1.08675 0.987956
1000 pop1 1.08161 0.983285
1000 pop2 1.08263 0.984212
1100 pop1 1.09267 0.993333
1100 pop2 0.992669 0.902426
1200 pop1 1.09563 0.996031
1200 pop2 0.994302 0.903911
1300 pop1 1.09705 0.997322
1300 pop2 0.996465 0.905877
1400 pop1 1.09917 0.999244
1400 pop2 0.996326 0.905751
1500 pop1 1.10047 1.00043
1500 pop2 0.999269 0.908427
1600 pop1 1.10204 1.00185
1600 pop2 0.999467 0.908606
1700 pop1 1.10255 1.00232
1700 pop2 0.999664 0.908786
1800 pop1 1.10253 1.0023
1800 pop2 0.999427 0.90857
1900 pop1 1.10251 1.00228
1900 pop2 0.999881 0.908983
2000 pop1 1.1025 1.00227
2000 pop2 0.99998 0.909073
2100 pop1 1.1025 1.00227
2100 pop2 1.0 0.909091
2200 pop1 1.1025 1.00227
2200 pop2 1.0 0.909091
2300 pop1 1.1025 1.00227
2300 pop2 1.0 0.909091
2400 pop1 1.1025 1.00227
2400 pop2 1.0 0.909091
2500 pop1 1.1025 1.00227
2500 pop2 1.0 0.909091
2600 pop1 1.1025 1.00227
2600 pop2 1.0 0.909091
2700 pop1 1.1025 1.00227
2700 pop2 1.0 0.909091
2800 pop1 1.1025 1.00227
2800 pop2 1.0 0.909091
2900 pop1 1.1025 1.00227
2900 pop2 1.0 0.909091
3000 pop1 1.1025 1.00227
3000 pop2 1.0 0.909091
3100 pop1 1.1025 1.00227
3100 pop2 1.0 0.909091
3200 pop1 1.1025 1.00227
3200 pop2 1.0 0.909091
3300 pop1 1.1025 1.00227
3300 pop2 1.0 0.909091
3400 pop1 1.1025 1.00227
3400 pop2 1.0 0.909091
3500 pop1 1.1025 1.00227
3500 pop2 1.0 0.909091
3600 pop1 1.1025 1.00227
3600 pop2 1.0 0.909091
3700 pop1 1.1025 1.00227
3700 pop2 1.0 0.909091
3800 pop1 1.1025 1.00227
3800 pop2 1.0 0.909091
3900 pop1 1.1025 1.00227
3900 pop2 1.0 0.909091
4000 pop1 1.1025 1.00227
4000 pop2 1.0 0.909091
4100 pop1 1.1025 1.00227
4100 pop2 1.0 0.909091
4200 pop1 1.1025 1.00227
4200 pop2 1.0 0.909091
4300 pop1 1.1025 1.00227
4300 pop2 1.0 0.909091
4400 pop1 1.1025 1.00227
4400 pop2 1.0 0.909091
4500 pop1 1.1025 1.00227
4500 pop2 1.0 0.909091
4600 pop1 1.1025 1.00227
4600 pop2 1.0 0.909091
4700 pop1 1.1025 1.00227
4700 pop2 1.0 0.909091
4800 pop1 1.1025 1.00227
4800 pop2 1.0 0.909091
4900 pop1 1.1025 1.00227
4900 pop2 1.0 0.909091
5000 pop1 1.1025 1.00227
5000 pop2 1.0 0.909091
