1 pop1 1.0 0.980392
1 pop2 1.0 0.980392
100 pop1 1.0012 0.981568
100 pop2 0.999145 0.979554
200 pop1 0.998671 0.979089
200 pop2 1.00241 0.982757
300 pop1 0.99895 0.979363
300 pop2 1.0018 0.982161
400 pop1 1.00161 0.981968
400 pop2 0.999509 0.979911
500 pop1 1.00405 0.984359
500 pop2 0.997005 0.977456
600 pop1 1.00408 0.984389
600 pop2 0.99656 0.977019
700 pop1 1.00384 0.984155
700 pop2 0.996236 0.976702
800 pop1 1.0041 0.984416
800 pop2 0.997313 0.977758
900 pop1 1.00331 0.983639
900 pop2 0.997833 0.978268
1000 pop1 1.00162 0.981981
1000 pop2 0.998128 0.978557
1100 pop1 1.00711 0.987367
1100 pop2 1.00116 0.981531
1200 pop1 1.0106 0.990786
1200 pop2 1.00073 0.981112
1300 pop1 1.01094 0.991121
1300 pop2 1.00438 0.984688
1400 pop1 1.0121 0.992255
1400 pop2 1.0057 0.985984
1500 pop1 1.01007 0.990269
1500 pop2 1.00885 0.989073
1600 pop1 1.01067 0.990853
1600 pop2 1.00906 0.989276
1700 pop1 1.01051 0.990694
1700 pop2 1.00971 0.989907
1800 pop1 1.01036 0.990547
1800 pop2 1.0099 0.990098
1900 pop1 1.01002 0.990213
1900 pop2 1.01063 0.990819
2000 pop1 1.01131 0.991484
2000 pop2 1.00913 0.989344
2100 pop1 1.01066 0.990838
2100 pop2 1.00948 0.98969
2200 pop1 1.01231 0.992458
2200 pop2 1.00821 0.988446
2300 pop1 1.01106 0.991239
2300 pop2 1.00966 0.98986
2400 pop1 1.01057 0.990752
2400 pop2 1.00984 0.990038
2500 pop1 1.01038 0.99057
2500 pop2 1.01071 0.99089
2600 pop1 1.00772 0.987958
2600 pop2 1.01235 0.992499
2700 pop1 1.00717 0.987425
2700 pop2 1.01287 0.993005
2800 pop1 1.00675 0.987013
2800 pop2 1.014 0.994118
2900 pop1 1.00728 0.987527
2900 pop2 1.01273 0.992874
3000 pop1 1.00799 0.988229
3000 pop2 1.01275 0.99289
3100 pop1 1.00894 0.98916
3100 pop2 1.01117 0.991342
3200 pop1 1.00897 0.989188
3200 pop2 1.0115 0.991665
3300 pop1 1.01043 0.99062
3300 pop2 1.01015 0.99034
3400 pop1 1.01001 0.990201
3400 pop2 1.01042 0.990606
3500 pop1 1.01317 0.993303
3500 pop2 1.00752 0.987767
3600 pop1 1.01227 0.992419
3600 pop2 1.00745 0.987697
3700 pop1 1.01382 0.993945
3700 pop2 1.00628 0.986546
3800 pop1 1.01414 0.994258
3800 pop2 1.00635 0.986617
3900 pop1 1.01346 0.993584
3900 pop2 1.00711 0.987366
4000 pop1 1.01349 0.993615
4000 pop2 1.007 0.987255
4100 pop1 1.01453 0.994638
4100 pop2 1.00618 0.986452
4200 pop1 1.01526 0.995352
4200 pop2 1.00528 0.985573
4300 pop1 1.01464 0.994741
4300 pop2 1.00579 0.98607
4400 pop1 1.01403 0.994151
4400 pop2 1.00647 0.986739
4500 pop1 1.01565 0.995733
4500 pop2 1.0045 0.984802
4600 pop1 1.01471 0.994816
4600 pop2 1.00574 0.986022
4700 pop1 1.01518 0.995272
4700 pop2 1.00508 0.985369
4800 pop1 1.01446 0.994567
4800 pop2 1.00624 0.986507
4900 pop1 1.01325 0.993385
4900 pop2 1.00696 0.987219
5000 pop1 1.01309 0.993223
5000 pop2 1.00802 0.988255
