1 pop1 1.0 0.909091
1 pop2 1.0 0.909091
100 pop1 1.08418 0.985619
100 pop2 1.08448 0.985894
200 pop1 1.08351 0.985012
200 pop2 1.08309 0.984629
300 pop1 1.0817 0.983367
300 pop2 1.0842 0.985636
400 pop1 1.08333 0.984846
400 pop2 1.08029 0.982078
500 pop1 1.08073 0.982477
500 pop2 1.07836 0.980328
600 pop1 1.08397 0.985427
600 pop2 1.08135 0.983043
700 pop1 1.08364 0.985131
700 pop2 1.08685 0.988045
800 pop1 1.08088 0.98262
800 pop2 1.08426 0.985693
900 pop1 1.08076 0.982509
900 pop2 1.08462 0.986021
1000 pop1 1.087 0.988179
1000 pop2 1.07963 0.98148
1100 pop1 1.08844 0.989487
1100 pop2 1.06403 0.967297
1200 pop1 1.0867 0.987907
1200 pop2 1.08422 0.985657
1300 pop1 1.08582 0.987105
1300 pop2 1.08682 0.98802
1400 pop1 1.08471 0.9861
1400 pop2 1.08839 0.989446
1500 pop1 1.085 0.986363
1500 pop2 1.08381 0.985286
1600 pop1 1.08524 0.986584
1600 pop2 1.08406 0.985511
1700 pop1 1.08541 0.986734
1700 pop2 1.08512 0.986473
1800 pop1 1.08535 0.986681
1800 pop2 1.08171 0.983373
1900 pop1 1.08477 0.986155
1900 pop2 1.08661 0.98783
2000 pop1 1.08582 0.987106
2000 pop2 1.08151 0.983189
2100 pop1 1.08676 0.987961
2100 pop2 1.08638 0.987616
2200 pop1 1.08562 0.986928
2200 pop2 1.08644 0.987674
2300 pop1 1.08134 0.983041
2300 pop2 1.08553 0.986842
2400 pop1 1.08244 0.984033
2400 pop2 1.08359 0.985079
2500 pop1 1.08623 0.987479
2500 pop2 1.08299 0.984532
2600 pop1 1.08483 0.986209
2600 pop2 1.08725 0.988406
2700 pop1 1.08509 0.986447
2700 pop2 1.08638 0.987622
2800 pop1 1.08563 0.986937
2800 pop2 1.08288 0.984436
2900 pop1 1.08587 0.987159
2900 pop2 1.08229 0.9839
3000 pop1 1.08356 0.985054
3000 pop2 1.08717 0.988337
3100 pop1 1.08525 0.986593
3100 pop2 1.08525 0.98659
3200 pop1 1.08777 0.988883
3200 pop2 1.08332 0.98484
3300 pop1 1.08648 0.987709
3300 pop2 1.08615 0.987405
3400 pop1 1.0876 0.98873
3400 pop2 1.08622 0.987471
3500 pop1 1.08785 0.988956
3500 pop2 1.08566 0.986963
3600 pop1 1.08609 0.987354
3600 pop2 1.0879 0.988998
3700 pop1 1.08757 0.988698
3700 pop2 1.08416 0.985596
3800 pop1 1.08516 0.986508
3800 pop2 1.08784 0.988949
3900 pop1 1.08716 0.988331
3900 pop2 1.08347 0.984972
4000 pop1 1.08639 0.987626
4000 pop2 1.08575 0.987042
4100 pop1 1.08541 0.986735
4100 pop2 1.08407 0.985522
4200 pop1 1.07914 0.981036
4200 pop2 1.08819 0.989264
4300 pop1 1.08375 0.985231
4300 pop2 1.08798 0.989075
4400 pop1 1.08688 0.988075
4400 pop2 1.08751 0.988645
4500 pop1 1.08451 0.985916
4500 pop2 1.08548 0.986801
4600 pop1 1.08443 0.98585
4600 pop2 1.08625 0.987497
4700 pop1 1.08455 0.985958
4700 pop2 1.08305 0.984587
4800 pop1 1.08282 0.984378
4800 pop2 1.08437 0.985787
4900 pop1 1.08184 0.98349
4900 pop2 1.0811 0.982818
5000 pop1 1.08683 0.988023
5000 pop2 1.08509 0.986443
