1 pop1 1.0 0.909091
1 pop2 1.0 0.909091
100 pop1 1.03267 0.938791
100 pop2 1.03639 0.942176
200 pop1 1.04385 0.948951
200 pop2 1.03384 0.939858
300 pop1 1.0321 0.938271
300 pop2 1.03842 0.944015
400 pop1 1.0383 0.943905
400 pop2 1.03691 0.942643
500 pop1 1.03659 0.942358
500 pop2 1.03548 0.941348
600 pop1 1.03717 0.942879
600 pop2 1.03468 0.940615
700 pop1 1.04292 0.948107
700 pop2 1.03161 0.937825
800 pop1 1.04537 0.950334
800 pop2 1.02642 0.933106
900 pop1 1.03054 0.936859
900 pop2 1.03644 0.942219
1000 pop1 1.03712 0.942833
1000 pop2 1.03671 0.942462
1100 pop1 1.06471 0.967922
1100 pop2 1.05414 0.958305
1200 pop1 1.05943 0.963117
1200 pop2 1.062 0.965455
1300 pop1 1.05692 0.960837
1300 pop2 1.06643 0.969483
1400 pop1 1.05189 0.956266
1400 pop2 1.0676 0.970548
1500 pop1 1.05791 0.961741
1500 pop2 1.06602 0.969108
1600 pop1 1.05873 0.962482
1600 pop2 1.06084 0.964398
1700 pop1 1.06396 0.967236
1700 pop2 1.0599 0.963545
1800 pop1 1.06452 0.967748
1800 pop2 1.05794 0.961767
1900 pop1 1.05944 0.963124
1900 pop2 1.06016 0.963777
2000 pop1 1.06098 0.96453
2000 pop2 1.06007 0.963703
2100 pop1 1.06472 0.967926
2100 pop2 1.05889 0.962629
2200 pop1 1.06501 0.968189
2200 pop2 1.05703 0.960939
2300 pop1 1.06696 0.969959
2300 pop2 1.05718 0.96107
2400 pop1 1.06704 0.970038
2400 pop2 1.05588 0.959893
2500 pop1 1.06215 0.965589
2500 pop2 1.05943 0.963121
2600 pop1 1.06085 0.964413
2600 pop2 1.06006 0.963695
2700 pop1 1.05864 0.962404
2700 pop2 1.06028 0.963891
2800 pop1 1.06346 0.966785
2800 pop2 1.06069 0.964259
2900 pop1 1.06532 0.968471
2900 pop2 1.05882 0.962566
3000 pop1 1.06325 0.966593
3000 pop2 1.05661 0.960553
3100 pop1 1.06437 0.967612
3100 pop2 1.05971 0.963377
3200 pop1 1.05632 0.960295
3200 pop2 1.06717 0.970156
3300 pop1 1.05678 0.960709
3300 pop2 1.06283 0.966207
3400 pop1 1.05489 0.958994
3400 pop2 1.06687 0.969881
3500 pop1 1.06023 0.963848
3500 pop2 1.06132 0.964837
3600 pop1 1.07003 0.972752
3600 pop2 1.0525 0.956814
3700 pop1 1.0636 0.966907
3700 pop2 1.0565 0.960457
3800 pop1 1.06407 0.967333
3800 pop2 1.05576 0.959786
3900 pop1 1.0592 0.962909
3900 pop2 1.06539 0.968534
4000 pop1 1.06197 0.965429
4000 pop2 1.06522 0.968378
4100 pop1 1.06029 0.963898
4100 pop2 1.06029 0.963903
4200 pop1 1.05793 0.961755
4200 pop2 1.06205 0.965497
4300 pop1 1.05929 0.962987
4300 pop2 1.06003 0.963662
4400 pop1 1.06482 0.968018
4400 pop2 1.05895 0.962686
4500 pop1 1.0618 0.965268
4500 pop2 1.06213 0.965577
4600 pop1 1.06018 0.963803
4600 pop2 1.06088 0.964436
4700 pop1 1.06103 0.964569
4700 pop2 1.06233 0.965751
4800 pop1 1.05874 0.962487
4800 pop2 1.06442 0.967659
4900 pop1 1.05522 0.959289
4900 pop2 1.06364 0.966945
5000 pop1 1.06091 0.964461
5000 pop2 1.05993 0.963569
