1 pop1 1.0 0.980392
1 pop2 1.0 0.980392
100 pop1 1.00078 0.981156
100 pop2 1.00067 0.981051
200 pop1 0.997052 0.977501
200 pop2 1.00371 0.984025
300 pop1 0.998239 0.978666
300 pop2 1.0035 0.983822
400 pop1 1.00086 0.981237
400 pop2 1.00101 0.98138
500 pop1 1.00137 0.981739
500 pop2 1.00031 0.980697
600 pop1 1.00005 0.980443
600 pop2 1.00277 0.983111
700 pop1 0.998796 0.979212
700 pop2 1.00347 0.983795
800 pop1 0.997119 0.977567
800 pop2 1.00379 0.984108
900 pop1 0.998748 0.979164
900 pop2 1.00346 0.983786
1000 pop1 0.997294 0.977739
1000 pop2 1.00458 0.984885
1100 pop1 1.00686 0.987115
1100 pop2 0.996669 0.977127
1200 pop1 1.01398 0.994094
1200 pop2 0.995679 0.976156
1300 pop1 1.01633 0.996398
1300 pop2 0.995651 0.976129
1400 pop1 1.01709 0.997145
1400 pop2 0.996374 0.976838
1500 pop1 1.01902 0.999039
1500 pop2 0.996952 0.977404
1600 pop1 1.01936 0.999376
1600 pop2 0.997905 0.978339
1700 pop1 1.01993 0.999928
1700 pop2 0.998592 0.979011
1800 pop1 1.02006 1.00006
1800 pop2 0.998815 0.979231
1900 pop1 1.0201 1.0001
1900 pop2 0.99941 0.979813
2000 pop1 1.0201 1.0001
2000 pop2 0.999781 0.980177
2100 pop1 1.0201 1.0001
2100 pop2 0.999916 0.98031
2200 pop1 1.0201 1.0001
2200 pop2 1.0 0.980392
2300 pop1 1.0201 1.0001
2300 pop2 1.0 0.980392
2400 pop1 1.0201 1.0001
2400 pop2 1.0 0.980392
2500 pop1 1.0201 1.0001
2500 pop2 1.0 0.980392
2600 pop1 1.0201 1.0001
2600 pop2 1.0 0.980392
2700 pop1 1.0201 1.0001
2700 pop2 1.0 0.980392
2800 pop1 1.0201 1.0001
2800 pop2 1.0 0.980392
2900 pop1 1.0201 1.0001
2900 pop2 1.0 0.980392
3000 pop1 1.0201 1.0001
3000 pop2 1.0 0.980392
3100 pop1 1.0201 1.0001
3100 pop2 1.0 0.980392
3200 pop1 1.0201 1.0001
3200 pop2 1.0 0.980392
3300 pop1 1.0201 1.0001
3300 pop2 1.0 0.980392
3400 pop1 1.0201 1.0001
3400 pop2 1.0 0.980392
3500 pop1 1.0201 1.0001
3500 pop2 1.0 0.980392
3600 pop1 1.0201 1.0001
3600 pop2 1.0 0.980392
3700 pop1 1.0201 1.0001
3700 pop2 1.0 0.980392
3800 pop1 1.0201 1.0001
3800 pop2 1.0 0.980392
3900 pop1 1.0201 1.0001
3900 pop2 1.0 0.980392
4000 pop1 1.0201 1.0001
4000 pop2 1.0 0.980392
4100 pop1 1.0201 1.0001
4100 pop2 1.0 0.980392
4200 pop1 1.0201 1.0001
4200 pop2 1.0 0.980392
4300 pop1 1.0201 1.0001
4300 pop2 1.0 0.980392
4400 pop1 1.0201 1.0001
4400 pop2 1.0 0.980392
4500 pop1 1.0201 1.0001
4500 pop2 1.0 0.980392
4600 pop1 1.0201 1.0001
4600 pop2 1.0 0.980392
4700 pop1 1.0201 1.0001
4700 pop2 1.0 0.980392
4800 pop1 1.0201 1.0001
4800 pop2 1.0 0.980392
4900 pop1 1.0201 1.0001
4900 pop2 1.0 0.980392
5000 pop1 1.0201 1.0001
5000 pop2 1.0 0.980392
