1 pop1 1.0 0.833333
1 pop2 1.0 0.833333
100 pop1 1.12606 0.938385
100 pop2 1.12802 0.940021
200 pop1 1.1267 0.938919
200 pop2 1.12569 0.938079
300 pop1 1.13133 0.942772
300 pop2 1.12529 0.937742
400 pop1 1.1164 0.930337
400 pop2 1.12628 0.938566
500 pop1 1.12093 0.934106
500 pop2 1.12129 0.934407
600 pop1 1.12103 0.934194
600 pop2 1.11961 0.933008
700 pop1 1.13011 0.941759
700 pop2 1.1255 0.937915
800 pop1 1.12668 0.938902
800 pop2 1.11701 0.930838
900 pop1 1.12551 0.937924
900 pop2 1.11823 0.931858
1000 pop1 1.12265 0.935545
1000 pop2 1.12242 0.935348
1100 pop1 1.14419 0.953493
1100 pop2 1.14142 0.951183
1200 pop1 1.12599 0.938327
1200 pop2 1.14974 0.958119
1300 pop1 1.13492 0.945767
1300 pop2 1.14521 0.954338
1400 pop1 1.13129 0.942741
1400 pop2 1.14918 0.957652
1500 pop1 1.13 0.941663
1500 pop2 1.15441 0.962007
1600 pop1 1.13478 0.945647
1600 pop2 1.14726 0.95605
1700 pop1 1.12689 0.939079
1700 pop2 1.15321 0.961007
1800 pop1 1.13945 0.949538
1800 pop2 1.14493 0.954112
1900 pop1 1.13365 0.944707
1900 pop2 1.15089 0.959077
2000 pop1 1.13552 0.94627
2000 pop2 1.15142 0.959514
2100 pop1 1.13975 0.949792
2100 pop2 1.14072 0.9506
2200 pop1 1.13715 0.947627
2200 pop2 1.14369 0.953078
2300 pop1 1.13799 0.948328
2300 pop2 1.1429 0.952418
2400 pop1 1.14377 0.953143
2400 pop2 1.1413 0.951084
2500 pop1 1.13662 0.94718
2500 pop2 1.14055 0.950461
2600 pop1 1.1456 0.954663
2600 pop2 1.14005 0.950041
2700 pop1 1.14612 0.9551
2700 pop2 1.13474 0.945619
2800 pop1 1.14281 0.952345
2800 pop2 1.14328 0.95273
2900 pop1 1.14175 0.951462
2900 pop2 1.14243 0.952021
3000 pop1 1.13819 0.94849
3000 pop2 1.14222 0.951854
3100 pop1 1.13364 0.944697
3100 pop2 1.1491 0.957586
3200 pop1 1.14639 0.955326
3200 pop2 1.1422 0.951833
3300 pop1 1.13722 0.947686
3300 pop2 1.15089 0.959077
3400 pop1 1.14232 0.951931
3400 pop2 1.14444 0.953699
3500 pop1 1.14185 0.951539
3500 pop2 1.14331 0.952761
3600 pop1 1.14893 0.957438
3600 pop2 1.14365 0.953038
3700 pop1 1.14037 0.950305
3700 pop2 1.14406 0.95338
3800 pop1 1.14338 0.952817
3800 pop2 1.13786 0.948218
3900 pop1 1.14099 0.950822
3900 pop2 1.14251 0.952093
4000 pop1 1.14312 0.9526
4000 pop2 1.13969 0.949745
4100 pop1 1.14671 0.95559
4100 pop2 1.13618 0.946817
4200 pop1 1.13518 0.945984
4200 pop2 1.14712 0.955935
4300 pop1 1.14535 0.95446
4300 pop2 1.14057 0.950472
4400 pop1 1.14006 0.950051
4400 pop2 1.14633 0.955272
4500 pop1 1.14234 0.951949
4500 pop2 1.14169 0.951412
4600 pop1 1.13809 0.948408
4600 pop2 1.13845 0.948708
4700 pop1 1.13521 0.946007
4700 pop2 1.14749 0.956243
4800 pop1 1.14424 0.95353
4800 pop2 1.14313 0.952607
4900 pop1 1.1445 0.95375
4900 pop2 1.14379 0.953162
5000 pop1 1.1446 0.953833
5000 pop2 1.14596 0.954964
