1 pop1 1.0 0.980392
1 pop2 1.0 0.980392
100 pop1 1.00439 0.984693
100 pop2 0.998293 0.978718
200 pop1 1.00792 0.98816
200 pop2 0.996024 0.976494
300 pop1 1.00522 0.985509
300 pop2 0.999465 0.979868
400 pop1 1.00275 0.983088
400 pop2 1.00078 0.981152
500 pop1 0.999077 0.979487
500 pop2 1.00481 0.985106
600 pop1 1.00078 0.981159
600 pop2 1.00497 0.985263
700 pop1 0.998517 0.978938
700 pop2 1.00469 0.984987
800 pop1 0.999122 0.979532
800 pop2 1.00355 0.983873
900 pop1 0.997092 0.977541
900 pop2 1.00627 0.986542
1000 pop1 0.994252 0.974757
1000 pop2 1.0081 0.988331
1100 pop1 1.00474 0.985037
1100 pop2 0.995835 0.976309
1200 pop1 1.01237 0.99252
1200 pop2 0.995137 0.975625
1300 pop1 1.0143 0.994413
1300 pop2 0.994474 0.974975
1400 pop1 1.01516 0.995254
1400 pop2 0.995629 0.976107
1500 pop1 1.01731 0.997362
1500 pop2 0.995389 0.975872
1600 pop1 1.01871 0.998734
1600 pop2 0.996041 0.976511
1700 pop1 1.0193 0.99931
1700 pop2 0.995969 0.97644
1800 pop1 1.01933 0.999348
1800 pop2 0.996813 0.977268
1900 pop1 1.01974 0.999741
1900 pop2 0.997395 0.977838
2000 pop1 1.0201 1.0001
2000 pop2 0.998508 0.978929
2100 pop1 1.0201 1.0001
2100 pop2 0.999274 0.97968
2200 pop1 1.0201 1.0001
2200 pop2 0.998915 0.979328
2300 pop1 1.0201 1.0001
2300 pop2 0.998991 0.979402
2400 pop1 1.0201 1.0001
2400 pop2 0.998655 0.979074
2500 pop1 1.0201 1.0001
2500 pop2 0.999074 0.979485
2600 pop1 1.0201 1.0001
2600 pop2 0.999565 0.979966
2700 pop1 1.0201 1.0001
2700 pop2 0.9998 0.980197
2800 pop1 1.0201 1.0001
2800 pop2 0.999585 0.979985
2900 pop1 1.0201 1.0001
2900 pop2 0.999497 0.979899
3000 pop1 1.0201 1.0001
3000 pop2 0.999745 0.980142
3100 pop1 1.0201 1.0001
3100 pop2 1.0 0.980392
3200 pop1 1.0201 1.0001
3200 pop2 1.0 0.980392
3300 pop1 1.0201 1.0001
3300 pop2 1.0 0.980392
3400 pop1 1.0201 1.0001
3400 pop2 1.0 0.980392
3500 pop1 1.0201 1.0001
3500 pop2 1.0 0.980392
3600 pop1 1.0201 1.0001
3600 pop2 1.0 0.980392
3700 pop1 1.0201 1.0001
3700 pop2 1.0 0.980392
3800 pop1 1.0201 1.0001
3800 pop2 1.0 0.980392
3900 pop1 1.0201 1.0001
3900 pop2 1.0 0.980392
4000 pop1 1.0201 1.0001
4000 pop2 1.0 0.980392
4100 pop1 1.0201 1.0001
4100 pop2 1.0 0.980392
4200 pop1 1.0201 1.0001
4200 pop2 1.0 0.980392
4300 pop1 1.0201 1.0001
4300 pop2 1.0 0.980392
4400 pop1 1.0201 1.0001
4400 pop2 1.0 0.980392
4500 pop1 1.0201 1.0001
4500 pop2 1.0 0.980392
4600 pop1 1.0201 1.0001
4600 pop2 1.0 0.980392
4700 pop1 1.0201 1.0001
4700 pop2 1.0 0.980392
4800 pop1 1.0201 1.0001
4800 pop2 1.0 0.980392
4900 pop1 1.0201 1.0001
4900 pop2 1.0 0.980392
5000 pop1 1.0201 1.0001
5000 pop2 1.0 0.980392
