1 pop1 1.0 0.833333
1 pop2 1.0 0.833333
100 pop1 1.12732 0.939436
100 pop2 1.12032 0.933602
200 pop1 1.1198 0.933171
200 pop2 1.12175 0.934791
300 pop1 1.12945 0.941206
300 pop2 1.1213 0.934414
400 pop1 1.11892 0.932433
400 pop2 1.12175 0.934789
500 pop1 1.1273 0.939418
500 pop2 1.11919 0.932656
600 pop1 1.12488 0.937399
600 pop2 1.12273 0.935604
700 pop1 1.12319 0.93599
700 pop2 1.12279 0.93566
800 pop1 1.1275 0.939584
800 pop2 1.11454 0.928784
900 pop1 1.126 0.938336
900 pop2 1.1186 0.932164
1000 pop1 1.1199 0.933252
1000 pop2 1.1255 0.937918
1100 pop1 1.14782 0.956515
1100 pop2 1.1423 0.951914
1200 pop1 1.13504 0.945866
1200 pop2 1.15138 0.959481
1300 pop1 1.14079 0.950659
1300 pop2 1.14766 0.956385
1400 pop1 1.12525 0.937712
1400 pop2 1.15448 0.962066
1500 pop1 1.13695 0.947457
1500 pop2 1.14514 0.954283
1600 pop1 1.13986 0.949882
1600 pop2 1.14111 0.950929
1700 pop1 1.13323 0.944355
1700 pop2 1.15248 0.960401
1800 pop1 1.14478 0.953987
1800 pop2 1.14135 0.951122
1900 pop1 1.13884 0.949033
1900 pop2 1.14006 0.950053
2000 pop1 1.13844 0.948698
2000 pop2 1.14958 0.957984
2100 pop1 1.13954 0.94962
2100 pop2 1.14865 0.957206
2200 pop1 1.13615 0.946789
2200 pop2 1.14841 0.957008
2300 pop1 1.1398 0.949832
2300 pop2 1.14198 0.951651
2400 pop1 1.13978 0.949818
2400 pop2 1.15077 0.958975
2500 pop1 1.14035 0.950292
2500 pop2 1.14557 0.954641
2600 pop1 1.13723 0.947696
2600 pop2 1.1442 0.953503
2700 pop1 1.13734 0.947787
2700 pop2 1.14574 0.954784
2800 pop1 1.14061 0.950505
2800 pop2 1.14079 0.950659
2900 pop1 1.14815 0.956794
2900 pop2 1.13805 0.948378
3000 pop1 1.13894 0.94912
3000 pop2 1.14473 0.953939
3100 pop1 1.14436 0.953634
3100 pop2 1.14175 0.951457
3200 pop1 1.14053 0.95044
3200 pop2 1.14282 0.952349
3300 pop1 1.14301 0.95251
3300 pop2 1.14318 0.952652
3400 pop1 1.15234 0.960285
3400 pop2 1.13616 0.946803
3500 pop1 1.14164 0.951364
3500 pop2 1.15185 0.959878
3600 pop1 1.14685 0.955708
3600 pop2 1.14636 0.955304
3700 pop1 1.1375 0.947913
3700 pop2 1.14839 0.956991
3800 pop1 1.14849 0.957079
3800 pop2 1.13242 0.943686
3900 pop1 1.13789 0.94824
3900 pop2 1.14829 0.956907
4000 pop1 1.14173 0.951438
4000 pop2 1.13875 0.948958
4100 pop1 1.13859 0.948824
4100 pop2 1.14349 0.952909
4200 pop1 1.13521 0.946006
4200 pop2 1.14856 0.957137
4300 pop1 1.1441 0.953417
4300 pop2 1.1373 0.947748
4400 pop1 1.13707 0.947555
4400 pop2 1.14215 0.951794
4500 pop1 1.14531 0.954429
4500 pop2 1.14306 0.95255
4600 pop1 1.14842 0.957017
4600 pop2 1.13843 0.948691
4700 pop1 1.14601 0.955006
4700 pop2 1.13991 0.949928
4800 pop1 1.14348 0.9529
4800 pop2 1.13975 0.949792
4900 pop1 1.14664 0.955536
4900 pop2 1.13913 0.949279
5000 pop1 1.14139 0.951157
5000 pop2 1.1436 0.953003
