1 pop1 1.0 0.909091
1 pop2 1.0 0.909091
100 pop1 1.08215 0.983774
100 pop2 1.0829 0.984459
200 pop1 1.08466 0.986052
200 pop2 1.08057 0.982334
300 pop1 1.07864 0.980581
300 pop2 1.08531 0.986644
400 pop1 1.0844 0.985814
400 pop2 1.07561 0.977824
500 pop1 1.08446 0.985873
500 pop2 1.08587 0.987159
600 pop1 1.08378 0.985257
600 pop2 1.08223 0.983843
700 pop1 1.08189 0.983537
700 pop2 1.08198 0.983622
800 pop1 1.08405 0.985498
800 pop2 1.08321 0.98474
900 pop1 1.08113 0.982845
900 pop2 1.08368 0.985168
1000 pop1 1.08108 0.982803
1000 pop2 1.08078 0.982527
1100 pop1 1.08848 0.989524
1100 pop2 1.07348 0.975888
1200 pop1 1.08302 0.984568
1200 pop2 1.08411 0.985554
1300 pop1 1.08631 0.987554
1300 pop2 1.08548 0.986801
1400 pop1 1.08316 0.984691
1400 pop2 1.08299 0.984538
1500 pop1 1.08598 0.987253
1500 pop2 1.08565 0.986955
1600 pop1 1.0827 0.984275
1600 pop2 1.08463 0.986031
1700 pop1 1.0872 0.988365
1700 pop2 1.08281 0.98437
1800 pop1 1.08823 0.989297
1800 pop2 1.08513 0.986483
1900 pop1 1.08513 0.98648
1900 pop2 1.0841 0.985545
2000 pop1 1.08424 0.985675
2000 pop2 1.08289 0.984445
2100 pop1 1.08396 0.98542
2100 pop2 1.08851 0.989559
2200 pop1 1.08775 0.988868
2200 pop2 1.08544 0.986762
2300 pop1 1.08026 0.982058
2300 pop2 1.08647 0.9877
2400 pop1 1.08555 0.986864
2400 pop2 1.08468 0.986072
2500 pop1 1.08307 0.984612
2500 pop2 1.08416 0.985605
2600 pop1 1.0849 0.986269
2600 pop2 1.08537 0.986701
2700 pop1 1.08737 0.988518
2700 pop2 1.0837 0.985186
2800 pop1 1.0872 0.988364
2800 pop2 1.08313 0.984664
2900 pop1 1.0879 0.989002
2900 pop2 1.08003 0.981843
3000 pop1 1.08561 0.986919
3000 pop2 1.08731 0.988462
3100 pop1 1.08735 0.988498
3100 pop2 1.08387 0.985336
3200 pop1 1.08536 0.986694
3200 pop2 1.0847 0.986089
3300 pop1 1.08352 0.985017
3300 pop2 1.08664 0.987851
3400 pop1 1.08585 0.987132
3400 pop2 1.08386 0.985325
3500 pop1 1.08494 0.986314
3500 pop2 1.0842 0.985634
3600 pop1 1.08286 0.984421
3600 pop2 1.08374 0.985222
3700 pop1 1.08669 0.987902
3700 pop2 1.08288 0.984436
3800 pop1 1.08839 0.989444
3800 pop2 1.08389 0.985357
3900 pop1 1.08969 0.990628
3900 pop2 1.08516 0.986508
4000 pop1 1.08593 0.987207
4000 pop2 1.08662 0.987841
4100 pop1 1.08599 0.987263
4100 pop2 1.08594 0.987216
4200 pop1 1.08673 0.987938
4200 pop2 1.08503 0.986391
4300 pop1 1.08684 0.988039
4300 pop2 1.08751 0.988646
4400 pop1 1.08532 0.986656
4400 pop2 1.08366 0.985144
4500 pop1 1.08517 0.986518
4500 pop2 1.08629 0.987534
4600 pop1 1.08295 0.984496
4600 pop2 1.08507 0.986424
4700 pop1 1.08414 0.985578
4700 pop2 1.08442 0.985839
4800 pop1 1.08492 0.986287
4800 pop2 1.08656 0.98778
4900 pop1 1.08028 0.98207
4900 pop2 1.08453 0.985936
5000 pop1 1.0821 0.983729
5000 pop2 1.08687 0.988066
