1 pop1 1.0 0.980392
1 pop2 1.0 0.980392
100 pop1 1.00473 0.985027
100 pop2 1.00767 0.987909
200 pop1 1.00588 0.986154
200 pop2 1.00706 0.987309
300 pop1 1.00703 0.987282
300 pop2 1.00751 0.987756
400 pop1 1.00751 0.987756
400 pop2 1.00325 0.983574
500 pop1 1.00725 0.987496
500 pop2 1.00407 0.984383
600 pop1 1.00776 0.988001
600 pop2 1.00587 0.986151
700 pop1 1.00782 0.988062
700 pop2 1.00523 0.985523
800 pop1 1.00913 0.989345
800 pop2 1.00364 0.983964
900 pop1 1.00769 0.987929
900 pop2 1.00212 0.982466
1000 pop1 1.00644 0.986711
1000 pop2 1.00286 0.983198
1100 pop1 1.00864 0.988865
1100 pop2 1.00066 0.981035
1200 pop1 1.01013 0.990327
1200 pop2 1.00328 0.983606
1300 pop1 1.01129 0.991463
1300 pop2 1.00876 0.98898
1400 pop1 1.01397 0.994091
1400 pop2 1.00891 0.989132
1500 pop1 1.01438 0.994492
1500 pop2 1.00877 0.988992
1600 pop1 1.01218 0.992333
1600 pop2 1.01032 0.990513
1700 pop1 1.01146 0.991626
1700 pop2 1.0118 0.991961
1800 pop1 1.01143 0.991594
1800 pop2 1.01285 0.992987
1900 pop1 1.01084 0.991022
1900 pop2 1.01404 0.994156
2000 pop1 1.00917 0.98938
2000 pop2 1.01295 0.993089
2100 pop1 1.0087 0.988922
2100 pop2 1.01452 0.994628
2200 pop1 1.00762 0.987858
2200 pop2 1.01459 0.9947
2300 pop1 1.00978 0.989982
2300 pop2 1.0151 0.995194
2400 pop1 1.01082 0.991002
2400 pop2 1.01324 0.993376
2500 pop1 1.01061 0.990796
2500 pop2 1.01131 0.991479
2600 pop1 1.01065 0.990837
2600 pop2 1.01273 0.992876
2700 pop1 1.01211 0.992269
2700 pop2 1.01229 0.992443
2800 pop1 1.01145 0.991613
2800 pop2 1.01309 0.993229
2900 pop1 1.01127 0.991439
2900 pop2 1.01163 0.991797
3000 pop1 1.0122 0.992357
3000 pop2 1.01238 0.992529
3100 pop1 1.01336 0.99349
3100 pop2 1.01246 0.99261
3200 pop1 1.01241 0.992563
3200 pop2 1.01267 0.99281
3300 pop1 1.0097 0.989899
3300 pop2 1.01294 0.993083
3400 pop1 1.01094 0.991121
3400 pop2 1.01404 0.994155
3500 pop1 1.00885 0.989071
3500 pop2 1.01549 0.995579
3600 pop1 1.00887 0.989088
3600 pop2 1.01515 0.995245
3700 pop1 1.00943 0.989636
3700 pop2 1.01481 0.994916
3800 pop1 1.01029 0.990476
3800 pop2 1.01454 0.994644
3900 pop1 1.01171 0.991873
3900 pop2 1.01327 0.993399
4000 pop1 1.01169 0.991849
4000 pop2 1.01226 0.992417
4100 pop1 1.01377 0.993894
4100 pop2 1.01271 0.992852
4200 pop1 1.01262 0.992769
4200 pop2 1.01261 0.992752
4300 pop1 1.01189 0.992047
4300 pop2 1.01165 0.991814
4400 pop1 1.01232 0.992472
4400 pop2 1.0127 0.992839
4500 pop1 1.01058 0.990764
4500 pop2 1.01344 0.993569
4600 pop1 1.01088 0.991057
4600 pop2 1.01346 0.993586
4700 pop1 1.00973 0.989928
4700 pop2 1.01435 0.994465
4800 pop1 1.01017 0.99036
4800 pop2 1.0142 0.994311
4900 pop1 1.01048 0.990669
4900 pop2 1.01464 0.994743
5000 pop1 1.01024 0.990434
5000 pop2 1.01461 0.994719
