1 pop1 1.0 0.980392
1 pop2 1.0 0.980392
100 pop1 0.999421 0.979825
100 pop2 1.00257 0.982914
200 pop1 0.998389 0.978813
200 pop2 1.0037 0.984023
300 pop1 0.996693 0.97715
300 pop2 1.00426 0.984566
400 pop1 0.996376 0.976839
400 pop2 1.00531 0.985601
500 pop1 0.994571 0.97507
500 pop2 1.00717 0.987426
600 pop1 0.996933 0.977385
600 pop2 1.00365 0.983966
700 pop1 0.994555 0.975054
700 pop2 1.00692 0.987175
800 pop1 0.998817 0.979233
800 pop2 1.0023 0.982647
900 pop1 0.9977 0.978138
900 pop2 1.00503 0.985321
1000 pop1 0.994383 0.974885
1000 pop2 1.00813 0.988365
1100 pop1 1.00519 0.985479
1100 pop2 0.995062 0.975551
1200 pop1 1.01186 0.992018
1200 pop2 0.994422 0.974924
1300 pop1 1.01436 0.99447
1300 pop2 0.99397 0.97448
1400 pop1 1.016 0.996074
1400 pop2 0.992724 0.973259
1500 pop1 1.0183 0.998331
1500 pop2 0.993094 0.973622
1600 pop1 1.0181 0.998138
1600 pop2 0.993705 0.974221
1700 pop1 1.01857 0.998595
1700 pop2 0.994919 0.97541
1800 pop1 1.01938 0.99939
1800 pop2 0.995602 0.976081
1900 pop1 1.02002 1.00002
1900 pop2 0.995304 0.975788
2000 pop1 1.02011 1.00011
2000 pop2 0.99563 0.976108
2100 pop1 1.02011 1.0001
2100 pop2 0.997456 0.977898
2200 pop1 1.0201 1.0001
2200 pop2 0.998536 0.978957
2300 pop1 1.0201 1.0001
2300 pop2 0.999302 0.979708
2400 pop1 1.0201 1.0001
2400 pop2 0.999262 0.979668
2500 pop1 1.0201 1.0001
2500 pop2 0.999777 0.980173
2600 pop1 1.0201 1.0001
2600 pop2 0.999964 0.980357
2700 pop1 1.0201 1.0001
2700 pop2 1.0 0.980392
2800 pop1 1.0201 1.0001
2800 pop2 1.0 0.980392
2900 pop1 1.0201 1.0001
2900 pop2 1.0 0.980392
3000 pop1 1.0201 1.0001
3000 pop2 1.0 0.980392
3100 pop1 1.0201 1.0001
3100 pop2 1.0 0.980392
3200 pop1 1.0201 1.0001
3200 pop2 1.0 0.980392
3300 pop1 1.0201 1.0001
3300 pop2 1.0 0.980392
3400 pop1 1.0201 1.0001
3400 pop2 1.0 0.980392
3500 pop1 1.0201 1.0001
3500 pop2 1.0 0.980392
3600 pop1 1.0201 1.0001
3600 pop2 1.0 0.980392
3700 pop1 1.0201 1.0001
3700 pop2 1.0 0.980392
3800 pop1 1.0201 1.0001
3800 pop2 1.0 0.980392
3900 pop1 1.0201 1.0001
3900 pop2 1.0 0.980392
4000 pop1 1.0201 1.0001
4000 pop2 1.0 0.980392
4100 pop1 1.0201 1.0001
4100 pop2 1.0 0.980392
4200 pop1 1.0201 1.0001
4200 pop2 1.0 0.980392
4300 pop1 1.0201 1.0001
4300 pop2 1.0 0.980392
4400 pop1 1.0201 1.0001
4400 pop2 1.0 0.980392
4500 pop1 1.0201 1.0001
4500 pop2 1.0 0.980392
4600 pop1 1.0201 1.0001
4600 pop2 1.0 0.980392
4700 pop1 1.0201 1.0001
4700 pop2 1.0 0.980392
4800 pop1 1.0201 1.0001
4800 pop2 1.0 0.980392
4900 pop1 1.0201 1.0001
4900 pop2 1.0 0.980392
5000 pop1 1.0201 1.0001
5000 pop2 1.0 0.980392
