1 pop1 1.0 0.833333
1 pop2 1.0 0.833333
100 pop1 1.1267 0.938917
100 pop2 1.12014 0.933448
200 pop1 1.12403 0.936691
200 pop2 1.12888 0.940735
300 pop1 1.12509 0.937577
300 pop2 1.12315 0.935959
400 pop1 1.1276 0.939665
400 pop2 1.11975 0.933126
500 pop1 1.12623 0.938529
500 pop2 1.12752 0.939602
600 pop1 1.1136 0.928003
600 pop2 1.11991 0.933259
700 pop1 1.12805 0.940044
700 pop2 1.11975 0.933122
800 pop1 1.12748 0.939564
800 pop2 1.13107 0.942559
900 pop1 1.13123 0.942693
900 pop2 1.12774 0.939787
1000 pop1 1.1267 0.938918
1000 pop2 1.1229 0.935746
1100 pop1 1.1472 0.956
1100 pop2 1.14558 0.954652
1200 pop1 1.13837 0.948644
1200 pop2 1.14778 0.956482
1300 pop1 1.13437 0.945312
1300 pop2 1.14619 0.955161
1400 pop1 1.1393 0.949413
1400 pop2 1.14779 0.956488
1500 pop1 1.14061 0.950511
1500 pop2 1.14488 0.954071
1600 pop1 1.13811 0.948423
1600 pop2 1.15121 0.959338
1700 pop1 1.14116 0.950963
1700 pop2 1.1394 0.949499
1800 pop1 1.13199 0.943322
1800 pop2 1.15268 0.960565
1900 pop1 1.1445 0.953749
1900 pop2 1.14458 0.953813
2000 pop1 1.1414 0.951164
2000 pop2 1.14827 0.95689
2100 pop1 1.14542 0.954516
2100 pop2 1.14424 0.953537
2200 pop1 1.13975 0.949791
2200 pop2 1.14279 0.952325
2300 pop1 1.14258 0.952152
2300 pop2 1.13404 0.945033
2400 pop1 1.13975 0.949794
2400 pop2 1.14453 0.953778
2500 pop1 1.14049 0.950406
2500 pop2 1.13872 0.948934
2600 pop1 1.1432 0.952671
2600 pop2 1.13829 0.948575
2700 pop1 1.13848 0.94873
2700 pop2 1.1445 0.953751
2800 pop1 1.15167 0.959727
2800 pop2 1.14219 0.951829
2900 pop1 1.1407 0.950582
2900 pop2 1.15004 0.958365
3000 pop1 1.14641 0.955338
3000 pop2 1.1456 0.95467
3100 pop1 1.13806 0.948384
3100 pop2 1.14593 0.954946
3200 pop1 1.13844 0.948698
3200 pop2 1.14246 0.95205
3300 pop1 1.14552 0.954604
3300 pop2 1.14369 0.953077
3400 pop1 1.13912 0.949267
3400 pop2 1.14887 0.957394
3500 pop1 1.14698 0.95582
3500 pop2 1.13818 0.94848
3600 pop1 1.14082 0.950685
3600 pop2 1.14358 0.95298
3700 pop1 1.13901 0.949177
3700 pop2 1.14355 0.952957
3800 pop1 1.1383 0.948582
3800 pop2 1.14411 0.953422
3900 pop1 1.15349 0.961244
3900 pop2 1.14251 0.952094
4000 pop1 1.14662 0.955519
4000 pop2 1.13533 0.946105
4100 pop1 1.13949 0.949578
4100 pop2 1.14627 0.955224
4200 pop1 1.14888 0.957402
4200 pop2 1.14293 0.952445
4300 pop1 1.1449 0.954086
4300 pop2 1.14166 0.951386
4400 pop1 1.14327 0.952727
4400 pop2 1.14161 0.951345
4500 pop1 1.13623 0.946856
4500 pop2 1.14301 0.952511
4600 pop1 1.14163 0.951356
4600 pop2 1.14581 0.954841
4700 pop1 1.14274 0.952282
4700 pop2 1.14506 0.954221
4800 pop1 1.14516 0.954296
4800 pop2 1.14388 0.953237
4900 pop1 1.13991 0.949925
4900 pop2 1.1452 0.954333
5000 pop1 1.13883 0.949027
5000 pop2 1.14984 0.958197
