1 pop1 1.0 0.833333
1 pop2 1.0 0.833333
100 pop1 1.12034 0.933619
100 pop2 1.1219 0.934914
200 pop1 1.12684 0.939035
200 pop2 1.12896 0.940796
300 pop1 1.12602 0.93835
300 pop2 1.12474 0.937286
400 pop1 1.11527 0.929396
400 pop2 1.12549 0.937911
500 pop1 1.12244 0.935364
500 pop2 1.12248 0.935403
600 pop1 1.12586 0.938219
600 pop2 1.11974 0.93312
700 pop1 1.12749 0.939577
700 pop2 1.12429 0.936906
800 pop1 1.1256 0.937998
800 pop2 1.12161 0.934679
900 pop1 1.12938 0.941148
900 pop2 1.1231 0.935918
1000 pop1 1.11619 0.930155
1000 pop2 1.12859 0.940489
1100 pop1 1.14863 0.957193
1100 pop2 1.12999 0.941657
1200 pop1 1.14615 0.955128
1200 pop2 1.14034 0.950286
1300 pop1 1.14121 0.951006
1300 pop2 1.14018 0.95015
1400 pop1 1.14829 0.956908
1400 pop2 1.13913 0.949272
1500 pop1 1.14943 0.95786
1500 pop2 1.13181 0.943178
1600 pop1 1.14328 0.952737
1600 pop2 1.14401 0.953342
1700 pop1 1.1444 0.953663
1700 pop2 1.14089 0.950745
1800 pop1 1.14237 0.951971
1800 pop2 1.13845 0.948712
1900 pop1 1.14793 0.956609
1900 pop2 1.1414 0.951167
2000 pop1 1.14935 0.957795
2000 pop2 1.14206 0.951719
2100 pop1 1.14188 0.951568
2100 pop2 1.1459 0.954914
2200 pop1 1.13905 0.949207
2200 pop2 1.13918 0.949313
2300 pop1 1.14535 0.954456
2300 pop2 1.1428 0.952333
2400 pop1 1.14364 0.953035
2400 pop2 1.13641 0.947011
2500 pop1 1.14693 0.955773
2500 pop2 1.13709 0.947577
2600 pop1 1.14355 0.952958
2600 pop2 1.14002 0.950019
2700 pop1 1.14463 0.95386
2700 pop2 1.14598 0.954987
2800 pop1 1.13779 0.948155
2800 pop2 1.13961 0.949677
2900 pop1 1.14477 0.953979
2900 pop2 1.14516 0.954303
3000 pop1 1.13507 0.945891
3000 pop2 1.15662 0.963848
3100 pop1 1.14062 0.950515
3100 pop2 1.14607 0.955057
3200 pop1 1.13716 0.947635
3200 pop2 1.14511 0.954255
3300 pop1 1.14025 0.950208
3300 pop2 1.14064 0.950532
3400 pop1 1.1325 0.943751
3400 pop2 1.14162 0.951351
3500 pop1 1.13844 0.948698
3500 pop2 1.14818 0.956816
3600 pop1 1.14149 0.951242
3600 pop2 1.14484 0.954037
3700 pop1 1.14791 0.956594
3700 pop2 1.13973 0.949779
3800 pop1 1.14645 0.955378
3800 pop2 1.14059 0.950489
3900 pop1 1.14115 0.950955
3900 pop2 1.14236 0.951963
4000 pop1 1.13623 0.946861
4000 pop2 1.15014 0.958446
4100 pop1 1.13606 0.946721
4100 pop2 1.15358 0.961315
4200 pop1 1.14617 0.955138
4200 pop2 1.1365 0.947082
4300 pop1 1.14342 0.952851
4300 pop2 1.14538 0.954481
4400 pop1 1.14696 0.955799
4400 pop2 1.13554 0.946286
4500 pop1 1.14622 0.955182
4500 pop2 1.13322 0.944353
4600 pop1 1.14842 0.95702
4600 pop2 1.13787 0.948225
4700 pop1 1.13732 0.947765
4700 pop2 1.14578 0.954819
4800 pop1 1.14393 0.953277
4800 pop2 1.14349 0.952909
4900 pop1 1.13984 0.949868
4900 pop2 1.15342 0.961179
5000 pop1 1.14797 0.956641
5000 pop2 1.13981 0.949843
