1 pop1 1.0 0.909091
1 pop2 1.0 0.909091
100 pop1 1.0833 0.984822
100 pop2 1.08435 0.985773
200 pop1 1.08352 0.985022
200 pop2 1.08091 0.98265
300 pop1 1.08389 0.98535
300 pop2 1.08508 0.986439
400 pop1 1.08455 0.985957
400 pop2 1.08274 0.984308
500 pop1 1.08314 0.984677
500 pop2 1.08073 0.982482
600 pop1 1.08267 0.984248
600 pop2 1.08477 0.986156
700 pop1 1.08041 0.982193
700 pop2 1.08125 0.982958
800 pop1 1.08688 0.988072
800 pop2 1.07947 0.981333
900 pop1 1.08381 0.985285
900 pop2 1.08439 0.985806
1000 pop1 1.08368 0.985168
1000 pop2 1.08426 0.985694
1100 pop1 1.08805 0.98914
1100 pop2 1.06129 0.964806
1200 pop1 1.08654 0.987761
1200 pop2 1.08595 0.987226
1300 pop1 1.08683 0.988026
1300 pop2 1.08459 0.985992
1400 pop1 1.08868 0.98971
1400 pop2 1.08233 0.983938
1500 pop1 1.08828 0.989346
1500 pop2 1.08384 0.985309
1600 pop1 1.08972 0.990659
1600 pop2 1.08715 0.98832
1700 pop1 1.08535 0.986682
1700 pop2 1.08062 0.982382
1800 pop1 1.086 0.987271
1800 pop2 1.08624 0.987491
1900 pop1 1.08673 0.987938
1900 pop2 1.08342 0.984932
2000 pop1 1.08624 0.987494
2000 pop2 1.08854 0.989585
2100 pop1 1.08464 0.986036
2100 pop2 1.08763 0.98875
2200 pop1 1.08837 0.989424
2200 pop2 1.08412 0.985562
2300 pop1 1.08338 0.984894
2300 pop2 1.08285 0.984407
2400 pop1 1.08367 0.985155
2400 pop2 1.08575 0.987048
2500 pop1 1.086 0.987274
2500 pop2 1.088 0.989091
2600 pop1 1.08334 0.984852
2600 pop2 1.08452 0.985927
2700 pop1 1.08569 0.986989
2700 pop2 1.0813 0.982997
2800 pop1 1.08524 0.986584
2800 pop2 1.08655 0.987774
2900 pop1 1.08497 0.986334
2900 pop2 1.08589 0.987169
3000 pop1 1.0857 0.987
3000 pop2 1.08668 0.987887
3100 pop1 1.08575 0.987046
3100 pop2 1.08278 0.984344
3200 pop1 1.0822 0.983815
3200 pop2 1.08365 0.985137
3300 pop1 1.08565 0.986954
3300 pop2 1.08383 0.985302
3400 pop1 1.08617 0.98743
3400 pop2 1.08343 0.984935
3500 pop1 1.08544 0.986762
3500 pop2 1.08568 0.986981
3600 pop1 1.08287 0.984429
3600 pop2 1.08776 0.988872
3700 pop1 1.08004 0.981858
3700 pop2 1.08519 0.986539
3800 pop1 1.08517 0.986517
3800 pop2 1.08538 0.98671
3900 pop1 1.08482 0.986204
3900 pop2 1.08495 0.986322
4000 pop1 1.08301 0.984554
4000 pop2 1.08584 0.987125
4100 pop1 1.08708 0.988252
4100 pop2 1.08717 0.988339
4200 pop1 1.08298 0.984529
4200 pop2 1.07946 0.981324
4300 pop1 1.08441 0.985827
4300 pop2 1.08529 0.986629
4400 pop1 1.08774 0.988856
4400 pop2 1.08503 0.986391
4500 pop1 1.08689 0.988079
4500 pop2 1.08635 0.987594
4600 pop1 1.08305 0.984593
4600 pop2 1.08706 0.988232
4700 pop1 1.08758 0.988713
4700 pop2 1.08261 0.984188
4800 pop1 1.08621 0.987461
4800 pop2 1.08685 0.988047
4900 pop1 1.08767 0.988791
4900 pop2 1.08224 0.983851
5000 pop1 1.08445 0.985859
5000 pop2 1.08739 0.988536
