1 pop1 1.0 0.833333
1 pop2 1.0 0.833333
100 pop1 1.06918 0.890987
100 pop2 1.08152 0.901264
200 pop1 1.07002 0.891685
200 pop2 1.07341 0.894509
300 pop1 1.06089 0.884077
300 pop2 1.06648 0.888735
400 pop1 1.07319 0.894328
400 pop2 1.0652 0.88767
500 pop1 1.07774 0.89812
500 pop2 1.05948 0.882904
600 pop1 1.07198 0.893313
600 pop2 1.0738 0.89483
700 pop1 1.07094 0.892447
700 pop2 1.06285 0.885708
800 pop1 1.07425 0.895209
800 pop2 1.07409 0.895072
900 pop1 1.06824 0.890202
900 pop2 1.08183 0.901524
1000 pop1 1.06894 0.890781
1000 pop2 1.08951 0.907928
1100 pop1 1.12973 0.941439
1100 pop2 1.11947 0.932893
1200 pop1 1.12649 0.938745
1200 pop2 1.11194 0.92662
1300 pop1 1.1181 0.93175
1300 pop2 1.12545 0.937871
1400 pop1 1.11353 0.927941
1400 pop2 1.12331 0.93609
1500 pop1 1.11952 0.932931
1500 pop2 1.12261 0.935512
1600 pop1 1.12183 0.934855
1600 pop2 1.1207 0.933918
1700 pop1 1.12591 0.938254
1700 pop2 1.11318 0.927649
1800 pop1 1.12939 0.941159
1800 pop2 1.11823 0.93186
1900 pop1 1.13272 0.943929
1900 pop2 1.1016 0.917998
2000 pop1 1.12527 0.937728
2000 pop2 1.11375 0.928122
2100 pop1 1.12894 0.940787
2100 pop2 1.12404 0.936702
2200 pop1 1.114 0.928333
2200 pop2 1.12833 0.940272
2300 pop1 1.12786 0.939887
2300 pop2 1.11798 0.931646
2400 pop1 1.12827 0.940221
2400 pop2 1.11427 0.928562
2500 pop1 1.13353 0.944607
2500 pop2 1.11359 0.927995
2600 pop1 1.11693 0.930773
2600 pop2 1.12478 0.93732
2700 pop1 1.13012 0.94177
2700 pop2 1.11529 0.92941
2800 pop1 1.12732 0.939434
2800 pop2 1.11714 0.93095
2900 pop1 1.12546 0.937884
2900 pop2 1.11849 0.932077
3000 pop1 1.12165 0.934712
3000 pop2 1.12549 0.937907
3100 pop1 1.11681 0.930673
3100 pop2 1.12427 0.936893
3200 pop1 1.12353 0.936275
3200 pop2 1.11993 0.933274
3300 pop1 1.13078 0.94232
3300 pop2 1.12092 0.934097
3400 pop1 1.11992 0.933267
3400 pop2 1.12031 0.933593
3500 pop1 1.12178 0.934816
3500 pop2 1.12197 0.934976
3600 pop1 1.12386 0.936549
3600 pop2 1.1168 0.930663
3700 pop1 1.12592 0.938271
3700 pop2 1.12061 0.933846
3800 pop1 1.13484 0.9457
3800 pop2 1.10762 0.923016
3900 pop1 1.13236 0.943633
3900 pop2 1.1149 0.929081
4000 pop1 1.1179 0.931581
4000 pop2 1.12749 0.939573
4100 pop1 1.12396 0.93663
4100 pop2 1.11364 0.928035
4200 pop1 1.12919 0.940988
4200 pop2 1.12164 0.9347
4300 pop1 1.11524 0.929363
4300 pop2 1.12426 0.936884
4400 pop1 1.1229 0.935748
4400 pop2 1.12534 0.937781
4500 pop1 1.11178 0.926481
4500 pop2 1.12311 0.935927
4600 pop1 1.12741 0.939506
4600 pop2 1.11635 0.930291
4700 pop1 1.13102 0.942519
4700 pop2 1.11363 0.928026
4800 pop1 1.12867 0.940556
4800 pop2 1.1137 0.928085
4900 pop1 1.11948 0.9329
4900 pop2 1.1141 0.92842
5000 pop1 1.12609 0.938405
5000 pop2 1.12246 0.935383
