1 pop1 1.0 0.980392
1 pop2 1.0 0.980392
100 pop1 0.999858 0.980253
100 pop2 1.00093 0.981302
200 pop1 1.00123 0.981594
200 pop2 1.00238 0.982726
300 pop1 0.997575 0.978015
300 pop2 1.00438 0.984686
400 pop1 0.996402 0.976865
400 pop2 1.00468 0.984983
500 pop1 0.995978 0.976449
500 pop2 1.00507 0.98536
600 pop1 0.998518 0.978939
600 pop2 1.00344 0.983763
700 pop1 0.997108 0.977556
700 pop2 1.00479 0.985084
800 pop1 0.997948 0.978381
800 pop2 1.00425 0.984561
900 pop1 0.993301 0.973824
900 pop2 1.00777 0.988011
1000 pop1 0.994821 0.975315
1000 pop2 1.00726 0.987512
1100 pop1 1.00306 0.983391
1100 pop2 0.999628 0.980028
1200 pop1 1.00334 0.983669
1200 pop2 1.00531 0.985595
1300 pop1 1.00496 0.985251
1300 pop2 1.00657 0.986831
1400 pop1 1.00544 0.985723
1400 pop2 1.01088 0.991063
1500 pop1 1.00589 0.986165
1500 pop2 1.01262 0.992762
1600 pop1 1.00511 0.985401
1600 pop2 1.0138 0.993923
1700 pop1 1.00524 0.985526
1700 pop2 1.01434 0.994446
1800 pop1 1.00503 0.985324
1800 pop2 1.01527 0.995365
1900 pop1 1.003 0.983336
1900 pop2 1.01683 0.996888
2000 pop1 1.00339 0.983718
2000 pop2 1.01704 0.997093
2100 pop1 1.00178 0.982137
2100 pop2 1.01771 0.997756
2200 pop1 1.00203 0.982383
2200 pop2 1.01848 0.998508
2300 pop1 1.00255 0.982891
2300 pop2 1.01711 0.997171
2400 pop1 1.00244 0.982782
2400 pop2 1.01764 0.997685
2500 pop1 1.00184 0.982195
2500 pop2 1.01842 0.998451
2600 pop1 1.00153 0.98189
2600 pop2 1.01885 0.998876
2700 pop1 1.00102 0.981392
2700 pop2 1.01877 0.998798
2800 pop1 1.00041 0.980799
2800 pop2 1.01958 0.999588
2900 pop1 1.00053 0.980912
2900 pop2 1.01963 0.999633
3000 pop1 1.0009 0.98127
3000 pop2 1.01927 0.999283
3100 pop1 1.00047 0.980854
3100 pop2 1.01979 0.99979
3200 pop1 1.00077 0.981147
3200 pop2 1.01952 0.999532
3300 pop1 1.00031 0.980696
3300 pop2 1.01964 0.999643
3400 pop1 1.00008 0.980475
3400 pop2 1.01991 0.999909
3500 pop1 1.00024 0.980629
3500 pop2 1.01964 0.999644
3600 pop1 1.00009 0.980479
3600 pop2 1.01991 0.999914
3700 pop1 1.00022 0.98061
3700 pop2 1.0198 0.999808
3800 pop1 0.999978 0.980371
3800 pop2 1.02004 1.00004
3900 pop1 1.00052 0.980903
3900 pop2 1.01973 0.999731
4000 pop1 1.00026 0.980645
4000 pop2 1.01977 0.999777
4100 pop1 1.00018 0.980571
4100 pop2 1.0199 0.999901
4200 pop1 1.00035 0.980736
4200 pop2 1.01934 0.999354
4300 pop1 1.00137 0.981731
4300 pop2 1.01893 0.998947
4400 pop1 1.00094 0.981317
4400 pop2 1.01893 0.998952
4500 pop1 1.00049 0.980877
4500 pop2 1.0195 0.999509
4600 pop1 1.00044 0.980824
4600 pop2 1.0197 0.999707
4700 pop1 1.00035 0.980738
4700 pop2 1.01963 0.999635
4800 pop1 1.00025 0.980634
4800 pop2 1.01976 0.999766
4900 pop1 1.00018 0.980567
4900 pop2 1.01983 0.999833
5000 pop1 1.00009 0.98048
5000 pop2 1.01997 0.999968
