1 pop1 1.0 0.909091
1 pop2 1.0 0.909091
100 pop1 1.08381 0.985281
100 pop2 1.08377 0.985244
200 pop1 1.08455 0.985954
200 pop2 1.08606 0.987328
300 pop1 1.07984 0.981674
300 pop2 1.08899 0.989986
400 pop1 1.08221 0.983827
400 pop2 1.08194 0.983582
500 pop1 1.08167 0.983341
500 pop2 1.0852 0.986545
600 pop1 1.07942 0.981289
600 pop2 1.08168 0.983348
700 pop1 1.08364 0.985127
700 pop2 1.08293 0.984481
800 pop1 1.0851 0.986451
800 pop2 1.08358 0.985072
900 pop1 1.07952 0.981381
900 pop2 1.07845 0.980412
1000 pop1 1.083 0.984548
1000 pop2 1.08592 0.987198
1100 pop1 1.08904 0.990041
1100 pop2 1.05514 0.959216
1200 pop1 1.08744 0.988582
1200 pop2 1.08448 0.98589
1300 pop1 1.08137 0.983068
1300 pop2 1.08648 0.987713
1400 pop1 1.08879 0.989805
1400 pop2 1.08651 0.987732
1500 pop1 1.08431 0.985733
1500 pop2 1.08124 0.982944
1600 pop1 1.08197 0.983607
1600 pop2 1.08812 0.989203
1700 pop1 1.0873 0.988452
1700 pop2 1.08522 0.986563
1800 pop1 1.08705 0.988225
1800 pop2 1.08442 0.985841
1900 pop1 1.0855 0.986821
1900 pop2 1.08288 0.984438
2000 pop1 1.08748 0.988619
2000 pop2 1.08419 0.985627
2100 pop1 1.08336 0.984872
2100 pop2 1.08343 0.984939
2200 pop1 1.08528 0.986622
2200 pop2 1.08135 0.983042
2300 pop1 1.08378 0.985253
2300 pop2 1.08354 0.985032
2400 pop1 1.08587 0.987155
2400 pop2 1.08505 0.986408
2500 pop1 1.08538 0.986708
2500 pop2 1.08454 0.985944
2600 pop1 1.08527 0.986614
2600 pop2 1.08287 0.984427
2700 pop1 1.08356 0.985053
2700 pop2 1.08492 0.986289
2800 pop1 1.08576 0.98705
2800 pop2 1.08717 0.988335
2900 pop1 1.08295 0.984502
2900 pop2 1.08528 0.986619
3000 pop1 1.08569 0.986994
3000 pop2 1.08519 0.986537
3100 pop1 1.08282 0.984381
3100 pop2 1.08856 0.989599
3200 pop1 1.08417 0.985611
3200 pop2 1.08571 0.987011
3300 pop1 1.08209 0.983718
3300 pop2 1.08463 0.986028
3400 pop1 1.08603 0.9873
3400 pop2 1.08249 0.984079
3500 pop1 1.08509 0.986442
3500 pop2 1.07983 0.981661
3600 pop1 1.08714 0.988311
3600 pop2 1.08438 0.985801
3700 pop1 1.08586 0.987149
3700 pop2 1.08559 0.9869
3800 pop1 1.08731 0.988467
3800 pop2 1.08278 0.984347
3900 pop1 1.0859 0.98718
3900 pop2 1.08763 0.988753
4000 pop1 1.08403 0.98548
4000 pop2 1.08666 0.987873
4100 pop1 1.07899 0.980897
4100 pop2 1.08548 0.986803
4200 pop1 1.08457 0.98597
4200 pop2 1.08666 0.987877
4300 pop1 1.08409 0.985538
4300 pop2 1.0835 0.985002
4400 pop1 1.08584 0.98713
4400 pop2 1.08691 0.988101
4500 pop1 1.08719 0.988353
4500 pop2 1.08272 0.984288
4600 pop1 1.08489 0.986263
4600 pop2 1.08428 0.985711
4700 pop1 1.08599 0.987266
4700 pop2 1.08583 0.987115
4800 pop1 1.07946 0.981326
4800 pop2 1.08533 0.986667
4900 pop1 1.08235 0.983954
4900 pop2 1.08788 0.988982
5000 pop1 1.08597 0.987246
5000 pop2 1.08548 0.986803
