1 pop1 1.0 0.833333
1 pop2 1.0 0.833333
100 pop1 1.11491 0.929088
100 pop2 1.1189 0.932416
200 pop1 1.12163 0.934691
200 pop2 1.11778 0.931486
300 pop1 1.12905 0.940873
300 pop2 1.11569 0.929738
400 pop1 1.11955 0.932956
400 pop2 1.12526 0.937717
500 pop1 1.10997 0.924977
500 pop2 1.12208 0.93507
600 pop1 1.13021 0.941844
600 pop2 1.12421 0.936844
700 pop1 1.12548 0.937901
700 pop2 1.12752 0.939601
800 pop1 1.11876 0.932302
800 pop2 1.12557 0.937971
900 pop1 1.11595 0.929956
900 pop2 1.12042 0.933679
1000 pop1 1.12468 0.937232
1000 pop2 1.12903 0.940858
1100 pop1 1.14336 0.952797
1100 pop2 1.13367 0.944725
1200 pop1 1.13265 0.943871
1200 pop2 1.14506 0.954217
1300 pop1 1.14636 0.955303
1300 pop2 1.14782 0.956514
1400 pop1 1.1446 0.95383
1400 pop2 1.1429 0.95242
1500 pop1 1.14254 0.952119
1500 pop2 1.14317 0.952645
1600 pop1 1.14641 0.955342
1600 pop2 1.14159 0.951325
1700 pop1 1.14827 0.956893
1700 pop2 1.14339 0.952829
1800 pop1 1.13933 0.949438
1800 pop2 1.15096 0.959136
1900 pop1 1.1457 0.954751
1900 pop2 1.14017 0.950139
2000 pop1 1.14703 0.955859
2000 pop2 1.14019 0.950159
2100 pop1 1.14688 0.955737
2100 pop2 1.14009 0.950076
2200 pop1 1.14602 0.955013
2200 pop2 1.1427 0.952247
2300 pop1 1.14533 0.954442
2300 pop2 1.14133 0.951107
2400 pop1 1.14166 0.95138
2400 pop2 1.14457 0.95381
2500 pop1 1.15216 0.960137
2500 pop2 1.13525 0.946038
2600 pop1 1.14344 0.952864
2600 pop2 1.14183 0.951527
2700 pop1 1.13927 0.94939
2700 pop2 1.14247 0.95206
2800 pop1 1.14037 0.950308
2800 pop2 1.14137 0.951139
2900 pop1 1.14221 0.951842
2900 pop2 1.14542 0.954521
3000 pop1 1.146 0.955002
3000 pop2 1.13871 0.948927
3100 pop1 1.14035 0.950291
3100 pop2 1.14797 0.956646
3200 pop1 1.13689 0.947411
3200 pop2 1.14696 0.955804
3300 pop1 1.1511 0.959248
3300 pop2 1.14147 0.951227
3400 pop1 1.14979 0.958159
3400 pop2 1.14035 0.950289
3500 pop1 1.13946 0.949552
3500 pop2 1.14644 0.955366
3600 pop1 1.1484 0.957004
3600 pop2 1.13286 0.944053
3700 pop1 1.14524 0.954365
3700 pop2 1.14355 0.952962
3800 pop1 1.14124 0.951037
3800 pop2 1.14351 0.952924
3900 pop1 1.14878 0.957317
3900 pop2 1.12905 0.940875
4000 pop1 1.14244 0.95203
4000 pop2 1.13686 0.947387
4100 pop1 1.13819 0.948489
4100 pop2 1.15187 0.959888
4200 pop1 1.14715 0.955959
4200 pop2 1.13678 0.947321
4300 pop1 1.14183 0.951525
4300 pop2 1.13866 0.948882
4400 pop1 1.13833 0.948612
4400 pop2 1.14496 0.954135
4500 pop1 1.14634 0.955279
4500 pop2 1.13695 0.947461
4600 pop1 1.14471 0.953925
4600 pop2 1.13653 0.947106
4700 pop1 1.14471 0.953923
4700 pop2 1.14255 0.952124
4800 pop1 1.1432 0.952671
4800 pop2 1.14565 0.95471
4900 pop1 1.145 0.954168
4900 pop2 1.14 0.950004
5000 pop1 1.1364 0.947003
5000 pop2 1.14666 0.955548
