1 pop1 1.0 0.980392
1 pop2 1.0 0.980392
100 pop1 1.00467 0.984971
100 pop2 0.998189 0.978616
200 pop1 1.0037 0.984018
200 pop2 0.997887 0.978321
300 pop1 1.00307 0.983405
300 pop2 0.998879 0.979293
400 pop1 1.00486 0.985157
400 pop2 0.998901 0.979315
500 pop1 1.00379 0.984104
500 pop2 0.99834 0.978764
600 pop1 1.00323 0.98356
600 pop2 0.998814 0.979229
700 pop1 1.00008 0.980475
700 pop2 1.00135 0.981716
800 pop1 1.00074 0.981115
800 pop2 1.00009 0.980476
900 pop1 1.00073 0.981107
900 pop2 0.999537 0.979938
1000 pop1 1.0033 0.983632
1000 pop2 0.999692 0.98009
1100 pop1 1.0094 0.989612
1100 pop2 0.996649 0.977107
1200 pop1 1.01169 0.991856
1200 pop2 0.999794 0.98019
1300 pop1 1.0143 0.99441
1300 pop2 1.00055 0.980931
1400 pop1 1.01393 0.994049
1400 pop2 0.999918 0.980312
1500 pop1 1.01351 0.993634
1500 pop2 1.00299 0.983321
1600 pop1 1.01279 0.992932
1600 pop2 1.00522 0.985513
1700 pop1 1.0117 0.991865
1700 pop2 1.0072 0.987452
1800 pop1 1.01196 0.992117
1800 pop2 1.00759 0.987832
1900 pop1 1.01186 0.99202
1900 pop2 1.00765 0.987891
2000 pop1 1.01049 0.990673
2000 pop2 1.00906 0.989273
2100 pop1 1.00812 0.988351
2100 pop2 1.0126 0.992746
2200 pop1 1.00619 0.986457
2200 pop2 1.01297 0.993113
2300 pop1 1.00587 0.986145
2300 pop2 1.01462 0.994723
2400 pop1 1.0075 0.987747
2400 pop2 1.01356 0.993688
2500 pop1 1.00786 0.988098
2500 pop2 1.01307 0.99321
2600 pop1 1.00741 0.987657
2600 pop2 1.01355 0.993678
2700 pop1 1.00699 0.987241
2700 pop2 1.01323 0.993363
2800 pop1 1.00718 0.987435
2800 pop2 1.01332 0.993448
2900 pop1 1.00809 0.988321
2900 pop2 1.0119 0.992058
3000 pop1 1.00962 0.989821
3000 pop2 1.01098 0.991152
3100 pop1 1.01037 0.990554
3100 pop2 1.00966 0.989859
3200 pop1 1.00976 0.98996
3200 pop2 1.00961 0.989817
3300 pop1 1.01023 0.990417
3300 pop2 1.01027 0.990457
3400 pop1 1.01217 0.992326
3400 pop2 1.00909 0.989299
3500 pop1 1.01019 0.990386
3500 pop2 1.01038 0.990573
3600 pop1 1.00873 0.988955
3600 pop2 1.01199 0.992143
3700 pop1 1.00766 0.987898
3700 pop2 1.01283 0.992966
3800 pop1 1.00586 0.98614
3800 pop2 1.01464 0.994748
3900 pop1 1.00469 0.984986
3900 pop2 1.01573 0.995817
4000 pop1 1.00416 0.984472
4000 pop2 1.01603 0.996109
4100 pop1 1.00596 0.98624
4100 pop2 1.01455 0.99466
4200 pop1 1.0042 0.984506
4200 pop2 1.01584 0.995923
4300 pop1 1.00498 0.985279
4300 pop2 1.01549 0.995578
4400 pop1 1.00516 0.985455
4400 pop2 1.01607 0.99615
4500 pop1 1.00608 0.986348
4500 pop2 1.01541 0.995504
4600 pop1 1.00581 0.986092
4600 pop2 1.015 0.995094
4700 pop1 1.00548 0.985768
4700 pop2 1.0152 0.995296
4800 pop1 1.00522 0.985511
4800 pop2 1.015 0.995095
4900 pop1 1.00536 0.985649
4900 pop2 1.01502 0.995113
5000 pop1 1.00744 0.987686
5000 pop2 1.01261 0.992752
