1 pop1 1.0 0.980392
1 pop2 1.0 0.980392
100 pop1 1.00101 0.981386
100 pop2 1.00037 0.980751
200 pop1 1.00105 0.981422
200 pop2 1.00013 0.980516
300 pop1 0.999216 0.979624
300 pop2 1.00167 0.982029
400 pop1 0.996318 0.976783
400 pop2 1.00427 0.98458
500 pop1 0.99778 0.978216
500 pop2 1.00387 0.984188
600 pop1 0.995582 0.976061
600 pop2 1.00545 0.98574
700 pop1 0.995073 0.975562
700 pop2 1.00591 0.986188
800 pop1 0.994858 0.975351
800 pop2 1.00515 0.985443
900 pop1 0.993001 0.973531
900 pop2 1.00807 0.988302
1000 pop1 0.990657 0.971232
1000 pop2 1.00954 0.989745
1100 pop1 0.996606 0.977065
1100 pop2 1.00267 0.983013
1200 pop1 1.0003 0.98069
1200 pop2 1.00702 0.987271
1300 pop1 1.00036 0.98075
1300 pop2 1.01206 0.992219
1400 pop1 1.00209 0.982439
1400 pop2 1.01314 0.993275
1500 pop1 1.00437 0.984681
1500 pop2 1.01299 0.993126
1600 pop1 1.00292 0.983256
1600 pop2 1.01622 0.996298
1700 pop1 1.00339 0.983718
1700 pop2 1.0156 0.995691
1800 pop1 1.00326 0.983587
1800 pop2 1.01621 0.99628
1900 pop1 1.0036 0.983924
1900 pop2 1.01548 0.995572
2000 pop1 1.00386 0.984176
2000 pop2 1.01519 0.995287
2100 pop1 1.00263 0.98297
2100 pop2 1.01689 0.996955
2200 pop1 1.00067 0.981045
2200 pop2 1.0189 0.998926
2300 pop1 1.00056 0.980945
2300 pop2 1.01948 0.999486
2400 pop1 1.00031 0.980701
2400 pop2 1.01953 0.999541
2500 pop1 1.0006 0.980976
2500 pop2 1.01915 0.999165
2600 pop1 1.00047 0.980856
2600 pop2 1.0195 0.999509
2700 pop1 1.0006 0.980981
2700 pop2 1.01923 0.99925
2800 pop1 1.00065 0.981032
2800 pop2 1.0192 0.999218
2900 pop1 1.00042 0.980807
2900 pop2 1.01936 0.999374
3000 pop1 1.00001 0.980398
3000 pop2 1.01998 0.999981
3100 pop1 1.00017 0.980556
3100 pop2 1.01998 0.999979
3200 pop1 1.00001 0.980403
3200 pop2 1.02002 1.00002
3300 pop1 1.00031 0.9807
3300 pop2 1.01961 0.999621
3400 pop1 1.00019 0.980578
3400 pop2 1.0197 0.99971
3500 pop1 1.00008 0.980468
3500 pop2 1.01994 0.999938
3600 pop1 0.999913 0.980306
3600 pop2 1.02011 1.00011
3700 pop1 0.999912 0.980306
3700 pop2 1.02011 1.00011
3800 pop1 0.999912 0.980306
3800 pop2 1.02011 1.00011
3900 pop1 0.999912 0.980306
3900 pop2 1.02011 1.00011
4000 pop1 0.999913 0.980306
4000 pop2 1.02011 1.00011
4100 pop1 0.999912 0.980306
4100 pop2 1.02011 1.00011
4200 pop1 0.999912 0.980306
4200 pop2 1.02011 1.00011
4300 pop1 0.999912 0.980306
4300 pop2 1.02011 1.00011
4400 pop1 0.999912 0.980306
4400 pop2 1.02011 1.00011
4500 pop1 0.999912 0.980306
4500 pop2 1.02011 1.00011
4600 pop1 0.999912 0.980306
4600 pop2 1.02011 1.00011
4700 pop1 0.999911 0.980305
4700 pop2 1.02011 1.00011
4800 pop1 0.99991 0.980304
4800 pop2 1.02011 1.00011
4900 pop1 0.99991 0.980304
4900 pop2 1.02011 1.00011
5000 pop1 0.999911 0.980305
5000 pop2 1.02011 1.00011
