1 pop1 1.0 0.909091
1 pop2 1.0 0.909091
100 pop1 1.0226 0.929635
100 pop2 1.0135 0.921361
200 pop1 1.01643 0.924024
200 pop2 1.01739 0.924904
300 pop1 1.01092 0.919017
300 pop2 1.01659 0.924175
400 pop1 1.00699 0.915449
400 pop2 1.02102 0.928197
500 pop1 1.01259 0.920537
500 pop2 1.0169 0.924459
600 pop1 1.02202 0.929105
600 pop2 1.00953 0.917753
700 pop1 1.01778 0.925255
700 pop2 1.01652 0.924113
800 pop1 1.01198 0.919983
800 pop2 1.0148 0.922547
900 pop1 1.01032 0.918472
900 pop2 1.02278 0.929797
1000 pop1 1.00785 0.916229
1000 pop2 1.02432 0.931199
1100 pop1 1.06079 0.964354
1100 pop2 1.03434 0.94031
1200 pop1 1.05112 0.955564
1200 pop2 1.05396 0.958149
1300 pop1 1.04917 0.953793
1300 pop2 1.05889 0.962629
1400 pop1 1.05176 0.956144
1400 pop2 1.05726 0.961143
1500 pop1 1.05284 0.95713
1500 pop2 1.05826 0.962051
1600 pop1 1.05521 0.959279
1600 pop2 1.05475 0.958865
1700 pop1 1.05339 0.957628
1700 pop2 1.05472 0.958832
1800 pop1 1.05351 0.957738
1800 pop2 1.05803 0.961842
1900 pop1 1.06002 0.963657
1900 pop2 1.05005 0.954593
2000 pop1 1.06216 0.9656
2000 pop2 1.04998 0.954525
2100 pop1 1.06925 0.972048
2100 pop2 1.0415 0.946817
2200 pop1 1.06279 0.966177
2200 pop2 1.04766 0.952414
2300 pop1 1.05915 0.962867
2300 pop2 1.04976 0.954326
2400 pop1 1.05496 0.959052
2400 pop2 1.05419 0.958354
2500 pop1 1.05054 0.955038
2500 pop2 1.06009 0.963721
2600 pop1 1.04882 0.95347
2600 pop2 1.05926 0.962965
2700 pop1 1.05672 0.960653
2700 pop2 1.0534 0.957639
2800 pop1 1.06211 0.965554
2800 pop2 1.04874 0.9534
2900 pop1 1.06535 0.968501
2900 pop2 1.0447 0.94973
3000 pop1 1.06864 0.971495
3000 pop2 1.04381 0.948917
3100 pop1 1.07186 0.974419
3100 pop2 1.03945 0.944958
3200 pop1 1.06617 0.969245
3200 pop2 1.04136 0.946687
3300 pop1 1.06418 0.967434
3300 pop2 1.04791 0.952645
3400 pop1 1.06419 0.967441
3400 pop2 1.043 0.948186
3500 pop1 1.06575 0.968862
3500 pop2 1.04521 0.950192
3600 pop1 1.06272 0.966106
3600 pop2 1.04551 0.950467
3700 pop1 1.06434 0.967577
3700 pop2 1.04843 0.953118
3800 pop1 1.06006 0.963695
3800 pop2 1.05026 0.95478
3900 pop1 1.05545 0.959498
3900 pop2 1.05627 0.960247
4000 pop1 1.05854 0.962312
4000 pop2 1.0522 0.956543
4100 pop1 1.05455 0.958685
4100 pop2 1.0556 0.959637
4200 pop1 1.05419 0.958351
4200 pop2 1.05562 0.959656
4300 pop1 1.05253 0.956845
4300 pop2 1.05793 0.961752
4400 pop1 1.04891 0.953552
4400 pop2 1.06194 0.965403
4500 pop1 1.05983 0.963478
4500 pop2 1.05275 0.957046
4600 pop1 1.05754 0.961399
4600 pop2 1.05429 0.958448
4700 pop1 1.05765 0.9615
4700 pop2 1.05007 0.954609
4800 pop1 1.05679 0.960718
4800 pop2 1.05461 0.958735
4900 pop1 1.05539 0.959442
4900 pop2 1.05809 0.961897
5000 pop1 1.05992 0.963565
5000 pop2 1.05176 0.956146
