1 pop1 1.0 0.833333
1 pop2 1.0 0.833333
100 pop1 1.06659 0.888821
100 pop2 1.08172 0.90143
200 pop1 1.07534 0.896116
200 pop2 1.07545 0.896211
300 pop1 1.07493 0.895777
300 pop2 1.0683 0.890249
400 pop1 1.08218 0.901819
400 pop2 1.0598 0.883165
500 pop1 1.07387 0.894894
500 pop2 1.06795 0.889959
600 pop1 1.07168 0.893067
600 pop2 1.07606 0.896713
700 pop1 1.06475 0.887295
700 pop2 1.07623 0.896856
800 pop1 1.07505 0.895876
800 pop2 1.0671 0.88925
900 pop1 1.06885 0.890711
900 pop2 1.06585 0.888207
1000 pop1 1.08098 0.900816
1000 pop2 1.0652 0.887663
1100 pop1 1.10087 0.917388
1100 pop2 1.13096 0.942464
1200 pop1 1.09459 0.91216
1200 pop2 1.14626 0.955218
1300 pop1 1.09308 0.910904
1300 pop2 1.13884 0.949032
1400 pop1 1.1026 0.918837
1400 pop2 1.13589 0.946572
1500 pop1 1.10567 0.921391
1500 pop2 1.12735 0.939456
1600 pop1 1.11244 0.927032
1600 pop2 1.1261 0.93842
1700 pop1 1.11251 0.927094
1700 pop2 1.12924 0.941034
1800 pop1 1.12447 0.937062
1800 pop2 1.12593 0.938277
1900 pop1 1.13149 0.942904
1900 pop2 1.11571 0.929755
2000 pop1 1.12662 0.938848
2000 pop2 1.12371 0.936428
2100 pop1 1.1339 0.944914
2100 pop2 1.11114 0.925952
2200 pop1 1.12355 0.936291
2200 pop2 1.11839 0.931989
2300 pop1 1.12781 0.939846
2300 pop2 1.11598 0.929982
2400 pop1 1.12978 0.94148
2400 pop2 1.11279 0.927327
2500 pop1 1.12347 0.936227
2500 pop2 1.11772 0.931437
2600 pop1 1.12576 0.93813
2600 pop2 1.12045 0.933712
2700 pop1 1.11258 0.927146
2700 pop2 1.12853 0.940442
2800 pop1 1.12201 0.935011
2800 pop2 1.12138 0.934479
2900 pop1 1.13036 0.941963
2900 pop2 1.11538 0.929483
3000 pop1 1.12475 0.937293
3000 pop2 1.11644 0.930363
3100 pop1 1.12628 0.93857
3100 pop2 1.12355 0.936292
3200 pop1 1.12341 0.936178
3200 pop2 1.12046 0.933715
3300 pop1 1.11593 0.92994
3300 pop2 1.12171 0.934758
3400 pop1 1.12668 0.938902
3400 pop2 1.12016 0.933466
3500 pop1 1.12305 0.935874
3500 pop2 1.1248 0.937332
3600 pop1 1.12297 0.935806
3600 pop2 1.12256 0.935466
3700 pop1 1.12615 0.938462
3700 pop2 1.11817 0.931811
3800 pop1 1.1322 0.943504
3800 pop2 1.11161 0.926339
3900 pop1 1.12209 0.935075
3900 pop2 1.12424 0.936863
4000 pop1 1.11504 0.929201
4000 pop2 1.12707 0.939222
4100 pop1 1.12099 0.934159
4100 pop2 1.12134 0.934451
4200 pop1 1.12457 0.937144
4200 pop2 1.11806 0.931713
4300 pop1 1.13094 0.942449
4300 pop2 1.111 0.925834
4400 pop1 1.13067 0.942225
4400 pop2 1.1184 0.932001
4500 pop1 1.12956 0.9413
4500 pop2 1.11364 0.928031
4600 pop1 1.1207 0.933913
4600 pop2 1.12286 0.935714
4700 pop1 1.12576 0.938135
4700 pop2 1.1177 0.931416
4800 pop1 1.12514 0.937618
4800 pop2 1.11738 0.931147
4900 pop1 1.12803 0.940023
4900 pop2 1.11609 0.930075
5000 pop1 1.12657 0.938804
5000 pop2 1.1169 0.930747
