1 pop1 1.0 0.833333
1 pop2 1.0 0.833333
100 pop1 1.07884 0.89903
100 pop2 1.05688 0.880734
200 pop1 1.06121 0.884339
200 pop2 1.07781 0.898178
300 pop1 1.07212 0.893431
300 pop2 1.07423 0.895188
400 pop1 1.06704 0.889196
400 pop2 1.07644 0.897032
500 pop1 1.0578 0.881499
500 pop2 1.07621 0.89684
600 pop1 1.06697 0.889142
600 pop2 1.07756 0.897966
700 pop1 1.07438 0.895313
700 pop2 1.06822 0.890183
800 pop1 1.07059 0.892155
800 pop2 1.0724 0.89367
900 pop1 1.07284 0.894034
900 pop2 1.06669 0.888908
1000 pop1 1.08551 0.904591
1000 pop2 1.06252 0.885435
1100 pop1 1.13078 0.942313
1100 pop2 1.10451 0.920425
1200 pop1 1.131 0.9425
1200 pop2 1.11547 0.929555
1300 pop1 1.13441 0.945342
1300 pop2 1.11165 0.926373
1400 pop1 1.12859 0.940495
1400 pop2 1.1171 0.930913
1500 pop1 1.12111 0.934257
1500 pop2 1.12198 0.934982
1600 pop1 1.11166 0.926381
1600 pop2 1.12704 0.939199
1700 pop1 1.11548 0.929563
1700 pop2 1.12847 0.94039
1800 pop1 1.12106 0.934217
1800 pop2 1.12265 0.935543
1900 pop1 1.12147 0.934556
1900 pop2 1.12834 0.94028
2000 pop1 1.12998 0.941649
2000 pop2 1.11542 0.929515
2100 pop1 1.12562 0.938017
2100 pop2 1.11672 0.930604
2200 pop1 1.13161 0.943008
2200 pop2 1.11808 0.931733
2300 pop1 1.12945 0.941205
2300 pop2 1.11894 0.932453
2400 pop1 1.11709 0.930909
2400 pop2 1.12449 0.937077
2500 pop1 1.12819 0.940158
2500 pop2 1.11019 0.925161
2600 pop1 1.11699 0.930826
2600 pop2 1.12305 0.935873
2700 pop1 1.11943 0.932861
2700 pop2 1.12831 0.940262
2800 pop1 1.12633 0.938611
2800 pop2 1.12221 0.935173
2900 pop1 1.11912 0.932602
2900 pop2 1.1289 0.940752
3000 pop1 1.11953 0.932938
3000 pop2 1.12433 0.936939
3100 pop1 1.12542 0.937853
3100 pop2 1.12308 0.935898
3200 pop1 1.11949 0.932911
3200 pop2 1.12448 0.937065
3300 pop1 1.12574 0.938115
3300 pop2 1.11883 0.932359
3400 pop1 1.12823 0.940193
3400 pop2 1.11764 0.931365
3500 pop1 1.12758 0.939649
3500 pop2 1.11815 0.931795
3600 pop1 1.12133 0.934439
3600 pop2 1.12087 0.934057
3700 pop1 1.12832 0.94027
3700 pop2 1.12125 0.934379
3800 pop1 1.13021 0.941844
3800 pop2 1.11142 0.926187
3900 pop1 1.12591 0.938262
3900 pop2 1.11626 0.930214
4000 pop1 1.12622 0.93852
4000 pop2 1.1188 0.932332
4100 pop1 1.1309 0.942414
4100 pop2 1.11346 0.927882
4200 pop1 1.12846 0.940384
4200 pop2 1.12082 0.934013
4300 pop1 1.1272 0.939333
4300 pop2 1.11354 0.927951
4400 pop1 1.12937 0.941139
4400 pop2 1.11842 0.93202
4500 pop1 1.12268 0.935567
4500 pop2 1.12279 0.935662
4600 pop1 1.12534 0.937779
4600 pop2 1.11451 0.928758
4700 pop1 1.12822 0.940179
4700 pop2 1.11156 0.926299
4800 pop1 1.13234 0.943619
4800 pop2 1.11161 0.926339
4900 pop1 1.1204 0.933668
4900 pop2 1.11883 0.932362
5000 pop1 1.1225 0.935415
5000 pop2 1.11782 0.931514
