1 pop1 1.0 0.909091
1 pop2 1.0 0.909091
100 pop1 1.03126 0.937506
100 pop2 1.03443 0.94039
200 pop1 1.03195 0.938138
200 pop2 1.0366 0.942361
300 pop1 1.03502 0.940929
300 pop2 1.03888 0.944436
400 pop1 1.03673 0.942481
400 pop2 1.03376 0.939779
500 pop1 1.03497 0.940881
500 pop2 1.03695 0.942684
600 pop1 1.03266 0.938784
600 pop2 1.0317 0.93791
700 pop1 1.03731 0.943013
700 pop2 1.03343 0.939485
800 pop1 1.03501 0.940916
800 pop2 1.03925 0.94477
900 pop1 1.03521 0.941102
900 pop2 1.03489 0.940808
1000 pop1 1.03401 0.940012
1000 pop2 1.03257 0.9387
1100 pop1 1.06625 0.969314
1100 pop2 1.04285 0.948048
1200 pop1 1.05736 0.961239
1200 pop2 1.06051 0.9641
1300 pop1 1.05661 0.960552
1300 pop2 1.06137 0.96488
1400 pop1 1.05414 0.958305
1400 pop2 1.06837 0.971247
1500 pop1 1.05299 0.95726
1500 pop2 1.06771 0.97065
1600 pop1 1.05897 0.962696
1600 pop2 1.06163 0.965115
1700 pop1 1.05245 0.956775
1700 pop2 1.0677 0.97064
1800 pop1 1.05784 0.961671
1800 pop2 1.06312 0.966475
1900 pop1 1.05994 0.96358
1900 pop2 1.06178 0.965252
2000 pop1 1.06514 0.968309
2000 pop2 1.05501 0.959096
2100 pop1 1.06407 0.967333
2100 pop2 1.05732 0.961202
2200 pop1 1.0571 0.961003
2200 pop2 1.06459 0.967809
2300 pop1 1.05609 0.960084
2300 pop2 1.06738 0.970341
2400 pop1 1.05701 0.960916
2400 pop2 1.06842 0.971294
2500 pop1 1.06099 0.964539
2500 pop2 1.06334 0.966669
2600 pop1 1.06324 0.966581
2600 pop2 1.06059 0.964174
2700 pop1 1.0612 0.964727
2700 pop2 1.05754 0.961402
2800 pop1 1.0574 0.961277
2800 pop2 1.06518 0.968342
2900 pop1 1.06258 0.965983
2900 pop2 1.0632 0.966547
3000 pop1 1.06878 0.971623
3000 pop2 1.05457 0.958703
3100 pop1 1.0625 0.965908
3100 pop2 1.05909 0.962807
3200 pop1 1.06794 0.970855
3200 pop2 1.05498 0.959074
3300 pop1 1.06197 0.965431
3300 pop2 1.05557 0.959605
3400 pop1 1.0623 0.965728
3400 pop2 1.05921 0.962917
3500 pop1 1.06328 0.966621
3500 pop2 1.06241 0.965825
3600 pop1 1.06043 0.96403
3600 pop2 1.06223 0.96566
3700 pop1 1.06413 0.967393
3700 pop2 1.05598 0.959986
3800 pop1 1.06299 0.966355
3800 pop2 1.06068 0.964252
3900 pop1 1.05537 0.95943
3900 pop2 1.06167 0.96515
4000 pop1 1.06196 0.965416
4000 pop2 1.05959 0.963265
4100 pop1 1.06492 0.968105
4100 pop2 1.06052 0.964112
4200 pop1 1.06645 0.9695
4200 pop2 1.0593 0.963
4300 pop1 1.05782 0.961658
4300 pop2 1.06376 0.967058
4400 pop1 1.06026 0.963875
4400 pop2 1.06061 0.964188
4500 pop1 1.05638 0.960346
4500 pop2 1.0605 0.964095
4600 pop1 1.05616 0.960146
4600 pop2 1.06961 0.972371
4700 pop1 1.05455 0.958681
4700 pop2 1.06551 0.968644
4800 pop1 1.05896 0.962695
4800 pop2 1.06248 0.965895
4900 pop1 1.05816 0.961963
4900 pop2 1.06119 0.964719
5000 pop1 1.06099 0.964533
5000 pop2 1.0613 0.964817
