1 pop1 1.0 0.909091
1 pop2 1.0 0.909091
100 pop1 1.04116 0.946506
100 pop2 1.04081 0.946194
200 pop1 1.04723 0.952026
200 pop2 1.03692 0.942659
300 pop1 1.0426 0.947816
300 pop2 1.03841 0.944005
400 pop1 1.04418 0.949251
400 pop2 1.03273 0.938843
500 pop1 1.03269 0.938807
500 pop2 1.04504 0.950032
600 pop1 1.03873 0.944302
600 pop2 1.0452 0.950182
700 pop1 1.0462 0.95109
700 pop2 1.03219 0.938353
800 pop1 1.04195 0.947226
800 pop2 1.0409 0.946274
900 pop1 1.04192 0.947201
900 pop2 1.03929 0.944805
1000 pop1 1.04919 0.95381
1000 pop2 1.03504 0.940948
1100 pop1 1.09 0.990911
1100 pop2 0.967525 0.879568
1200 pop1 1.09758 0.997802
1200 pop2 0.981371 0.892156
1300 pop1 1.10186 1.00169
1300 pop2 0.995728 0.905207
1400 pop1 1.10251 1.00228
1400 pop2 0.998795 0.907996
1500 pop1 1.10251 1.00228
1500 pop2 0.999368 0.908516
1600 pop1 1.1025 1.00227
1600 pop2 0.999862 0.908965
1700 pop1 1.1025 1.00227
1700 pop2 1.0 0.909091
1800 pop1 1.1025 1.00227
1800 pop2 1.0 0.909091
1900 pop1 1.1025 1.00227
1900 pop2 1.0 0.909091
2000 pop1 1.1025 1.00227
2000 pop2 1.0 0.909091
2100 pop1 1.1025 1.00227
2100 pop2 1.0 0.909091
2200 pop1 1.1025 1.00227
2200 pop2 1.0 0.909091
2300 pop1 1.1025 1.00227
2300 pop2 1.0 0.909091
2400 pop1 1.1025 1.00227
2400 pop2 1.0 0.909091
2500 pop1 1.1025 1.00227
2500 pop2 1.0 0.909091
2600 pop1 1.1025 1.00227
2600 pop2 1.0 0.909091
2700 pop1 1.1025 1.00227
2700 pop2 1.0 0.909091
2800 pop1 1.1025 1.00227
2800 pop2 1.0 0.909091
2900 pop1 1.1025 1.00227
2900 pop2 1.0 0.909091
3000 pop1 1.1025 1.00227
3000 pop2 1.0 0.909091
3100 pop1 1.1025 1.00227
3100 pop2 1.0 0.909091
3200 pop1 1.1025 1.00227
3200 pop2 1.0 0.909091
3300 pop1 1.1025 1.00227
3300 pop2 1.0 0.909091
3400 pop1 1.1025 1.00227
3400 pop2 1.0 0.909091
3500 pop1 1.1025 1.00227
3500 pop2 1.0 0.909091
3600 pop1 1.1025 1.00227
3600 pop2 1.0 0.909091
3700 pop1 1.1025 1.00227
3700 pop2 1.0 0.909091
3800 pop1 1.1025 1.00227
3800 pop2 1.0 0.909091
3900 pop1 1.1025 1.00227
3900 pop2 1.0 0.909091
4000 pop1 1.1025 1.00227
4000 pop2 1.0 0.909091
4100 pop1 1.1025 1.00227
4100 pop2 1.0 0.909091
4200 pop1 1.1025 1.00227
4200 pop2 1.0 0.909091
4300 pop1 1.1025 1.00227
4300 pop2 1.0 0.909091
4400 pop1 1.1025 1.00227
4400 pop2 1.0 0.909091
4500 pop1 1.1025 1.00227
4500 pop2 1.0 0.909091
4600 pop1 1.1025 1.00227
4600 pop2 1.0 0.909091
4700 pop1 1.1025 1.00227
4700 pop2 1.0 0.909091
4800 pop1 1.1025 1.00227
4800 pop2 1.0 0.909091
4900 pop1 1.1025 1.00227
4900 pop2 1.0 0.909091
5000 pop1 1.1025 1.00227
5000 pop2 1.0 0.909091
