1 pop1 1.0 0.980392
1 pop2 1.0 0.980392
100 pop1 1.00054 0.980925
100 pop2 1.00333 0.983657
200 pop1 0.997183 0.977631
200 pop2 1.00528 0.985571
300 pop1 0.996743 0.977199
300 pop2 1.00562 0.985902
400 pop1 0.998666 0.979084
400 pop2 1.00554 0.985823
500 pop1 1.00041 0.980796
500 pop2 1.00262 0.98296
600 pop1 1.00132 0.981682
600 pop2 1.00274 0.983082
700 pop1 0.998135 0.978564
700 pop2 1.00506 0.985353
800 pop1 0.999085 0.979495
800 pop2 1.00546 0.985749
900 pop1 0.999326 0.979732
900 pop2 1.00429 0.984602
1000 pop1 1.00137 0.981739
1000 pop2 1.00168 0.982038
1100 pop1 1.00783 0.988065
1100 pop2 0.994952 0.975443
1200 pop1 1.0132 0.993336
1200 pop2 0.993301 0.973825
1300 pop1 1.01685 0.996912
1300 pop2 0.991715 0.972269
1400 pop1 1.01812 0.998154
1400 pop2 0.991368 0.971929
1500 pop1 1.01899 0.999007
1500 pop2 0.991064 0.971632
1600 pop1 1.01871 0.998737
1600 pop2 0.991013 0.971581
1700 pop1 1.01975 0.999757
1700 pop2 0.990845 0.971416
1800 pop1 1.01987 0.999868
1800 pop2 0.991276 0.97184
1900 pop1 1.01982 0.99982
1900 pop2 0.991562 0.97212
2000 pop1 1.02009 1.00009
2000 pop2 0.991873 0.972425
2100 pop1 1.0201 1.0001
2100 pop2 0.992736 0.97327
2200 pop1 1.02012 1.00011
2200 pop2 0.993693 0.974209
2300 pop1 1.02011 1.00011
2300 pop2 0.995415 0.975897
2400 pop1 1.02011 1.00011
2400 pop2 0.996119 0.976587
2500 pop1 1.02011 1.00011
2500 pop2 0.995374 0.975857
2600 pop1 1.02011 1.00011
2600 pop2 0.996202 0.976669
2700 pop1 1.02011 1.00011
2700 pop2 0.996988 0.977439
2800 pop1 1.02011 1.0001
2800 pop2 0.997275 0.977721
2900 pop1 1.02011 1.0001
2900 pop2 0.99828 0.978706
3000 pop1 1.02011 1.0001
3000 pop2 0.998045 0.978475
3100 pop1 1.02011 1.0001
3100 pop2 0.998061 0.978491
3200 pop1 1.0201 1.0001
3200 pop2 0.998891 0.979305
3300 pop1 1.0201 1.0001
3300 pop2 0.999477 0.97988
3400 pop1 1.0201 1.0001
3400 pop2 0.999437 0.979841
3500 pop1 1.0201 1.0001
3500 pop2 0.999613 0.980013
3600 pop1 1.0201 1.0001
3600 pop2 0.999641 0.98004
3700 pop1 1.0201 1.0001
3700 pop2 0.999984 0.980376
3800 pop1 1.0201 1.0001
3800 pop2 1.0 0.980392
3900 pop1 1.0201 1.0001
3900 pop2 1.0 0.980392
4000 pop1 1.0201 1.0001
4000 pop2 1.0 0.980392
4100 pop1 1.0201 1.0001
4100 pop2 1.0 0.980392
4200 pop1 1.0201 1.0001
4200 pop2 1.0 0.980392
4300 pop1 1.0201 1.0001
4300 pop2 1.0 0.980392
4400 pop1 1.0201 1.0001
4400 pop2 1.0 0.980392
4500 pop1 1.0201 1.0001
4500 pop2 1.0 0.980392
4600 pop1 1.0201 1.0001
4600 pop2 1.0 0.980392
4700 pop1 1.0201 1.0001
4700 pop2 1.0 0.980392
4800 pop1 1.0201 1.0001
4800 pop2 1.0 0.980392
4900 pop1 1.0201 1.0001
4900 pop2 1.0 0.980392
5000 pop1 1.0201 1.0001
5000 pop2 1.0 0.980392
