1 pop1 1.0 0.833333
1 pop2 1.0 0.833333
100 pop1 1.18867 0.990559
100 pop2 1.18615 0.988459
200 pop1 1.19582 0.996519
200 pop2 1.18749 0.989577
300 pop1 1.19193 0.993274
300 pop2 1.18969 0.991408
400 pop1 1.1892 0.990998
400 pop2 1.1901 0.991749
500 pop1 1.18978 0.991486
500 pop2 1.18903 0.990862
600 pop1 1.1918 0.993169
600 pop2 1.19396 0.994966
700 pop1 1.18505 0.987544
700 pop2 1.19415 0.995121
800 pop1 1.18625 0.988541
800 pop2 1.1915 0.992913
900 pop1 1.19008 0.991734
900 pop2 1.19488 0.995737
1000 pop1 1.18975 0.991457
1000 pop2 1.19551 0.996257
1100 pop1 1.2027 1.00225
1100 pop2 0.999337 0.832781
1200 pop1 1.20819 1.00683
1200 pop2 1.0 0.833333
1300 pop1 1.20974 1.00812
1300 pop2 1.0 0.833333
1400 pop1 1.20888 1.0074
1400 pop2 1.0 0.833333
1500 pop1 1.20821 1.00684
1500 pop2 1.0 0.833333
1600 pop1 1.21 1.00833
1600 pop2 1.0 0.833333
1700 pop1 1.21 1.00833
1700 pop2 1.0 0.833333
1800 pop1 1.21 1.00833
1800 pop2 1.0 0.833333
1900 pop1 1.21 1.00833
1900 pop2 1.0 0.833333
2000 pop1 1.21 1.00833
2000 pop2 1.0 0.833333
2100 pop1 1.21 1.00833
2100 pop2 1.0 0.833333
2200 pop1 1.21 1.00833
2200 pop2 1.0 0.833333
2300 pop1 1.21 1.00833
2300 pop2 1.0 0.833333
2400 pop1 1.21 1.00833
2400 pop2 1.0 0.833333
2500 pop1 1.21 1.00833
2500 pop2 1.0 0.833333
2600 pop1 1.21 1.00833
2600 pop2 1.0 0.833333
2700 pop1 1.21 1.00833
2700 pop2 1.0 0.833333
2800 pop1 1.21 1.00833
2800 pop2 1.0 0.833333
2900 pop1 1.21 1.00833
2900 pop2 1.0 0.833333
3000 pop1 1.21 1.00833
3000 pop2 1.0 0.833333
3100 pop1 1.21 1.00833
3100 pop2 1.0 0.833333
3200 pop1 1.21 1.00833
3200 pop2 1.0 0.833333
3300 pop1 1.21 1.00833
3300 pop2 1.0 0.833333
3400 pop1 1.21 1.00833
3400 pop2 1.0 0.833333
3500 pop1 1.21 1.00833
3500 pop2 1.0 0.833333
3600 pop1 1.21 1.00833
3600 pop2 1.0 0.833333
3700 pop1 1.21 1.00833
3700 pop2 1.0 0.833333
3800 pop1 1.21 1.00833
3800 pop2 1.0 0.833333
3900 pop1 1.21 1.00833
3900 pop2 1.0 0.833333
4000 pop1 1.21 1.00833
4000 pop2 1.0 0.833333
4100 pop1 1.21 1.00833
4100 pop2 1.0 0.833333
4200 pop1 1.21 1.00833
4200 pop2 1.0 0.833333
4300 pop1 1.21 1.00833
4300 pop2 1.0 0.833333
4400 pop1 1.21 1.00833
4400 pop2 1.0 0.833333
4500 pop1 1.21 1.00833
4500 pop2 1.0 0.833333
4600 pop1 1.21 1.00833
4600 pop2 1.0 0.833333
4700 pop1 1.21 1.00833
4700 pop2 1.0 0.833333
4800 pop1 1.21 1.00833
4800 pop2 1.0 0.833333
4900 pop1 1.21 1.00833
4900 pop2 1.0 0.833333
5000 pop1 1.21 1.00833
5000 pop2 1.0 0.833333
