1 pop1 1.0 0.909091
1 pop2 1.0 0.909091
100 pop1 1.03264 0.93876
100 pop2 1.03418 0.940167
200 pop1 1.03292 0.939015
200 pop2 1.03598 0.941801
300 pop1 1.03254 0.938668
300 pop2 1.03472 0.940657
400 pop1 1.04078 0.946167
400 pop2 1.02971 0.936101
500 pop1 1.03295 0.939048
500 pop2 1.03673 0.942486
600 pop1 1.03812 0.943746
600 pop2 1.03292 0.939014
700 pop1 1.03716 0.942869
700 pop2 1.0385 0.944095
800 pop1 1.033 0.939091
800 pop2 1.03453 0.940485
900 pop1 1.03051 0.936826
900 pop2 1.03986 0.945329
1000 pop1 1.0321 0.938276
1000 pop2 1.03268 0.938799
1100 pop1 1.06581 0.968918
1100 pop2 1.0386 0.944182
1200 pop1 1.06115 0.964679
1200 pop2 1.05762 0.961471
1300 pop1 1.05919 0.962898
1300 pop2 1.05899 0.962719
1400 pop1 1.05688 0.960796
1400 pop2 1.06406 0.967323
1500 pop1 1.05899 0.962714
1500 pop2 1.06403 0.967304
1600 pop1 1.0584 0.962184
1600 pop2 1.06033 0.963936
1700 pop1 1.06109 0.964625
1700 pop2 1.06009 0.963717
1800 pop1 1.05897 0.962704
1800 pop2 1.06142 0.964927
1900 pop1 1.06176 0.96524
1900 pop2 1.0662 0.969271
2000 pop1 1.0612 0.964728
2000 pop2 1.05837 0.962153
2100 pop1 1.067 0.970003
2100 pop2 1.05782 0.961657
2200 pop1 1.06481 0.968007
2200 pop2 1.05684 0.960761
2300 pop1 1.05882 0.962564
2300 pop2 1.0644 0.967633
2400 pop1 1.06105 0.96459
2400 pop2 1.05998 0.963618
2500 pop1 1.06194 0.965396
2500 pop2 1.06446 0.967694
2600 pop1 1.05247 0.956791
2600 pop2 1.07131 0.973921
2700 pop1 1.05647 0.960431
2700 pop2 1.06733 0.970297
2800 pop1 1.05922 0.962931
2800 pop2 1.06136 0.964869
2900 pop1 1.05401 0.95819
2900 pop2 1.06806 0.970965
3000 pop1 1.06049 0.964085
3000 pop2 1.06241 0.965826
3100 pop1 1.06634 0.969398
3100 pop2 1.05941 0.963099
3200 pop1 1.06249 0.965902
3200 pop2 1.06139 0.9649
3300 pop1 1.06106 0.964599
3300 pop2 1.06327 0.96661
3400 pop1 1.06264 0.966032
3400 pop2 1.05984 0.963488
3500 pop1 1.07026 0.97296
3500 pop2 1.05262 0.956925
3600 pop1 1.06932 0.972105
3600 pop2 1.05203 0.956394
3700 pop1 1.07099 0.973632
3700 pop2 1.05332 0.957565
3800 pop1 1.06548 0.968617
3800 pop2 1.05838 0.962165
3900 pop1 1.06195 0.965413
3900 pop2 1.05921 0.962922
4000 pop1 1.06679 0.969805
4000 pop2 1.05415 0.958318
4100 pop1 1.05604 0.960039
4100 pop2 1.06683 0.969847
4200 pop1 1.05955 0.963232
4200 pop2 1.06398 0.967254
4300 pop1 1.06636 0.969418
4300 pop2 1.05595 0.959952
4400 pop1 1.06208 0.96553
4400 pop2 1.06187 0.965336
4500 pop1 1.05762 0.961477
4500 pop2 1.06385 0.967139
4600 pop1 1.06314 0.966487
4600 pop2 1.05672 0.960654
4700 pop1 1.06486 0.968057
4700 pop2 1.06032 0.963931
4800 pop1 1.06471 0.967918
4800 pop2 1.05776 0.961599
4900 pop1 1.0614 0.964907
4900 pop2 1.05856 0.96233
5000 pop1 1.0658 0.968908
5000 pop2 1.05663 0.960575
