1 pop1 1.0 0.833333
1 pop2 1.0 0.833333
100 pop1 1.12551 0.937922
100 pop2 1.11636 0.930304
200 pop1 1.11986 0.933218
200 pop2 1.11981 0.933177
300 pop1 1.12155 0.934624
300 pop2 1.1163 0.930246
400 pop1 1.13439 0.945324
400 pop2 1.11577 0.929809
500 pop1 1.13521 0.946006
500 pop2 1.11949 0.932909
600 pop1 1.11774 0.931449
600 pop2 1.13741 0.947844
700 pop1 1.11982 0.933186
700 pop2 1.13148 0.942897
800 pop1 1.12314 0.935954
800 pop2 1.11733 0.931111
900 pop1 1.12832 0.94027
900 pop2 1.11766 0.931381
1000 pop1 1.12534 0.937782
1000 pop2 1.11591 0.929925
1100 pop1 1.13952 0.949601
1100 pop2 1.1421 0.951751
1200 pop1 1.13609 0.946744
1200 pop2 1.14608 0.955066
1300 pop1 1.1385 0.948754
1300 pop2 1.14321 0.952678
1400 pop1 1.1404 0.950333
1400 pop2 1.14211 0.951755
1500 pop1 1.14579 0.954827
1500 pop2 1.15019 0.95849
1600 pop1 1.14683 0.955692
1600 pop2 1.14628 0.955235
1700 pop1 1.1387 0.948921
1700 pop2 1.14208 0.95173
1800 pop1 1.14946 0.957885
1800 pop2 1.13536 0.946134
1900 pop1 1.13836 0.948634
1900 pop2 1.14978 0.958146
2000 pop1 1.13779 0.948154
2000 pop2 1.14562 0.954686
2100 pop1 1.14486 0.954047
2100 pop2 1.14418 0.953484
2200 pop1 1.14848 0.95707
2200 pop2 1.13875 0.948961
2300 pop1 1.14892 0.957431
2300 pop2 1.13365 0.944706
2400 pop1 1.15002 0.958348
2400 pop2 1.13963 0.949693
2500 pop1 1.14057 0.950472
2500 pop2 1.13786 0.94822
2600 pop1 1.14303 0.952523
2600 pop2 1.13851 0.948754
2700 pop1 1.14891 0.957423
2700 pop2 1.14194 0.951615
2800 pop1 1.1471 0.955916
2800 pop2 1.13561 0.946341
2900 pop1 1.13917 0.94931
2900 pop2 1.14508 0.95423
3000 pop1 1.14255 0.952126
3000 pop2 1.14091 0.950755
3100 pop1 1.14334 0.952781
3100 pop2 1.13863 0.948861
3200 pop1 1.13186 0.94322
3200 pop2 1.15164 0.959702
3300 pop1 1.14222 0.951853
3300 pop2 1.14041 0.950341
3400 pop1 1.1349 0.945749
3400 pop2 1.14491 0.954089
3500 pop1 1.13338 0.944479
3500 pop2 1.14735 0.956124
3600 pop1 1.13393 0.944941
3600 pop2 1.14957 0.957976
3700 pop1 1.14274 0.952287
3700 pop2 1.13973 0.949773
3800 pop1 1.13233 0.943612
3800 pop2 1.15237 0.96031
3900 pop1 1.13937 0.949474
3900 pop2 1.14465 0.953876
4000 pop1 1.13745 0.947877
4000 pop2 1.15005 0.958372
4100 pop1 1.14346 0.952884
4100 pop2 1.1368 0.94733
4200 pop1 1.14364 0.953032
4200 pop2 1.14094 0.95078
4300 pop1 1.13755 0.947954
4300 pop2 1.14449 0.953741
4400 pop1 1.13794 0.948285
4400 pop2 1.148 0.956664
4500 pop1 1.1356 0.946337
4500 pop2 1.14807 0.956723
4600 pop1 1.1426 0.952166
4600 pop2 1.13728 0.947734
4700 pop1 1.13913 0.949275
4700 pop2 1.14285 0.952377
4800 pop1 1.14324 0.952702
4800 pop2 1.13667 0.947222
4900 pop1 1.14453 0.953777
4900 pop2 1.14283 0.952359
5000 pop1 1.13574 0.946453
5000 pop2 1.14762 0.956346
