1 pop1 1.0 0.980392
1 pop2 1.0 0.980392
100 pop1 1.00938 0.989586
100 pop2 1.00727 0.98752
200 pop1 1.00716 0.98741
200 pop2 1.00784 0.988078
300 pop1 1.00965 0.989853
300 pop2 1.00977 0.989968
400 pop1 1.00693 0.987184
400 pop2 1.00704 0.987296
500 pop1 1.00961 0.989818
500 pop2 1.00944 0.989649
600 pop1 1.00841 0.988638
600 pop2 1.00507 0.985364
700 pop1 1.00902 0.989231
700 pop2 1.00469 0.984994
800 pop1 1.01029 0.990483
800 pop2 1.00722 0.987466
900 pop1 1.00744 0.987687
900 pop2 1.00577 0.986046
1000 pop1 1.00862 0.988843
1000 pop2 1.00689 0.987145
1100 pop1 1.01107 0.991246
1100 pop2 0.997308 0.977753
1200 pop1 1.01315 0.993286
1200 pop2 0.996035 0.976505
1300 pop1 1.01408 0.994196
1300 pop2 0.99543 0.975912
1400 pop1 1.01512 0.995221
1400 pop2 0.995678 0.976155
1500 pop1 1.01751 0.997559
1500 pop2 0.99508 0.975568
1600 pop1 1.01727 0.997328
1600 pop2 0.995043 0.975532
1700 pop1 1.01765 0.997699
1700 pop2 0.995161 0.975648
1800 pop1 1.0188 0.998827
1800 pop2 0.994586 0.975084
1900 pop1 1.01917 0.999191
1900 pop2 0.994441 0.974942
2000 pop1 1.01952 0.999526
2000 pop2 0.995389 0.975872
2100 pop1 1.01986 0.999866
2100 pop2 0.996322 0.976786
2200 pop1 1.01972 0.999727
2200 pop2 0.997133 0.977581
2300 pop1 1.01909 0.999109
2300 pop2 0.99803 0.978461
2400 pop1 1.01948 0.999494
2400 pop2 0.997886 0.97832
2500 pop1 1.0201 1.00009
2500 pop2 0.998975 0.979388
2600 pop1 1.02009 1.00008
2600 pop2 0.999166 0.979575
2700 pop1 1.02009 1.00008
2700 pop2 0.999063 0.979474
2800 pop1 1.02008 1.00008
2800 pop2 0.999649 0.980048
2900 pop1 1.02008 1.00008
2900 pop2 0.999836 0.980232
3000 pop1 1.02009 1.00008
3000 pop2 0.999553 0.979954
3100 pop1 1.0201 1.0001
3100 pop2 0.999972 0.980365
3200 pop1 1.0201 1.0001
3200 pop2 0.999864 0.980259
3300 pop1 1.0201 1.0001
3300 pop2 1.0 0.980392
3400 pop1 1.0201 1.0001
3400 pop2 1.0 0.980392
3500 pop1 1.0201 1.0001
3500 pop2 1.0 0.980392
3600 pop1 1.0201 1.0001
3600 pop2 1.0 0.980392
3700 pop1 1.0201 1.0001
3700 pop2 1.0 0.980392
3800 pop1 1.0201 1.0001
3800 pop2 1.0 0.980392
3900 pop1 1.0201 1.0001
3900 pop2 1.0 0.980392
4000 pop1 1.0201 1.0001
4000 pop2 1.0 0.980392
4100 pop1 1.0201 1.0001
4100 pop2 1.0 0.980392
4200 pop1 1.0201 1.0001
4200 pop2 1.0 0.980392
4300 pop1 1.0201 1.0001
4300 pop2 1.0 0.980392
4400 pop1 1.0201 1.0001
4400 pop2 1.0 0.980392
4500 pop1 1.0201 1.0001
4500 pop2 1.0 0.980392
4600 pop1 1.0201 1.0001
4600 pop2 1.0 0.980392
4700 pop1 1.0201 1.0001
4700 pop2 1.0 0.980392
4800 pop1 1.0201 1.0001
4800 pop2 1.0 0.980392
4900 pop1 1.0201 1.0001
4900 pop2 1.0 0.980392
5000 pop1 1.0201 1.0001
5000 pop2 1.0 0.980392
