1 pop1 1.0 0.833333
1 pop2 1.0 0.833333
100 pop1 1.05903 0.882522
100 pop2 1.07906 0.899215
200 pop1 1.07031 0.891927
200 pop2 1.06874 0.890616
300 pop1 1.08566 0.904719
300 pop2 1.05831 0.881922
400 pop1 1.06362 0.886353
400 pop2 1.06895 0.890795
500 pop1 1.07231 0.893591
500 pop2 1.06571 0.888091
600 pop1 1.07039 0.891992
600 pop2 1.066 0.888335
700 pop1 1.06216 0.88513
700 pop2 1.07872 0.898937
800 pop1 1.0772 0.897667
800 pop2 1.06939 0.891159
900 pop1 1.0614 0.884501
900 pop2 1.07578 0.896486
1000 pop1 1.05662 0.880516
1000 pop2 1.07363 0.894688
1100 pop1 1.13426 0.945215
1100 pop2 1.10602 0.921684
1200 pop1 1.12949 0.941243
1200 pop2 1.11349 0.927907
1300 pop1 1.11896 0.932468
1300 pop2 1.12434 0.93695
1400 pop1 1.11828 0.931904
1400 pop2 1.12191 0.934927
1500 pop1 1.13231 0.943592
1500 pop2 1.1164 0.930331
1600 pop1 1.12255 0.935459
1600 pop2 1.12845 0.940371
1700 pop1 1.11793 0.931607
1700 pop2 1.12986 0.941553
1800 pop1 1.12765 0.939704
1800 pop2 1.11338 0.927818
1900 pop1 1.13177 0.943139
1900 pop2 1.11636 0.930303
2000 pop1 1.12151 0.934596
2000 pop2 1.1213 0.934415
2100 pop1 1.13152 0.942931
2100 pop2 1.10937 0.924476
2200 pop1 1.12935 0.941122
2200 pop2 1.11147 0.926227
2300 pop1 1.122 0.935003
2300 pop2 1.12422 0.936848
2400 pop1 1.13251 0.943755
2400 pop2 1.11711 0.930921
2500 pop1 1.12061 0.933843
2500 pop2 1.12171 0.934755
2600 pop1 1.12655 0.938791
2600 pop2 1.12193 0.934938
2700 pop1 1.11735 0.931128
2700 pop2 1.12033 0.933607
2800 pop1 1.11787 0.931554
2800 pop2 1.12827 0.940223
2900 pop1 1.11862 0.932181
2900 pop2 1.12559 0.937988
3000 pop1 1.12246 0.935383
3000 pop2 1.11771 0.931423
3100 pop1 1.12444 0.937036
3100 pop2 1.11862 0.932184
3200 pop1 1.1341 0.945082
3200 pop2 1.11592 0.929937
3300 pop1 1.10915 0.924294
3300 pop2 1.12889 0.940742
3400 pop1 1.12797 0.939972
3400 pop2 1.11233 0.926943
3500 pop1 1.11874 0.932285
3500 pop2 1.12605 0.938373
3600 pop1 1.11625 0.930211
3600 pop2 1.12278 0.935651
3700 pop1 1.11781 0.93151
3700 pop2 1.12701 0.939176
3800 pop1 1.126 0.93833
3800 pop2 1.11745 0.931207
3900 pop1 1.12852 0.940435
3900 pop2 1.11298 0.927486
4000 pop1 1.11867 0.932228
4000 pop2 1.13109 0.942572
4100 pop1 1.12548 0.937904
4100 pop2 1.11345 0.927879
4200 pop1 1.13107 0.942558
4200 pop2 1.11374 0.928113
4300 pop1 1.12371 0.936422
4300 pop2 1.12343 0.936188
4400 pop1 1.12997 0.941645
4400 pop2 1.1125 0.927082
4500 pop1 1.12916 0.940968
4500 pop2 1.11477 0.928975
4600 pop1 1.1224 0.935332
4600 pop2 1.11879 0.932323
4700 pop1 1.13618 0.946818
4700 pop2 1.10539 0.921155
4800 pop1 1.13815 0.94846
4800 pop2 1.11255 0.927121
4900 pop1 1.12835 0.940288
4900 pop2 1.12203 0.935023
5000 pop1 1.12897 0.940807
5000 pop2 1.12539 0.937829
