1 pop1 1.0 0.909091
1 pop2 1.0 0.909091
100 pop1 1.08006 0.981868
100 pop2 1.08256 0.984143
200 pop1 1.08226 0.98387
200 pop2 1.08472 0.986107
300 pop1 1.08238 0.983985
300 pop2 1.08432 0.985742
400 pop1 1.08447 0.985877
400 pop2 1.07769 0.979718
500 pop1 1.08286 0.984418
500 pop2 1.08187 0.983519
600 pop1 1.0845 0.98591
600 pop2 1.08428 0.985709
700 pop1 1.08133 0.983023
700 pop2 1.08459 0.985995
800 pop1 1.08019 0.981991
800 pop2 1.08268 0.984257
900 pop1 1.08271 0.984278
900 pop2 1.08145 0.983138
1000 pop1 1.08353 0.985025
1000 pop2 1.08202 0.983655
1100 pop1 1.08686 0.988052
1100 pop2 1.05969 0.963353
1200 pop1 1.08892 0.98993
1200 pop2 1.07971 0.981552
1300 pop1 1.08775 0.988864
1300 pop2 1.08205 0.983685
1400 pop1 1.08559 0.986901
1400 pop2 1.08509 0.986441
1500 pop1 1.08477 0.98615
1500 pop2 1.08468 0.986069
1600 pop1 1.08223 0.983846
1600 pop2 1.08742 0.988564
1700 pop1 1.08354 0.985035
1700 pop2 1.08734 0.988491
1800 pop1 1.08386 0.985324
1800 pop2 1.08447 0.985882
1900 pop1 1.08619 0.987445
1900 pop2 1.08632 0.987566
2000 pop1 1.08703 0.988211
2000 pop2 1.08083 0.982568
2100 pop1 1.08428 0.985711
2100 pop2 1.08681 0.988007
2200 pop1 1.08802 0.989113
2200 pop2 1.07989 0.981715
2300 pop1 1.08448 0.98589
2300 pop2 1.08824 0.989309
2400 pop1 1.08319 0.984715
2400 pop2 1.08463 0.986027
2500 pop1 1.08519 0.986538
2500 pop2 1.08352 0.985017
2600 pop1 1.08274 0.984309
2600 pop2 1.08389 0.985355
2700 pop1 1.08832 0.989384
2700 pop2 1.08211 0.983738
2800 pop1 1.08617 0.987426
2800 pop2 1.08511 0.986468
2900 pop1 1.08612 0.987385
2900 pop2 1.08617 0.987426
3000 pop1 1.08913 0.990118
3000 pop2 1.08351 0.985007
3100 pop1 1.08621 0.987467
3100 pop2 1.08376 0.985241
3200 pop1 1.08747 0.988612
3200 pop2 1.08267 0.984247
3300 pop1 1.08123 0.982936
3300 pop2 1.08501 0.986371
3400 pop1 1.08375 0.985228
3400 pop2 1.08701 0.988194
3500 pop1 1.08602 0.98729
3500 pop2 1.08828 0.989343
3600 pop1 1.0873 0.988456
3600 pop2 1.08387 0.985337
3700 pop1 1.08379 0.985266
3700 pop2 1.08509 0.986441
3800 pop1 1.08568 0.986984
3800 pop2 1.08341 0.984919
3900 pop1 1.08437 0.985788
3900 pop2 1.0839 0.985359
4000 pop1 1.08572 0.987017
4000 pop2 1.08246 0.984053
4100 pop1 1.08521 0.986556
4100 pop2 1.08216 0.98378
4200 pop1 1.0835 0.984997
4200 pop2 1.08357 0.985059
4300 pop1 1.08678 0.987978
4300 pop2 1.0818 0.983457
4400 pop1 1.08634 0.987577
4400 pop2 1.08724 0.988396
4500 pop1 1.08193 0.983568
4500 pop2 1.08255 0.984133
4600 pop1 1.08665 0.987864
4600 pop2 1.08817 0.989245
4700 pop1 1.08756 0.988691
4700 pop2 1.08288 0.984434
4800 pop1 1.08576 0.98705
4800 pop2 1.08075 0.982502
4900 pop1 1.08705 0.98823
4900 pop2 1.08664 0.987856
5000 pop1 1.08297 0.984514
5000 pop2 1.08711 0.988286
