1 pop1 1.0 0.980392
1 pop2 1.0 0.980392
100 pop1 1.00521 0.985496
100 pop2 0.995499 0.975979
200 pop1 1.00575 0.986032
200 pop2 0.995488 0.975969
300 pop1 1.00382 0.984135
300 pop2 0.996209 0.976675
400 pop1 1.00733 0.98758
400 pop2 0.993414 0.973935
500 pop1 1.00612 0.986396
500 pop2 0.993674 0.97419
600 pop1 1.00751 0.987756
600 pop2 0.992886 0.973418
700 pop1 1.00692 0.987181
700 pop2 0.993747 0.974261
800 pop1 1.00802 0.988253
800 pop2 0.992332 0.972875
900 pop1 1.00914 0.989355
900 pop2 0.991533 0.972091
1000 pop1 1.00835 0.988577
1000 pop2 0.992721 0.973256
1100 pop1 1.01256 0.992708
1100 pop2 0.999844 0.980239
1200 pop1 1.01224 0.992396
1200 pop2 1.00384 0.984154
1300 pop1 1.01322 0.993349
1300 pop2 1.0039 0.984215
1400 pop1 1.01168 0.991843
1400 pop2 1.00673 0.986995
1500 pop1 1.01197 0.992129
1500 pop2 1.00706 0.98731
1600 pop1 1.01112 0.991295
1600 pop2 1.00825 0.988485
1700 pop1 1.01142 0.991584
1700 pop2 1.00819 0.988417
1800 pop1 1.00941 0.989615
1800 pop2 1.01047 0.990658
1900 pop1 1.01002 0.990219
1900 pop2 1.00956 0.989761
2000 pop1 1.00862 0.988842
2000 pop2 1.01121 0.991378
2100 pop1 1.00896 0.989181
2100 pop2 1.01051 0.990693
2200 pop1 1.00801 0.988243
2200 pop2 1.01211 0.992264
2300 pop1 1.00908 0.989292
2300 pop2 1.01094 0.991122
2400 pop1 1.0085 0.98873
2400 pop2 1.01178 0.991939
2500 pop1 1.0079 0.988141
2500 pop2 1.0119 0.992055
2600 pop1 1.00812 0.988352
2600 pop2 1.0115 0.991665
2700 pop1 1.00856 0.988788
2700 pop2 1.01047 0.990656
2800 pop1 1.00881 0.989025
2800 pop2 1.01105 0.991224
2900 pop1 1.00805 0.988281
2900 pop2 1.01182 0.991981
3000 pop1 1.00879 0.989009
3000 pop2 1.01198 0.992139
3100 pop1 1.00905 0.989266
3100 pop2 1.01093 0.991104
3200 pop1 1.00823 0.988462
3200 pop2 1.01221 0.992365
3300 pop1 1.00881 0.989028
3300 pop2 1.01115 0.991324
3400 pop1 1.00957 0.989773
3400 pop2 1.011 0.991178
3500 pop1 1.00994 0.99014
3500 pop2 1.01002 0.990215
3600 pop1 1.01022 0.990409
3600 pop2 1.01028 0.990469
3700 pop1 1.01047 0.990662
3700 pop2 1.00992 0.990114
3800 pop1 1.00932 0.989526
3800 pop2 1.01157 0.991739
3900 pop1 1.0087 0.988924
3900 pop2 1.0115 0.991668
4000 pop1 1.00897 0.989181
4000 pop2 1.01123 0.991403
4100 pop1 1.00794 0.988172
4100 pop2 1.01235 0.992496
4200 pop1 1.00839 0.988619
4200 pop2 1.01219 0.992346
4300 pop1 1.00675 0.987009
4300 pop2 1.01419 0.994308
4400 pop1 1.0061 0.986377
4400 pop2 1.01356 0.993688
4500 pop1 1.00725 0.987496
4500 pop2 1.01321 0.993345
4600 pop1 1.00675 0.987013
4600 pop2 1.01335 0.993483
4700 pop1 1.0069 0.987157
4700 pop2 1.01348 0.993609
4800 pop1 1.00628 0.986551
4800 pop2 1.01447 0.994581
4900 pop1 1.00602 0.98629
4900 pop2 1.01448 0.994589
5000 pop1 1.00664 0.986899
5000 pop2 1.01356 0.993688
