1 pop1 1.0 0.909091
1 pop2 1.0 0.909091
100 pop1 1.08632 0.987565
100 pop2 1.08487 0.986249
200 pop1 1.08183 0.983481
200 pop2 1.08352 0.98502
300 pop1 1.08702 0.988199
300 pop2 1.08491 0.986279
400 pop1 1.08613 0.987388
400 pop2 1.08343 0.98494
500 pop1 1.08275 0.984321
500 pop2 1.08157 0.983241
600 pop1 1.08313 0.984666
600 pop2 1.08366 0.985142
700 pop1 1.08594 0.987217
700 pop2 1.08609 0.987354
800 pop1 1.08416 0.9856
800 pop2 1.08542 0.986747
900 pop1 1.08249 0.984082
900 pop2 1.0863 0.987546
1000 pop1 1.08463 0.986026
1000 pop2 1.08294 0.98449
1100 pop1 1.09326 0.993875
1100 pop2 0.994182 0.903802
1200 pop1 1.09468 0.995168
1200 pop2 0.997847 0.907134
1300 pop1 1.09996 0.999967
1300 pop2 0.998598 0.907816
1400 pop1 1.10005 1.00005
1400 pop2 0.999704 0.908822
1500 pop1 1.10114 1.00103
1500 pop2 0.998815 0.908014
1600 pop1 1.10238 1.00216
1600 pop2 0.999941 0.909037
1700 pop1 1.1025 1.00227
1700 pop2 1.0 0.909091
1800 pop1 1.1025 1.00227
1800 pop2 1.0 0.909091
1900 pop1 1.1025 1.00227
1900 pop2 1.0 0.909091
2000 pop1 1.1025 1.00227
2000 pop2 1.0 0.909091
2100 pop1 1.1025 1.00227
2100 pop2 1.0 0.909091
2200 pop1 1.1025 1.00227
2200 pop2 1.0 0.909091
2300 pop1 1.1025 1.00227
2300 pop2 1.0 0.909091
2400 pop1 1.1025 1.00227
2400 pop2 1.0 0.909091
2500 pop1 1.1025 1.00227
2500 pop2 1.0 0.909091
2600 pop1 1.1025 1.00227
2600 pop2 1.0 0.909091
2700 pop1 1.1025 1.00227
2700 pop2 1.0 0.909091
2800 pop1 1.1025 1.00227
2800 pop2 1.0 0.909091
2900 pop1 1.1025 1.00227
2900 pop2 1.0 0.909091
3000 pop1 1.1025 1.00227
3000 pop2 1.0 0.909091
3100 pop1 1.1025 1.00227
3100 pop2 1.0 0.909091
3200 pop1 1.1025 1.00227
3200 pop2 1.0 0.909091
3300 pop1 1.1025 1.00227
3300 pop2 1.0 0.909091
3400 pop1 1.1025 1.00227
3400 pop2 1.0 0.909091
3500 pop1 1.1025 1.00227
3500 pop2 1.0 0.909091
3600 pop1 1.1025 1.00227
3600 pop2 1.0 0.909091
3700 pop1 1.1025 1.00227
3700 pop2 1.0 0.909091
3800 pop1 1.1025 1.00227
3800 pop2 1.0 0.909091
3900 pop1 1.1025 1.00227
3900 pop2 1.0 0.909091
4000 pop1 1.1025 1.00227
4000 pop2 1.0 0.909091
4100 pop1 1.1025 1.00227
4100 pop2 1.0 0.909091
4200 pop1 1.1025 1.00227
4200 pop2 1.0 0.909091
4300 pop1 1.1025 1.00227
4300 pop2 1.0 0.909091
4400 pop1 1.1025 1.00227
4400 pop2 1.0 0.909091
4500 pop1 1.1025 1.00227
4500 pop2 1.0 0.909091
4600 pop1 1.1025 1.00227
4600 pop2 1.0 0.909091
4700 pop1 1.1025 1.00227
4700 pop2 1.0 0.909091
4800 pop1 1.1025 1.00227
4800 pop2 1.0 0.909091
4900 pop1 1.1025 1.00227
4900 pop2 1.0 0.909091
5000 pop1 1.1025 1.00227
5000 pop2 1.0 0.909091
