1 pop1 1.0 0.980392
1 pop2 1.0 0.980392
100 pop1 1.00654 0.986806
100 pop2 1.00417 0.984483
200 pop1 1.00281 0.983143
200 pop2 1.00832 0.988549
300 pop1 1.00323 0.983563
300 pop2 1.00755 0.987792
400 pop1 1.00359 0.98391
400 pop2 1.00721 0.987464
500 pop1 1.00474 0.985036
500 pop2 1.00655 0.986819
600 pop1 1.00486 0.985157
600 pop2 1.00585 0.986132
700 pop1 1.00514 0.985434
700 pop2 1.00763 0.987868
800 pop1 1.00618 0.986455
800 pop2 1.00521 0.985502
900 pop1 1.00724 0.987495
900 pop2 1.00257 0.982907
1000 pop1 1.00628 0.986549
1000 pop2 1.00305 0.983381
1100 pop1 1.0088 0.989016
1100 pop2 1.00553 0.985817
1200 pop1 1.01017 0.990364
1200 pop2 1.01132 0.991492
1300 pop1 1.01004 0.990237
1300 pop2 1.01187 0.992032
1400 pop1 1.00997 0.990172
1400 pop2 1.01346 0.993585
1500 pop1 1.01035 0.99054
1500 pop2 1.01281 0.992951
1600 pop1 1.00896 0.989176
1600 pop2 1.01343 0.993557
1700 pop1 1.01042 0.990606
1700 pop2 1.01367 0.993794
1800 pop1 1.01029 0.990477
1800 pop2 1.01464 0.994748
1900 pop1 1.00874 0.988963
1900 pop2 1.01397 0.99409
2000 pop1 1.00942 0.989623
2000 pop2 1.01281 0.992952
2100 pop1 1.00875 0.988971
2100 pop2 1.01545 0.995542
2200 pop1 1.00918 0.989395
2200 pop2 1.0147 0.994802
2300 pop1 1.00942 0.989623
2300 pop2 1.01366 0.993781
2400 pop1 1.0087 0.988919
2400 pop2 1.01284 0.992985
2500 pop1 1.0105 0.99069
2500 pop2 1.01314 0.993276
2600 pop1 1.00957 0.989776
2600 pop2 1.01357 0.993692
2700 pop1 1.01041 0.9906
2700 pop2 1.01352 0.993644
2800 pop1 1.01179 0.991947
2800 pop2 1.01232 0.99247
2900 pop1 1.0126 0.992741
2900 pop2 1.01161 0.991779
3000 pop1 1.01235 0.992502
3000 pop2 1.01286 0.992996
3100 pop1 1.01179 0.991952
3100 pop2 1.01128 0.991456
3200 pop1 1.01177 0.991927
3200 pop2 1.01083 0.991007
3300 pop1 1.01088 0.991061
3300 pop2 1.01104 0.991219
3400 pop1 1.01129 0.991461
3400 pop2 1.01133 0.991501
3500 pop1 1.01266 0.992803
3500 pop2 1.01193 0.992091
3600 pop1 1.01286 0.992995
3600 pop2 1.01193 0.992091
3700 pop1 1.01079 0.990972
3700 pop2 1.01201 0.992169
3800 pop1 1.01169 0.991854
3800 pop2 1.01284 0.992983
3900 pop1 1.01135 0.991523
3900 pop2 1.0135 0.993631
4000 pop1 1.01085 0.991029
4000 pop2 1.01231 0.992458
4100 pop1 1.01236 0.992514
4100 pop2 1.011 0.991176
4200 pop1 1.01234 0.992486
4200 pop2 1.01321 0.993344
4300 pop1 1.01093 0.991106
4300 pop2 1.01313 0.993261
4400 pop1 1.01294 0.993077
4400 pop2 1.01311 0.993242
4500 pop1 1.01245 0.992601
4500 pop2 1.01253 0.992674
4600 pop1 1.01208 0.992232
4600 pop2 1.01124 0.991414
4700 pop1 1.01475 0.994851
4700 pop2 1.00906 0.989276
4800 pop1 1.01393 0.994049
4800 pop2 1.01086 0.99104
4900 pop1 1.01502 0.995113
4900 pop2 1.00994 0.990142
5000 pop1 1.01281 0.99295
5000 pop2 1.01161 0.991776
