1 pop1 1.0 0.980392
1 pop2 1.0 0.980392
100 pop1 1.00359 0.983907
100 pop2 0.997282 0.977728
200 pop1 1.00154 0.981902
200 pop2 0.999058 0.979469
300 pop1 1.00382 0.984138
300 pop2 0.997141 0.977589
400 pop1 1.00291 0.983249
400 pop2 0.997721 0.978158
500 pop1 0.999587 0.979987
500 pop2 1.00014 0.98053
600 pop1 1.00166 0.982023
600 pop2 0.999614 0.980014
700 pop1 1.00251 0.982851
700 pop2 0.998952 0.979364
800 pop1 0.999822 0.980217
800 pop2 1.00008 0.980474
900 pop1 0.999122 0.979531
900 pop2 1.00101 0.981387
1000 pop1 0.999965 0.980358
1000 pop2 1.00028 0.980664
1100 pop1 1.00341 0.983738
1100 pop2 0.996827 0.977281
1200 pop1 1.00751 0.987751
1200 pop2 0.998847 0.979262
1300 pop1 1.00997 0.990171
1300 pop2 0.9988 0.979215
1400 pop1 1.01143 0.991602
1400 pop2 1.00069 0.981067
1500 pop1 1.01299 0.993128
1500 pop2 1.0013 0.981663
1600 pop1 1.0133 0.993429
1600 pop2 1.00247 0.982815
1700 pop1 1.013 0.993134
1700 pop2 1.0037 0.984016
1800 pop1 1.01311 0.993241
1800 pop2 1.00395 0.984269
1900 pop1 1.01342 0.993553
1900 pop2 1.00406 0.984369
2000 pop1 1.01244 0.992593
2000 pop2 1.00596 0.986233
2100 pop1 1.01159 0.991755
2100 pop2 1.0059 0.986174
2200 pop1 1.01031 0.990501
2200 pop2 1.00806 0.988293
2300 pop1 1.00935 0.989561
2300 pop2 1.01012 0.99031
2400 pop1 1.0093 0.989513
2400 pop2 1.00961 0.989817
2500 pop1 1.00769 0.987935
2500 pop2 1.01167 0.991833
2600 pop1 1.00654 0.986807
2600 pop2 1.01319 0.993324
2700 pop1 1.00569 0.985973
2700 pop2 1.01332 0.993449
2800 pop1 1.00609 0.986363
2800 pop2 1.01347 0.993599
2900 pop1 1.00549 0.985778
2900 pop2 1.01388 0.994003
3000 pop1 1.00498 0.985272
3000 pop2 1.01449 0.994594
3100 pop1 1.00686 0.987121
3100 pop2 1.01325 0.993383
3200 pop1 1.00616 0.986427
3200 pop2 1.01359 0.99372
3300 pop1 1.00543 0.985712
3300 pop2 1.01446 0.994572
3400 pop1 1.00525 0.985538
3400 pop2 1.01436 0.994468
3500 pop1 1.00697 0.987226
3500 pop2 1.01316 0.993294
3600 pop1 1.00584 0.986117
3600 pop2 1.01419 0.994299
3700 pop1 1.00478 0.98508
3700 pop2 1.01505 0.995149
3800 pop1 1.00415 0.984458
3800 pop2 1.01576 0.995846
3900 pop1 1.00489 0.985189
3900 pop2 1.01551 0.995594
4000 pop1 1.00551 0.98579
4000 pop2 1.0148 0.994903
4100 pop1 1.00554 0.985824
4100 pop2 1.01501 0.995108
4200 pop1 1.00637 0.986638
4200 pop2 1.01425 0.994367
4300 pop1 1.00671 0.986974
4300 pop2 1.0134 0.993527
4400 pop1 1.00644 0.986702
4400 pop2 1.0143 0.994415
4500 pop1 1.00492 0.985211
4500 pop2 1.01517 0.99526
4600 pop1 1.00456 0.984867
4600 pop2 1.01538 0.99547
4700 pop1 1.00468 0.984977
4700 pop2 1.01532 0.995414
4800 pop1 1.00447 0.984777
4800 pop2 1.0159 0.995984
4900 pop1 1.00413 0.984445
4900 pop2 1.01556 0.995648
5000 pop1 1.00286 0.9832
5000 pop2 1.01756 0.997607
