1 pop1 1.0 0.909091
1 pop2 1.0 0.909091
100 pop1 1.00945 0.91768
100 pop2 1.02062 0.927834
200 pop1 1.01367 0.921521
200 pop2 1.01247 0.920426
300 pop1 1.01591 0.923554
300 pop2 1.01259 0.920538
400 pop1 1.01989 0.927169
400 pop2 1.00883 0.917119
500 pop1 1.01449 0.922264
500 pop2 1.01771 0.925187
600 pop1 1.00969 0.917901
600 pop2 1.01747 0.924969
700 pop1 1.015 0.92273
700 pop2 1.01972 0.927019
800 pop1 1.01634 0.923945
800 pop2 1.01465 0.922405
900 pop1 1.00944 0.917673
900 pop2 1.02163 0.928751
1000 pop1 1.01945 0.926774
1000 pop2 1.0091 0.917363
1100 pop1 1.04825 0.952956
1100 pop2 1.05355 0.957772
1200 pop1 1.037 0.942728
1200 pop2 1.06823 0.971115
1300 pop1 1.0382 0.943819
1300 pop2 1.07162 0.974199
1400 pop1 1.03636 0.942148
1400 pop2 1.06893 0.971757
1500 pop1 1.03826 0.943876
1500 pop2 1.06787 0.970787
1600 pop1 1.03484 0.940764
1600 pop2 1.07318 0.975614
1700 pop1 1.04012 0.945568
1700 pop2 1.06511 0.968278
1800 pop1 1.03639 0.942177
1800 pop2 1.06912 0.971923
1900 pop1 1.03722 0.942931
1900 pop2 1.07071 0.973369
2000 pop1 1.03147 0.937698
2000 pop2 1.07707 0.97915
2100 pop1 1.04449 0.949534
2100 pop2 1.06453 0.967757
2200 pop1 1.04191 0.947194
2200 pop2 1.065 0.968185
2300 pop1 1.0473 0.952095
2300 pop2 1.05798 0.961804
2400 pop1 1.05041 0.954919
2400 pop2 1.05832 0.962107
2500 pop1 1.04579 0.950715
2500 pop2 1.06146 0.964967
2600 pop1 1.04283 0.948032
2600 pop2 1.06276 0.966146
2700 pop1 1.03654 0.942309
2700 pop2 1.06866 0.971513
2800 pop1 1.04603 0.950937
2800 pop2 1.0613 0.964818
2900 pop1 1.05114 0.955583
2900 pop2 1.05717 0.961062
3000 pop1 1.05722 0.96111
3000 pop2 1.05097 0.955429
3100 pop1 1.05428 0.958432
3100 pop2 1.05566 0.959692
3200 pop1 1.0589 0.962633
3200 pop2 1.05388 0.958077
3300 pop1 1.05265 0.956952
3300 pop2 1.05622 0.9602
3400 pop1 1.05679 0.960715
3400 pop2 1.05547 0.959514
3500 pop1 1.05926 0.962959
3500 pop2 1.05245 0.95677
3600 pop1 1.05835 0.962132
3600 pop2 1.05584 0.959856
3700 pop1 1.05593 0.95994
3700 pop2 1.05806 0.961877
3800 pop1 1.05883 0.962573
3800 pop2 1.05129 0.955723
3900 pop1 1.05886 0.962596
3900 pop2 1.0489 0.953548
4000 pop1 1.06772 0.970654
4000 pop2 1.04309 0.948268
4100 pop1 1.05522 0.959292
4100 pop2 1.05572 0.959743
4200 pop1 1.05877 0.962521
4200 pop2 1.05302 0.95729
4300 pop1 1.05617 0.960151
4300 pop2 1.05464 0.958767
4400 pop1 1.05431 0.958461
4400 pop2 1.05487 0.958971
4500 pop1 1.04877 0.953429
4500 pop2 1.0596 0.963268
4600 pop1 1.04576 0.950693
4600 pop2 1.06353 0.966841
4700 pop1 1.04973 0.954304
4700 pop2 1.06089 0.96445
4800 pop1 1.05799 0.961808
4800 pop2 1.05109 0.955534
4900 pop1 1.05265 0.956956
4900 pop2 1.05774 0.961581
5000 pop1 1.04905 0.953681
5000 pop2 1.06143 0.964935
