1 pop1 1.0 0.833333
1 pop2 1.0 0.833333
100 pop1 1.12436 0.936967
100 pop2 1.12435 0.936957
200 pop1 1.12689 0.939074
200 pop2 1.12551 0.937926
300 pop1 1.1227 0.935584
300 pop2 1.12498 0.937486
400 pop1 1.12465 0.937207
400 pop2 1.12919 0.940992
500 pop1 1.12379 0.936488
500 pop2 1.12269 0.935574
600 pop1 1.1259 0.938253
600 pop2 1.11811 0.93176
700 pop1 1.1185 0.932082
700 pop2 1.13255 0.943788
800 pop1 1.12718 0.939319
800 pop2 1.12544 0.937864
900 pop1 1.12432 0.936935
900 pop2 1.11588 0.929904
1000 pop1 1.1287 0.940587
1000 pop2 1.11983 0.933188
1100 pop1 1.13266 0.943884
1100 pop2 1.14876 0.957299
1200 pop1 1.12991 0.941594
1200 pop2 1.14726 0.956048
1300 pop1 1.13452 0.945435
1300 pop2 1.15513 0.962612
1400 pop1 1.13464 0.945535
1400 pop2 1.1488 0.957335
1500 pop1 1.13437 0.94531
1500 pop2 1.14518 0.954315
1600 pop1 1.13343 0.944528
1600 pop2 1.14284 0.95237
1700 pop1 1.12426 0.936885
1700 pop2 1.14768 0.956399
1800 pop1 1.13175 0.943124
1800 pop2 1.14542 0.954516
1900 pop1 1.13609 0.946743
1900 pop2 1.14387 0.953223
2000 pop1 1.13653 0.947112
2000 pop2 1.15205 0.960042
2100 pop1 1.13458 0.945479
2100 pop2 1.14731 0.956091
2200 pop1 1.13682 0.947353
2200 pop2 1.14758 0.956318
2300 pop1 1.13258 0.943813
2300 pop2 1.1521 0.96008
2400 pop1 1.14206 0.951714
2400 pop2 1.14197 0.95164
2500 pop1 1.14436 0.953634
2500 pop2 1.14281 0.952344
2600 pop1 1.13721 0.947671
2600 pop2 1.14847 0.957058
2700 pop1 1.1439 0.95325
2700 pop2 1.14272 0.952269
2800 pop1 1.13577 0.946477
2800 pop2 1.14936 0.957803
2900 pop1 1.14624 0.955198
2900 pop2 1.14158 0.951315
3000 pop1 1.14927 0.957726
3000 pop2 1.14121 0.951009
3100 pop1 1.14112 0.950933
3100 pop2 1.1432 0.952664
3200 pop1 1.1447 0.953915
3200 pop2 1.14743 0.956195
3300 pop1 1.1484 0.956998
3300 pop2 1.14177 0.951475
3400 pop1 1.15162 0.959683
3400 pop2 1.13172 0.943103
3500 pop1 1.14235 0.951957
3500 pop2 1.14173 0.951442
3600 pop1 1.14178 0.951481
3600 pop2 1.14759 0.956329
3700 pop1 1.14022 0.950185
3700 pop2 1.14994 0.958287
3800 pop1 1.14623 0.955191
3800 pop2 1.13919 0.949328
3900 pop1 1.14667 0.955554
3900 pop2 1.13695 0.947454
4000 pop1 1.14631 0.955256
4000 pop2 1.13645 0.947043
4100 pop1 1.1438 0.953169
4100 pop2 1.13625 0.946878
4200 pop1 1.14672 0.9556
4200 pop2 1.14398 0.953318
4300 pop1 1.14269 0.952243
4300 pop2 1.14205 0.951711
4400 pop1 1.13782 0.94818
4400 pop2 1.1477 0.956416
4500 pop1 1.14411 0.953423
4500 pop2 1.14161 0.951339
4600 pop1 1.1458 0.954835
4600 pop2 1.14223 0.951859
4700 pop1 1.14125 0.951039
4700 pop2 1.13223 0.943524
4800 pop1 1.14093 0.950778
4800 pop2 1.14705 0.955872
4900 pop1 1.13785 0.948207
4900 pop2 1.14243 0.952023
5000 pop1 1.1497 0.958086
5000 pop2 1.13787 0.948227
