1 pop1 1.0 0.833333
1 pop2 1.0 0.833333
100 pop1 1.18679 0.988995
100 pop2 1.19061 0.992172
200 pop1 1.19353 0.99461
200 pop2 1.18993 0.991606
300 pop1 1.18778 0.989815
300 pop2 1.19314 0.994286
400 pop1 1.19384 0.99487
400 pop2 1.1897 0.991417
500 pop1 1.19521 0.996005
500 pop2 1.19177 0.99314
600 pop1 1.19243 0.99369
600 pop2 1.18894 0.990785
700 pop1 1.19468 0.995567
700 pop2 1.18767 0.989726
800 pop1 1.19014 0.99178
800 pop2 1.19 0.991665
900 pop1 1.19261 0.99384
900 pop2 1.18996 0.991631
1000 pop1 1.19526 0.996048
1000 pop2 1.19408 0.995067
1100 pop1 1.19977 0.999809
1100 pop2 0.994398 0.828665
1200 pop1 1.20168 1.0014
1200 pop2 0.993716 0.828097
1300 pop1 1.19938 0.999481
1300 pop2 0.997722 0.831435
1400 pop1 1.20501 1.00418
1400 pop2 0.998206 0.831838
1500 pop1 1.20882 1.00735
1500 pop2 0.998869 0.832391
1600 pop1 1.2101 1.00841
1600 pop2 1.0 0.833333
1700 pop1 1.21001 1.00834
1700 pop2 1.0 0.833333
1800 pop1 1.21 1.00833
1800 pop2 1.0 0.833333
1900 pop1 1.21 1.00833
1900 pop2 1.0 0.833333
2000 pop1 1.21 1.00833
2000 pop2 1.0 0.833333
2100 pop1 1.21 1.00833
2100 pop2 1.0 0.833333
2200 pop1 1.21 1.00833
2200 pop2 1.0 0.833333
2300 pop1 1.21 1.00833
2300 pop2 1.0 0.833333
2400 pop1 1.21 1.00833
2400 pop2 1.0 0.833333
2500 pop1 1.21 1.00833
2500 pop2 1.0 0.833333
2600 pop1 1.21 1.00833
2600 pop2 1.0 0.833333
2700 pop1 1.21 1.00833
2700 pop2 1.0 0.833333
2800 pop1 1.21 1.00833
2800 pop2 1.0 0.833333
2900 pop1 1.21 1.00833
2900 pop2 1.0 0.833333
3000 pop1 1.21 1.00833
3000 pop2 1.0 0.833333
3100 pop1 1.21 1.00833
3100 pop2 1.0 0.833333
3200 pop1 1.21 1.00833
3200 pop2 1.0 0.833333
3300 pop1 1.21 1.00833
3300 pop2 1.0 0.833333
3400 pop1 1.21 1.00833
3400 pop2 1.0 0.833333
3500 pop1 1.21 1.00833
3500 pop2 1.0 0.833333
3600 pop1 1.21 1.00833
3600 pop2 1.0 0.833333
3700 pop1 1.21 1.00833
3700 pop2 1.0 0.833333
3800 pop1 1.21 1.00833
3800 pop2 1.0 0.833333
3900 pop1 1.21 1.00833
3900 pop2 1.0 0.833333
4000 pop1 1.21 1.00833
4000 pop2 1.0 0.833333
4100 pop1 1.21 1.00833
4100 pop2 1.0 0.833333
4200 pop1 1.21 1.00833
4200 pop2 1.0 0.833333
4300 pop1 1.21 1.00833
4300 pop2 1.0 0.833333
4400 pop1 1.21 1.00833
4400 pop2 1.0 0.833333
4500 pop1 1.21 1.00833
4500 pop2 1.0 0.833333
4600 pop1 1.21 1.00833
4600 pop2 1.0 0.833333
4700 pop1 1.21 1.00833
4700 pop2 1.0 0.833333
4800 pop1 1.21 1.00833
4800 pop2 1.0 0.833333
4900 pop1 1.21 1.00833
4900 pop2 1.0 0.833333
5000 pop1 1.21 1.00833
5000 pop2 1.0 0.833333
