1 pop1 1.0 0.833333
1 pop2 1.0 0.833333
100 pop1 1.06969 0.891408
100 pop2 1.07344 0.894536
200 pop1 1.06292 0.88577
200 pop2 1.08128 0.90107
300 pop1 1.07158 0.89298
300 pop2 1.06551 0.887923
400 pop1 1.07213 0.893441
400 pop2 1.07445 0.895377
500 pop1 1.06716 0.889304
500 pop2 1.06851 0.890427
600 pop1 1.06669 0.88891
600 pop2 1.07214 0.893452
700 pop1 1.07489 0.895738
700 pop2 1.06438 0.886983
800 pop1 1.07028 0.891899
800 pop2 1.0669 0.889084
900 pop1 1.06669 0.88891
900 pop2 1.08073 0.900606
1000 pop1 1.06815 0.890121
1000 pop2 1.07066 0.892218
1100 pop1 1.10914 0.924285
1100 pop2 1.13165 0.94304
1200 pop1 1.10758 0.922981
1200 pop2 1.1281 0.940083
1300 pop1 1.13115 0.942623
1300 pop2 1.12115 0.934293
1400 pop1 1.1237 0.936415
1400 pop2 1.12062 0.933854
1500 pop1 1.13198 0.943317
1500 pop2 1.1141 0.928419
1600 pop1 1.12364 0.93637
1600 pop2 1.12043 0.933689
1700 pop1 1.12132 0.934435
1700 pop2 1.12112 0.934263
1800 pop1 1.13175 0.943128
1800 pop2 1.11162 0.926349
1900 pop1 1.12572 0.9381
1900 pop2 1.12014 0.933449
2000 pop1 1.11851 0.932091
2000 pop2 1.12538 0.937819
2100 pop1 1.11932 0.932766
2100 pop2 1.12861 0.94051
2200 pop1 1.11911 0.932592
2200 pop2 1.1229 0.935751
2300 pop1 1.12075 0.933958
2300 pop2 1.12291 0.935761
2400 pop1 1.10919 0.924322
2400 pop2 1.13444 0.945363
2500 pop1 1.11211 0.926758
2500 pop2 1.12706 0.939214
2600 pop1 1.11413 0.928443
2600 pop2 1.13053 0.942107
2700 pop1 1.12591 0.938262
2700 pop2 1.1177 0.931418
2800 pop1 1.12728 0.939399
2800 pop2 1.12302 0.935854
2900 pop1 1.12436 0.936968
2900 pop2 1.11414 0.928451
3000 pop1 1.12704 0.939203
3000 pop2 1.11546 0.929549
3100 pop1 1.12222 0.935187
3100 pop2 1.1225 0.93542
3200 pop1 1.13887 0.949057
3200 pop2 1.10775 0.923122
3300 pop1 1.12919 0.940988
3300 pop2 1.11721 0.931004
3400 pop1 1.12034 0.933618
3400 pop2 1.12177 0.93481
3500 pop1 1.12284 0.935698
3500 pop2 1.12622 0.938514
3600 pop1 1.12383 0.936524
3600 pop2 1.12051 0.933759
3700 pop1 1.12063 0.93386
3700 pop2 1.12182 0.934853
3800 pop1 1.12773 0.939772
3800 pop2 1.12236 0.935304
3900 pop1 1.12098 0.934147
3900 pop2 1.12284 0.9357
4000 pop1 1.12873 0.940609
4000 pop2 1.11457 0.92881
4100 pop1 1.11996 0.933297
4100 pop2 1.12514 0.937619
4200 pop1 1.12419 0.936821
4200 pop2 1.12313 0.935941
4300 pop1 1.12907 0.940891
4300 pop2 1.11875 0.932294
4400 pop1 1.12041 0.933673
4400 pop2 1.12137 0.934473
4500 pop1 1.12992 0.941598
4500 pop2 1.11879 0.932327
4600 pop1 1.13426 0.945218
4600 pop2 1.10661 0.922176
4700 pop1 1.1227 0.935586
4700 pop2 1.11696 0.930803
4800 pop1 1.1256 0.938003
4800 pop2 1.11626 0.930213
4900 pop1 1.1261 0.938417
4900 pop2 1.1182 0.931833
5000 pop1 1.13057 0.942145
5000 pop2 1.11299 0.927491
