1 pop1 1.0 0.980392
1 pop2 1.0 0.980392
100 pop1 1.0086 0.988827
100 pop2 1.00382 0.984137
200 pop1 1.00457 0.98487
200 pop2 1.00413 0.984444
300 pop1 1.00735 0.987603
300 pop2 1.00085 0.981221
400 pop1 1.00617 0.986446
400 pop2 1.00509 0.985384
500 pop1 1.00679 0.987047
500 pop2 1.00251 0.982856
600 pop1 1.00922 0.989435
600 pop2 0.999684 0.980082
700 pop1 1.00781 0.988049
700 pop2 1.00234 0.982685
800 pop1 1.00639 0.986653
800 pop2 1.00487 0.985169
900 pop1 1.00585 0.98613
900 pop2 1.00533 0.985621
1000 pop1 1.00593 0.986203
1000 pop2 1.00428 0.984584
1100 pop1 1.0085 0.988728
1100 pop2 1.00682 0.98708
1200 pop1 1.01089 0.991073
1200 pop2 1.00894 0.989155
1300 pop1 1.01188 0.992039
1300 pop2 1.00926 0.98947
1400 pop1 1.01265 0.992792
1400 pop2 1.0101 0.990295
1500 pop1 1.01401 0.994128
1500 pop2 1.01104 0.991211
1600 pop1 1.01272 0.99286
1600 pop2 1.01183 0.991992
1700 pop1 1.01172 0.991882
1700 pop2 1.0106 0.990783
1800 pop1 1.01083 0.991006
1800 pop2 1.0126 0.992742
1900 pop1 1.01162 0.991785
1900 pop2 1.01254 0.992688
2000 pop1 1.01224 0.992394
2000 pop2 1.01203 0.992184
2100 pop1 1.01135 0.991518
2100 pop2 1.01252 0.992669
2200 pop1 1.01151 0.991679
2200 pop2 1.01395 0.99407
2300 pop1 1.01307 0.993201
2300 pop2 1.01286 0.993002
2400 pop1 1.01247 0.992618
2400 pop2 1.01323 0.993364
2500 pop1 1.0113 0.991469
2500 pop2 1.01413 0.994242
2600 pop1 1.01097 0.991148
2600 pop2 1.01463 0.994731
2700 pop1 1.01015 0.990341
2700 pop2 1.0145 0.994608
2800 pop1 1.0106 0.990789
2800 pop2 1.01466 0.994769
2900 pop1 1.01012 0.990309
2900 pop2 1.01338 0.993514
3000 pop1 1.00909 0.989308
3000 pop2 1.01428 0.994394
3100 pop1 1.00992 0.990116
3100 pop2 1.01384 0.993964
3200 pop1 1.01025 0.990436
3200 pop2 1.01334 0.993471
3300 pop1 1.01139 0.991556
3300 pop2 1.01277 0.992915
3400 pop1 1.01221 0.992361
3400 pop2 1.01367 0.993795
3500 pop1 1.01062 0.990804
3500 pop2 1.01221 0.992366
3600 pop1 1.01253 0.992674
3600 pop2 1.01253 0.992673
3700 pop1 1.01268 0.992824
3700 pop2 1.01391 0.994027
3800 pop1 1.01128 0.991449
3800 pop2 1.01385 0.993968
3900 pop1 1.01008 0.99027
3900 pop2 1.013 0.993138
4000 pop1 1.01186 0.992019
4000 pop2 1.01283 0.992973
4100 pop1 1.01043 0.990622
4100 pop2 1.01352 0.993644
4200 pop1 1.01317 0.993307
4200 pop2 1.01258 0.992728
4300 pop1 1.0135 0.993624
4300 pop2 1.01307 0.993203
4400 pop1 1.012 0.992159
4400 pop2 1.01367 0.99379
4500 pop1 1.01269 0.992836
4500 pop2 1.01158 0.991743
4600 pop1 1.01498 0.995079
4600 pop2 1.0105 0.990689
4700 pop1 1.01441 0.99452
4700 pop2 1.00874 0.988962
4800 pop1 1.01424 0.994353
4800 pop2 1.00925 0.989465
4900 pop1 1.01538 0.995471
4900 pop2 1.0094 0.989608
5000 pop1 1.0163 0.996372
5000 pop2 1.00862 0.988844
