1 pop1 1.0 0.980392
1 pop2 1.0 0.980392
100 pop1 1.00326 0.983591
100 pop2 1.00046 0.980846
200 pop1 1.00518 0.985471
200 pop2 0.997917 0.97835
300 pop1 1.00594 0.986218
300 pop2 0.998545 0.978966
400 pop1 1.00604 0.98631
400 pop2 0.998691 0.979109
500 pop1 1.0052 0.985492
500 pop2 0.998102 0.978532
600 pop1 1.0047 0.985003
600 pop2 0.998137 0.978566
700 pop1 1.00372 0.984037
700 pop2 1.00029 0.980678
800 pop1 1.0007 0.981081
800 pop2 1.00338 0.983701
900 pop1 0.998757 0.979173
900 pop2 1.00561 0.985887
1000 pop1 0.998351 0.978776
1000 pop2 1.00431 0.984617
1100 pop1 1.00734 0.987585
1100 pop2 0.995362 0.975845
1200 pop1 1.01248 0.992631
1200 pop2 0.994215 0.97472
1300 pop1 1.01738 0.99743
1300 pop2 0.993612 0.974129
1400 pop1 1.01817 0.998209
1400 pop2 0.994326 0.97483
1500 pop1 1.01808 0.998117
1500 pop2 0.996026 0.976496
1600 pop1 1.01899 0.999011
1600 pop2 0.996014 0.976485
1700 pop1 1.01893 0.998952
1700 pop2 0.997385 0.977829
1800 pop1 1.0198 0.999802
1800 pop2 0.998368 0.978793
1900 pop1 1.01982 0.999823
1900 pop2 0.998919 0.979332
2000 pop1 1.0201 1.0001
2000 pop2 0.999816 0.980212
2100 pop1 1.0201 1.0001
2100 pop2 0.999653 0.980052
2200 pop1 1.0201 1.0001
2200 pop2 0.999988 0.98038
2300 pop1 1.0201 1.0001
2300 pop2 1.0 0.980392
2400 pop1 1.0201 1.0001
2400 pop2 1.0 0.980392
2500 pop1 1.0201 1.0001
2500 pop2 1.0 0.980392
2600 pop1 1.0201 1.0001
2600 pop2 1.0 0.980392
2700 pop1 1.0201 1.0001
2700 pop2 1.0 0.980392
2800 pop1 1.0201 1.0001
2800 pop2 1.0 0.980392
2900 pop1 1.0201 1.0001
2900 pop2 1.0 0.980392
3000 pop1 1.0201 1.0001
3000 pop2 1.0 0.980392
3100 pop1 1.0201 1.0001
3100 pop2 1.0 0.980392
3200 pop1 1.0201 1.0001
3200 pop2 1.0 0.980392
3300 pop1 1.0201 1.0001
3300 pop2 1.0 0.980392
3400 pop1 1.0201 1.0001
3400 pop2 1.0 0.980392
3500 pop1 1.0201 1.0001
3500 pop2 1.0 0.980392
3600 pop1 1.0201 1.0001
3600 pop2 1.0 0.980392
3700 pop1 1.0201 1.0001
3700 pop2 1.0 0.980392
3800 pop1 1.0201 1.0001
3800 pop2 1.0 0.980392
3900 pop1 1.0201 1.0001
3900 pop2 1.0 0.980392
4000 pop1 1.0201 1.0001
4000 pop2 1.0 0.980392
4100 pop1 1.0201 1.0001
4100 pop2 1.0 0.980392
4200 pop1 1.0201 1.0001
4200 pop2 1.0 0.980392
4300 pop1 1.0201 1.0001
4300 pop2 1.0 0.980392
4400 pop1 1.0201 1.0001
4400 pop2 1.0 0.980392
4500 pop1 1.0201 1.0001
4500 pop2 1.0 0.980392
4600 pop1 1.0201 1.0001
4600 pop2 1.0 0.980392
4700 pop1 1.0201 1.0001
4700 pop2 1.0 0.980392
4800 pop1 1.0201 1.0001
4800 pop2 1.0 0.980392
4900 pop1 1.0201 1.0001
4900 pop2 1.0 0.980392
5000 pop1 1.0201 1.0001
5000 pop2 1.0 0.980392
