1 pop1 1.0 0.980392
1 pop2 1.0 0.980392
100 pop1 1.00101 0.981378
100 pop2 1.00154 0.981906
200 pop1 1.00052 0.980903
200 pop2 1.00096 0.981336
300 pop1 1.00058 0.980958
300 pop2 1.00091 0.98128
400 pop1 1.00127 0.981638
400 pop2 0.999207 0.979615
500 pop1 1.00379 0.984103
500 pop2 0.998631 0.97905
600 pop1 1.0016 0.981963
600 pop2 1.0001 0.980487
700 pop1 1.00403 0.984344
700 pop2 0.999483 0.979886
800 pop1 1.0014 0.981764
800 pop2 0.999282 0.979688
900 pop1 1.00053 0.980914
900 pop2 1.00071 0.981084
1000 pop1 1.0019 0.982255
1000 pop2 0.999275 0.979681
1100 pop1 1.00459 0.984896
1100 pop2 1.00066 0.981038
1200 pop1 1.00597 0.986243
1200 pop2 1.00375 0.984071
1300 pop1 1.00782 0.988056
1300 pop2 1.00727 0.987522
1400 pop1 1.00556 0.985843
1400 pop2 1.01131 0.991485
1500 pop1 1.00484 0.985139
1500 pop2 1.01436 0.994472
1600 pop1 1.00497 0.985265
1600 pop2 1.01442 0.994533
1700 pop1 1.006 0.986277
1700 pop2 1.01503 0.995128
1800 pop1 1.00308 0.983414
1800 pop2 1.01705 0.997105
1900 pop1 1.00331 0.983634
1900 pop2 1.01686 0.996925
2000 pop1 1.00351 0.983833
2000 pop2 1.01673 0.996792
2100 pop1 1.00308 0.983412
2100 pop2 1.01732 0.997377
2200 pop1 1.00363 0.983949
2200 pop2 1.01658 0.996651
2300 pop1 1.00414 0.984455
2300 pop2 1.01647 0.996535
2400 pop1 1.00372 0.984043
2400 pop2 1.01674 0.996806
2500 pop1 1.00292 0.983254
2500 pop2 1.01728 0.997337
2600 pop1 1.00361 0.983933
2600 pop2 1.0163 0.996368
2700 pop1 1.00409 0.984403
2700 pop2 1.01654 0.996611
2800 pop1 1.0045 0.984805
2800 pop2 1.01618 0.996258
2900 pop1 1.00445 0.984759
2900 pop2 1.01518 0.995277
3000 pop1 1.0053 0.985587
3000 pop2 1.01558 0.99567
3100 pop1 1.00561 0.985888
3100 pop2 1.01495 0.995046
3200 pop1 1.00562 0.985897
3200 pop2 1.01478 0.994885
3300 pop1 1.00599 0.986268
3300 pop2 1.01475 0.994851
3400 pop1 1.00593 0.986209
3400 pop2 1.01511 0.995206
3500 pop1 1.00792 0.988153
3500 pop2 1.01234 0.992489
3600 pop1 1.00683 0.987085
3600 pop2 1.01435 0.994461
3700 pop1 1.00577 0.986053
3700 pop2 1.01516 0.995253
3800 pop1 1.00634 0.986606
3800 pop2 1.01481 0.994916
3900 pop1 1.00635 0.986621
3900 pop2 1.0142 0.994311
4000 pop1 1.00695 0.987205
4000 pop2 1.01378 0.993903
4100 pop1 1.00734 0.987588
4100 pop2 1.0127 0.992841
4200 pop1 1.00681 0.987066
4200 pop2 1.0144 0.99451
4300 pop1 1.00546 0.985744
4300 pop2 1.0146 0.994707
4400 pop1 1.0057 0.985982
4400 pop2 1.0158 0.995884
4500 pop1 1.00596 0.986235
4500 pop2 1.01451 0.994621
4600 pop1 1.00655 0.986813
4600 pop2 1.0144 0.99451
4700 pop1 1.00743 0.987675
4700 pop2 1.01295 0.993092
4800 pop1 1.00783 0.98807
4800 pop2 1.01322 0.993357
4900 pop1 1.00958 0.98978
4900 pop2 1.01105 0.99123
5000 pop1 1.0097 0.989903
5000 pop2 1.01252 0.992665
