1 pop1 1.0 0.980392
1 pop2 1.0 0.980392
100 pop1 1.00778 0.988015
100 pop2 1.00657 0.98683
200 pop1 1.01065 0.990831
200 pop2 1.00793 0.988168
300 pop1 1.00776 0.988
300 pop2 1.00761 0.987851
400 pop1 1.01094 0.991121
400 pop2 1.00524 0.985533
500 pop1 1.01087 0.99105
500 pop2 1.0056 0.985878
600 pop1 1.0099 0.990098
600 pop2 1.00684 0.987099
700 pop1 1.00857 0.988795
700 pop2 1.00706 0.987318
800 pop1 1.00873 0.988949
800 pop2 1.00897 0.989185
900 pop1 1.00806 0.988293
900 pop2 1.0086 0.988823
1000 pop1 1.00805 0.988286
1000 pop2 1.00945 0.989657
1100 pop1 1.01321 0.993341
1100 pop2 0.995604 0.976083
1200 pop1 1.01558 0.995669
1200 pop2 0.996359 0.976822
1300 pop1 1.01486 0.99496
1300 pop2 0.99575 0.976226
1400 pop1 1.01562 0.995707
1400 pop2 0.995684 0.976161
1500 pop1 1.01816 0.998196
1500 pop2 0.995653 0.97613
1600 pop1 1.01916 0.999179
1600 pop2 0.9961 0.976568
1700 pop1 1.01917 0.99919
1700 pop2 0.994807 0.975301
1800 pop1 1.01942 0.999435
1800 pop2 0.994751 0.975247
1900 pop1 1.01946 0.999474
1900 pop2 0.995292 0.975777
2000 pop1 1.01945 0.999459
2000 pop2 0.994632 0.97513
2100 pop1 1.02006 1.00006
2100 pop2 0.995863 0.976336
2200 pop1 1.02009 1.00009
2200 pop2 0.996452 0.976914
2300 pop1 1.01985 0.999853
2300 pop2 0.997735 0.978172
2400 pop1 1.01999 0.999992
2400 pop2 0.998193 0.978621
2500 pop1 1.01977 0.999776
2500 pop2 0.999294 0.9797
2600 pop1 1.01992 0.999926
2600 pop2 0.999972 0.980365
2700 pop1 1.0201 1.0001
2700 pop2 0.999828 0.980224
2800 pop1 1.0201 1.0001
2800 pop2 0.999537 0.979938
2900 pop1 1.0201 1.0001
2900 pop2 0.999645 0.980044
3000 pop1 1.0201 1.0001
3000 pop2 0.999789 0.980185
3100 pop1 1.0201 1.0001
3100 pop2 0.999765 0.980161
3200 pop1 1.0201 1.0001
3200 pop2 1.0 0.980392
3300 pop1 1.0201 1.0001
3300 pop2 1.0 0.980392
3400 pop1 1.0201 1.0001
3400 pop2 1.0 0.980392
3500 pop1 1.0201 1.0001
3500 pop2 1.0 0.980392
3600 pop1 1.0201 1.0001
3600 pop2 1.0 0.980392
3700 pop1 1.0201 1.0001
3700 pop2 1.0 0.980392
3800 pop1 1.0201 1.0001
3800 pop2 1.0 0.980392
3900 pop1 1.0201 1.0001
3900 pop2 1.0 0.980392
4000 pop1 1.0201 1.0001
4000 pop2 1.0 0.980392
4100 pop1 1.0201 1.0001
4100 pop2 1.0 0.980392
4200 pop1 1.0201 1.0001
4200 pop2 1.0 0.980392
4300 pop1 1.0201 1.0001
4300 pop2 1.0 0.980392
4400 pop1 1.0201 1.0001
4400 pop2 1.0 0.980392
4500 pop1 1.0201 1.0001
4500 pop2 1.0 0.980392
4600 pop1 1.0201 1.0001
4600 pop2 1.0 0.980392
4700 pop1 1.0201 1.0001
4700 pop2 1.0 0.980392
4800 pop1 1.0201 1.0001
4800 pop2 1.0 0.980392
4900 pop1 1.0201 1.0001
4900 pop2 1.0 0.980392
5000 pop1 1.0201 1.0001
5000 pop2 1.0 0.980392
