1 pop1 1.0 0.980392
1 pop2 1.0 0.980392
100 pop1 0.999428 0.979831
100 pop2 1.00329 0.98362
200 pop1 0.999972 0.980365
200 pop2 1.00249 0.982832
300 pop1 1.00005 0.980444
300 pop2 1.00217 0.982521
400 pop1 1.00175 0.982108
400 pop2 0.99917 0.979578
500 pop1 1.00051 0.980892
500 pop2 1.00189 0.982247
600 pop1 0.999994 0.980387
600 pop2 1.00158 0.981944
700 pop1 0.99973 0.980128
700 pop2 1.00126 0.981625
800 pop1 0.998473 0.978895
800 pop2 1.00295 0.983286
900 pop1 0.997934 0.978366
900 pop2 1.004 0.984309
1000 pop1 0.997947 0.978379
1000 pop2 1.00429 0.984595
1100 pop1 1.00122 0.981585
1100 pop2 0.998832 0.979247
1200 pop1 1.00579 0.986065
1200 pop2 1.00343 0.983754
1300 pop1 1.00533 0.98562
1300 pop2 1.00732 0.987567
1400 pop1 1.00788 0.988121
1400 pop2 1.00876 0.98898
1500 pop1 1.00691 0.987166
1500 pop2 1.01197 0.992127
1600 pop1 1.00677 0.98703
1600 pop2 1.01241 0.992559
1700 pop1 1.00607 0.98634
1700 pop2 1.01307 0.993205
1800 pop1 1.00478 0.985081
1800 pop2 1.01498 0.995083
1900 pop1 1.00398 0.984298
1900 pop2 1.01537 0.995461
2000 pop1 1.00414 0.984446
2000 pop2 1.01506 0.995159
2100 pop1 1.00434 0.984649
2100 pop2 1.01491 0.995005
2200 pop1 1.00487 0.985168
2200 pop2 1.01492 0.995019
2300 pop1 1.00519 0.985483
2300 pop2 1.01486 0.99496
2400 pop1 1.00531 0.985599
2400 pop2 1.01406 0.994177
2500 pop1 1.006 0.986272
2500 pop2 1.01359 0.99372
2600 pop1 1.00667 0.986934
2600 pop2 1.01273 0.992874
2700 pop1 1.0058 0.986078
2700 pop2 1.01357 0.993693
2800 pop1 1.00472 0.985023
2800 pop2 1.01557 0.995659
2900 pop1 1.00503 0.985325
2900 pop2 1.01483 0.994929
3000 pop1 1.00493 0.985226
3000 pop2 1.01456 0.994669
3100 pop1 1.00474 0.985035
3100 pop2 1.01496 0.995063
3200 pop1 1.0056 0.985879
3200 pop2 1.0137 0.993823
3300 pop1 1.0062 0.986469
3300 pop2 1.01244 0.992592
3400 pop1 1.00802 0.988254
3400 pop2 1.01129 0.991458
3500 pop1 1.0091 0.989312
3500 pop2 1.00964 0.989842
3600 pop1 1.00781 0.988052
3600 pop2 1.01158 0.991744
3700 pop1 1.00681 0.987068
3700 pop2 1.0127 0.992846
3800 pop1 1.00723 0.98748
3800 pop2 1.01291 0.993044
3900 pop1 1.00572 0.985997
3900 pop2 1.01365 0.993773
4000 pop1 1.00743 0.987675
4000 pop2 1.01304 0.993176
4100 pop1 1.00619 0.986465
4100 pop2 1.01322 0.993358
4200 pop1 1.00651 0.986776
4200 pop2 1.01397 0.994083
4300 pop1 1.00518 0.985475
4300 pop2 1.01498 0.995076
4400 pop1 1.00389 0.98421
4400 pop2 1.01657 0.996639
4500 pop1 1.00366 0.983979
4500 pop2 1.01589 0.995972
4600 pop1 1.00367 0.98399
4600 pop2 1.01614 0.996216
4700 pop1 1.00405 0.984359
4700 pop2 1.01556 0.995644
4800 pop1 1.00461 0.984909
4800 pop2 1.01563 0.995712
4900 pop1 1.00479 0.985088
4900 pop2 1.0159 0.995979
5000 pop1 1.00467 0.984972
5000 pop2 1.01591 0.995995
