1 pop1 1.0 0.980392
1 pop2 1.0 0.980392
100 pop1 0.999045 0.979456
100 pop2 1.00238 0.982726
200 pop1 0.997757 0.978193
200 pop2 1.00319 0.983522
300 pop1 0.999573 0.979974
300 pop2 1.002 0.98235
400 pop1 1.00034 0.980724
400 pop2 1.00164 0.982
500 pop1 1.00273 0.983071
500 pop2 0.998433 0.978856
600 pop1 1.00136 0.981721
600 pop2 0.999163 0.979572
700 pop1 1.00287 0.983206
700 pop2 0.997217 0.977664
800 pop1 1.00375 0.984073
800 pop2 0.99715 0.977598
900 pop1 1.00421 0.984522
900 pop2 0.997341 0.977785
1000 pop1 1.00333 0.983655
1000 pop2 0.998224 0.978651
1100 pop1 1.0076 0.987844
1100 pop2 1.00093 0.981307
1200 pop1 1.00873 0.988949
1200 pop2 1.0033 0.98363
1300 pop1 1.00938 0.989584
1300 pop2 1.00589 0.986171
1400 pop1 1.0082 0.988432
1400 pop2 1.00911 0.989327
1500 pop1 1.00748 0.987727
1500 pop2 1.01051 0.990695
1600 pop1 1.00743 0.987675
1600 pop2 1.01061 0.990792
1700 pop1 1.00735 0.987599
1700 pop2 1.01054 0.990725
1800 pop1 1.00596 0.986231
1800 pop2 1.01248 0.992626
1900 pop1 1.00521 0.985502
1900 pop2 1.01377 0.993888
2000 pop1 1.00355 0.983873
2000 pop2 1.0152 0.995295
2100 pop1 1.00337 0.983695
2100 pop2 1.01603 0.996107
2200 pop1 1.00344 0.983766
2200 pop2 1.01641 0.996479
2300 pop1 1.00258 0.982919
2300 pop2 1.01706 0.997114
2400 pop1 1.00287 0.983204
2400 pop2 1.01698 0.997034
2500 pop1 1.00239 0.982733
2500 pop2 1.01716 0.997217
2600 pop1 1.00187 0.982224
2600 pop2 1.01774 0.997787
2700 pop1 1.00137 0.981738
2700 pop2 1.01834 0.998377
2800 pop1 1.00134 0.98171
2800 pop2 1.01861 0.998633
2900 pop1 1.00118 0.981547
2900 pop2 1.01864 0.998666
3000 pop1 1.00116 0.981532
3000 pop2 1.01867 0.998698
3100 pop1 1.00049 0.980872
3100 pop2 1.01941 0.999426
3200 pop1 1.0001 0.980493
3200 pop2 1.01985 0.999852
3300 pop1 1.00027 0.980652
3300 pop2 1.01986 0.999861
3400 pop1 1.00007 0.98046
3400 pop2 1.01992 0.999926
3500 pop1 1.00004 0.980436
3500 pop2 1.0199 0.999904
3600 pop1 1.00009 0.980483
3600 pop2 1.01988 0.999878
3700 pop1 1.00008 0.980473
3700 pop2 1.02002 1.00002
3800 pop1 0.999904 0.980298
3800 pop2 1.0201 1.0001
3900 pop1 0.999904 0.980298
3900 pop2 1.0201 1.0001
4000 pop1 0.999902 0.980296
4000 pop2 1.0201 1.0001
4100 pop1 0.999902 0.980297
4100 pop2 1.0201 1.0001
4200 pop1 0.999903 0.980297
4200 pop2 1.0201 1.0001
4300 pop1 0.999905 0.980299
4300 pop2 1.02011 1.0001
4400 pop1 0.999903 0.980297
4400 pop2 1.0201 1.0001
4500 pop1 0.999905 0.980299
4500 pop2 1.02011 1.0001
4600 pop1 0.999904 0.980298
4600 pop2 1.0201 1.0001
4700 pop1 0.999902 0.980296
4700 pop2 1.0201 1.0001
4800 pop1 0.9999 0.980294
4800 pop2 1.0201 1.0001
4900 pop1 0.9999 0.980294
4900 pop2 1.0201 1.0001
5000 pop1 0.9999 0.980294
5000 pop2 1.0201 1.0001
