1 pop1 1.0 0.909091
1 pop2 1.0 0.909091
100 pop1 1.08359 0.985085
100 pop2 1.08128 0.982978
200 pop1 1.08574 0.987036
200 pop2 1.08427 0.985703
300 pop1 1.08074 0.982488
300 pop2 1.08274 0.984311
400 pop1 1.0858 0.987091
400 pop2 1.08391 0.985375
500 pop1 1.08175 0.983411
500 pop2 1.08351 0.98501
600 pop1 1.0818 0.983459
600 pop2 1.0812 0.982908
700 pop1 1.08489 0.98626
700 pop2 1.08314 0.98467
800 pop1 1.08409 0.98554
800 pop2 1.0833 0.984814
900 pop1 1.08056 0.982331
900 pop2 1.0819 0.983544
1000 pop1 1.08214 0.983759
1000 pop2 1.08692 0.988114
1100 pop1 1.08701 0.988189
1100 pop2 1.07307 0.975522
1200 pop1 1.08434 0.985767
1200 pop2 1.0828 0.984361
1300 pop1 1.08555 0.98686
1300 pop2 1.0843 0.985723
1400 pop1 1.08336 0.984875
1400 pop2 1.08869 0.989715
1500 pop1 1.08645 0.987679
1500 pop2 1.08323 0.984751
1600 pop1 1.08798 0.989076
1600 pop2 1.08476 0.986143
1700 pop1 1.08511 0.986461
1700 pop2 1.08676 0.987967
1800 pop1 1.08464 0.986036
1800 pop2 1.08396 0.985421
1900 pop1 1.08168 0.983347
1900 pop2 1.08297 0.984516
2000 pop1 1.08177 0.983429
2000 pop2 1.08522 0.986567
2100 pop1 1.08584 0.987124
2100 pop2 1.08774 0.98885
2200 pop1 1.08446 0.985872
2200 pop2 1.08513 0.986482
2300 pop1 1.08527 0.986606
2300 pop2 1.0838 0.985269
2400 pop1 1.08541 0.986738
2400 pop2 1.08606 0.987329
2500 pop1 1.08801 0.989099
2500 pop2 1.08089 0.98263
2600 pop1 1.08612 0.987385
2600 pop2 1.08548 0.986804
2700 pop1 1.08566 0.986962
2700 pop2 1.08501 0.986374
2800 pop1 1.0863 0.987542
2800 pop2 1.08722 0.988379
2900 pop1 1.08498 0.986349
2900 pop2 1.08439 0.985806
3000 pop1 1.08617 0.987423
3000 pop2 1.08703 0.988213
3100 pop1 1.08553 0.986847
3100 pop2 1.08623 0.987481
3200 pop1 1.08532 0.98665
3200 pop2 1.08582 0.987109
3300 pop1 1.08478 0.986167
3300 pop2 1.08684 0.988038
3400 pop1 1.08578 0.987073
3400 pop2 1.08366 0.98515
3500 pop1 1.08595 0.987231
3500 pop2 1.08741 0.988552
3600 pop1 1.0879 0.989002
3600 pop2 1.08125 0.982952
3700 pop1 1.08121 0.982921
3700 pop2 1.08622 0.987477
3800 pop1 1.0861 0.987367
3800 pop2 1.08654 0.987765
3900 pop1 1.0846 0.985999
3900 pop2 1.08668 0.987892
4000 pop1 1.08636 0.987597
4000 pop2 1.08439 0.985811
4100 pop1 1.08348 0.98498
4100 pop2 1.08464 0.986033
4200 pop1 1.08294 0.984494
4200 pop2 1.08501 0.986377
4300 pop1 1.08501 0.986369
4300 pop2 1.08432 0.985749
4400 pop1 1.08551 0.98683
4400 pop2 1.08432 0.985748
4500 pop1 1.08873 0.989752
4500 pop2 1.08164 0.983312
4600 pop1 1.08393 0.985392
4600 pop2 1.08276 0.984325
4700 pop1 1.08345 0.984958
4700 pop2 1.08716 0.988328
4800 pop1 1.08481 0.986194
4800 pop2 1.08505 0.986407
4900 pop1 1.08349 0.984993
4900 pop2 1.08753 0.988663
5000 pop1 1.08332 0.984832
5000 pop2 1.08582 0.987107
