1 pop1 1.0 0.980392
1 pop2 1.0 0.980392
100 pop1 1.00488 0.985172
100 pop2 0.9993 0.979706
200 pop1 1.00263 0.982975
200 pop2 1.00061 0.980986
300 pop1 1.00093 0.981307
300 pop2 1.00025 0.980637
400 pop1 0.999703 0.980101
400 pop2 1.00132 0.98169
500 pop1 1.00008 0.980471
500 pop2 1.00218 0.982533
600 pop1 0.997917 0.97835
600 pop2 1.00303 0.983362
700 pop1 0.99819 0.978617
700 pop2 1.00344 0.983763
800 pop1 0.995418 0.9759
800 pop2 1.00616 0.986431
900 pop1 0.995985 0.976456
900 pop2 1.00589 0.986167
1000 pop1 0.994943 0.975434
1000 pop2 1.00669 0.986955
1100 pop1 1.00129 0.981656
1100 pop2 1.00509 0.985379
1200 pop1 1.00245 0.982796
1200 pop2 1.00819 0.988422
1300 pop1 1.00551 0.985798
1300 pop2 1.01133 0.991501
1400 pop1 1.00806 0.988293
1400 pop2 1.01033 0.990516
1500 pop1 1.00692 0.987172
1500 pop2 1.01108 0.991254
1600 pop1 1.00602 0.986294
1600 pop2 1.01357 0.9937
1700 pop1 1.0045 0.984799
1700 pop2 1.01582 0.995906
1800 pop1 1.00371 0.984029
1800 pop2 1.01611 0.99619
1900 pop1 1.00412 0.984435
1900 pop2 1.0157 0.995781
2000 pop1 1.00354 0.983863
2000 pop2 1.01614 0.996214
2100 pop1 1.00372 0.984041
2100 pop2 1.01595 0.996034
2200 pop1 1.00157 0.981927
2200 pop2 1.01852 0.998553
2300 pop1 1.00177 0.982126
2300 pop2 1.01819 0.998227
2400 pop1 1.00186 0.982216
2400 pop2 1.01827 0.998307
2500 pop1 1.00268 0.983016
2500 pop2 1.01671 0.996775
2600 pop1 1.0027 0.983042
2600 pop2 1.0174 0.997448
2700 pop1 1.00304 0.983377
2700 pop2 1.01734 0.997391
2800 pop1 1.00231 0.982659
2800 pop2 1.01758 0.997627
2900 pop1 1.00148 0.981839
2900 pop2 1.01855 0.998574
3000 pop1 1.00083 0.981206
3000 pop2 1.01867 0.9987
3100 pop1 1.0011 0.981473
3100 pop2 1.01912 0.999139
3200 pop1 1.00087 0.981246
3200 pop2 1.01913 0.999145
3300 pop1 1.00047 0.980855
3300 pop2 1.01927 0.999289
3400 pop1 1.00046 0.980845
3400 pop2 1.01979 0.999798
3500 pop1 1.00014 0.980529
3500 pop2 1.01965 0.999658
3600 pop1 1.00046 0.980847
3600 pop2 1.01978 0.99978
3700 pop1 1.00034 0.98073
3700 pop2 1.01967 0.999673
3800 pop1 1.0001 0.98049
3800 pop2 1.01981 0.999812
3900 pop1 1.00094 0.981314
3900 pop2 1.01918 0.999196
4000 pop1 1.00101 0.981378
4000 pop2 1.01926 0.999277
4100 pop1 1.00073 0.981108
4100 pop2 1.01947 0.999477
4200 pop1 1.00023 0.980621
4200 pop2 1.01986 0.999867
4300 pop1 1.00033 0.980718
4300 pop2 1.01953 0.999537
4400 pop1 1.00041 0.980798
4400 pop2 1.01952 0.999531
4500 pop1 1.00065 0.981034
4500 pop2 1.0194 0.999411
4600 pop1 1.00047 0.980849
4600 pop2 1.01965 0.999654
4700 pop1 1.00035 0.980737
4700 pop2 1.01978 0.999788
4800 pop1 0.999922 0.980315
4800 pop2 1.0201 1.0001
4900 pop1 0.999913 0.980306
4900 pop2 1.02011 1.00011
5000 pop1 0.999915 0.980309
5000 pop2 1.02011 1.00011
