1 pop1 1.0 0.909091
1 pop2 1.0 0.909091
100 pop1 1.03771 0.943369
100 pop2 1.0356 0.941451
200 pop1 1.04056 0.945965
200 pop2 1.03348 0.939528
300 pop1 1.03572 0.941565
300 pop2 1.03379 0.939806
400 pop1 1.03283 0.938935
400 pop2 1.03713 0.942841
500 pop1 1.03702 0.942744
500 pop2 1.03137 0.937611
600 pop1 1.03886 0.944422
600 pop2 1.03198 0.938164
700 pop1 1.02368 0.93062
700 pop2 1.03647 0.942246
800 pop1 1.02008 0.927341
800 pop2 1.04161 0.94692
900 pop1 1.02698 0.933618
900 pop2 1.03555 0.941411
1000 pop1 1.03739 0.943085
1000 pop2 1.03067 0.936975
1100 pop1 1.07001 0.97274
1100 pop2 1.0427 0.947906
1200 pop1 1.0616 0.965095
1200 pop2 1.05845 0.962231
1300 pop1 1.06051 0.964102
1300 pop2 1.06192 0.965383
1400 pop1 1.05946 0.963146
1400 pop2 1.06213 0.965577
1500 pop1 1.06126 0.964781
1500 pop2 1.06651 0.969554
1600 pop1 1.05572 0.959744
1600 pop2 1.06683 0.969848
1700 pop1 1.05936 0.963051
1700 pop2 1.06528 0.96844
1800 pop1 1.05197 0.956333
1800 pop2 1.06962 0.972383
1900 pop1 1.05525 0.959322
1900 pop2 1.06605 0.969135
2000 pop1 1.05732 0.961196
2000 pop2 1.06516 0.968328
2100 pop1 1.06089 0.964447
2100 pop2 1.05879 0.962537
2200 pop1 1.05563 0.959667
2200 pop2 1.06654 0.969578
2300 pop1 1.06003 0.963667
2300 pop2 1.06225 0.96568
2400 pop1 1.05905 0.962771
2400 pop2 1.06308 0.966434
2500 pop1 1.06619 0.969266
2500 pop2 1.05398 0.958165
2600 pop1 1.06261 0.966014
2600 pop2 1.06061 0.964194
2700 pop1 1.05359 0.957807
2700 pop2 1.06676 0.969779
2800 pop1 1.0548 0.958907
2800 pop2 1.06658 0.969615
2900 pop1 1.06472 0.967924
2900 pop2 1.06042 0.964022
3000 pop1 1.06367 0.966973
3000 pop2 1.05959 0.963262
3100 pop1 1.06227 0.965703
3100 pop2 1.05904 0.962762
3200 pop1 1.05837 0.962152
3200 pop2 1.06315 0.966502
3300 pop1 1.06677 0.969787
3300 pop2 1.05939 0.963083
3400 pop1 1.06028 0.963893
3400 pop2 1.0633 0.966639
3500 pop1 1.06025 0.963868
3500 pop2 1.06316 0.966511
3600 pop1 1.05993 0.963569
3600 pop2 1.06315 0.966497
3700 pop1 1.06359 0.966897
3700 pop2 1.06187 0.965337
3800 pop1 1.05554 0.959578
3800 pop2 1.06482 0.968015
3900 pop1 1.0577 0.961548
3900 pop2 1.06406 0.967324
4000 pop1 1.05555 0.959592
4000 pop2 1.06307 0.966431
4100 pop1 1.06121 0.964736
4100 pop2 1.06485 0.968049
4200 pop1 1.06063 0.964208
4200 pop2 1.06338 0.966705
4300 pop1 1.06134 0.964853
4300 pop2 1.06559 0.968714
4400 pop1 1.06633 0.969395
4400 pop2 1.05547 0.959521
4500 pop1 1.05741 0.961278
4500 pop2 1.0649 0.968089
4600 pop1 1.06175 0.965226
4600 pop2 1.05993 0.963573
4700 pop1 1.06005 0.963681
4700 pop2 1.06412 0.967377
4800 pop1 1.06152 0.965023
4800 pop2 1.06135 0.964861
4900 pop1 1.0638 0.967093
4900 pop2 1.05741 0.961278
5000 pop1 1.06289 0.966267
5000 pop2 1.05766 0.961509
