1 pop1 1.0 0.833333
1 pop2 1.0 0.833333
100 pop1 1.07033 0.891939
100 pop2 1.06414 0.88678
200 pop1 1.06321 0.886011
200 pop2 1.05672 0.880596
300 pop1 1.07778 0.89815
300 pop2 1.06938 0.891146
400 pop1 1.06221 0.885175
400 pop2 1.07814 0.898446
500 pop1 1.05704 0.880863
500 pop2 1.07522 0.896013
600 pop1 1.08006 0.900048
600 pop2 1.06383 0.886523
700 pop1 1.06955 0.891292
700 pop2 1.06131 0.884421
800 pop1 1.06924 0.891031
800 pop2 1.07273 0.89394
900 pop1 1.0735 0.894585
900 pop2 1.067 0.889163
1000 pop1 1.06872 0.8906
1000 pop2 1.0777 0.898084
1100 pop1 1.12633 0.938605
1100 pop2 1.11324 0.927702
1200 pop1 1.1205 0.933746
1200 pop2 1.12461 0.937176
1300 pop1 1.12971 0.941429
1300 pop2 1.116 0.929999
1400 pop1 1.11942 0.932848
1400 pop2 1.11948 0.932899
1500 pop1 1.12901 0.940843
1500 pop2 1.11627 0.930223
1600 pop1 1.13055 0.942122
1600 pop2 1.11426 0.928546
1700 pop1 1.12073 0.933941
1700 pop2 1.1254 0.937835
1800 pop1 1.12641 0.938674
1800 pop2 1.11716 0.930971
1900 pop1 1.11993 0.933277
1900 pop2 1.11938 0.932816
2000 pop1 1.1261 0.938418
2000 pop2 1.11976 0.933133
2100 pop1 1.11928 0.932729
2100 pop2 1.1213 0.934417
2200 pop1 1.12289 0.935739
2200 pop2 1.1174 0.931167
2300 pop1 1.12305 0.935873
2300 pop2 1.12128 0.934399
2400 pop1 1.12323 0.936025
2400 pop2 1.11943 0.932861
2500 pop1 1.12331 0.936088
2500 pop2 1.11894 0.932447
2600 pop1 1.12052 0.933763
2600 pop2 1.11931 0.932759
2700 pop1 1.12577 0.938138
2700 pop2 1.11437 0.928643
2800 pop1 1.11894 0.932452
2800 pop2 1.12596 0.938301
2900 pop1 1.11859 0.932155
2900 pop2 1.11687 0.930723
3000 pop1 1.11418 0.928481
3000 pop2 1.12611 0.938424
3100 pop1 1.1255 0.937916
3100 pop2 1.11438 0.928647
3200 pop1 1.12664 0.938866
3200 pop2 1.11866 0.932216
3300 pop1 1.11433 0.928609
3300 pop2 1.1255 0.937915
3400 pop1 1.13223 0.943526
3400 pop2 1.10777 0.923145
3500 pop1 1.13179 0.943156
3500 pop2 1.1099 0.924914
3600 pop1 1.12713 0.939272
3600 pop2 1.11904 0.93253
3700 pop1 1.12925 0.941042
3700 pop2 1.11343 0.927857
3800 pop1 1.13313 0.944278
3800 pop2 1.11063 0.925525
3900 pop1 1.12414 0.93678
3900 pop2 1.11748 0.931233
4000 pop1 1.12962 0.941353
4000 pop2 1.12146 0.934547
4100 pop1 1.12617 0.938473
4100 pop2 1.11332 0.927766
4200 pop1 1.12944 0.941204
4200 pop2 1.11508 0.92923
4300 pop1 1.12778 0.939817
4300 pop2 1.11921 0.932676
4400 pop1 1.12492 0.937429
4400 pop2 1.11341 0.927838
4500 pop1 1.12884 0.940699
4500 pop2 1.11666 0.930546
4600 pop1 1.12789 0.939907
4600 pop2 1.11643 0.930359
4700 pop1 1.12954 0.941283
4700 pop2 1.11839 0.931995
4800 pop1 1.11702 0.930848
4800 pop2 1.12965 0.941373
4900 pop1 1.12153 0.934606
4900 pop2 1.1212 0.934332
5000 pop1 1.11683 0.930694
5000 pop2 1.11732 0.931097
