1 pop1 1.0 0.833333
1 pop2 1.0 0.833333
100 pop1 1.1903 0.991913
100 pop2 1.19145 0.992872
200 pop1 1.19154 0.992954
200 pop2 1.18863 0.990524
300 pop1 1.18955 0.991289
300 pop2 1.19226 0.99355
400 pop1 1.19128 0.992734
400 pop2 1.19224 0.99353
500 pop1 1.19259 0.993827
500 pop2 1.19043 0.992026
600 pop1 1.1951 0.995918
600 pop2 1.18991 0.991592
700 pop1 1.18883 0.990693
700 pop2 1.1892 0.991003
800 pop1 1.19328 0.994404
800 pop2 1.19767 0.998062
900 pop1 1.19041 0.992007
900 pop2 1.19179 0.993155
1000 pop1 1.19378 0.994818
1000 pop2 1.19258 0.993818
1100 pop1 1.19965 0.999711
1100 pop2 0.988472 0.823727
1200 pop1 1.19638 0.996981
1200 pop2 0.993359 0.827799
1300 pop1 1.20406 1.00339
1300 pop2 0.993477 0.827898
1400 pop1 1.20397 1.00331
1400 pop2 0.991205 0.826004
1500 pop1 1.20517 1.00431
1500 pop2 0.996841 0.830701
1600 pop1 1.20838 1.00698
1600 pop2 0.998518 0.832098
1700 pop1 1.20957 1.00798
1700 pop2 0.998596 0.832163
1800 pop1 1.21021 1.00851
1800 pop2 0.998947 0.832456
1900 pop1 1.21005 1.00838
1900 pop2 0.999727 0.833106
2000 pop1 1.21002 1.00835
2000 pop2 1.0 0.833333
2100 pop1 1.21001 1.00834
2100 pop2 1.0 0.833333
2200 pop1 1.21 1.00833
2200 pop2 1.0 0.833333
2300 pop1 1.21 1.00833
2300 pop2 1.0 0.833333
2400 pop1 1.21 1.00833
2400 pop2 1.0 0.833333
2500 pop1 1.21 1.00833
2500 pop2 1.0 0.833333
2600 pop1 1.21 1.00833
2600 pop2 1.0 0.833333
2700 pop1 1.21 1.00833
2700 pop2 1.0 0.833333
2800 pop1 1.21 1.00833
2800 pop2 1.0 0.833333
2900 pop1 1.21 1.00833
2900 pop2 1.0 0.833333
3000 pop1 1.21 1.00833
3000 pop2 1.0 0.833333
3100 pop1 1.21 1.00833
3100 pop2 1.0 0.833333
3200 pop1 1.21 1.00833
3200 pop2 1.0 0.833333
3300 pop1 1.21 1.00833
3300 pop2 1.0 0.833333
3400 pop1 1.21 1.00833
3400 pop2 1.0 0.833333
3500 pop1 1.21 1.00833
3500 pop2 1.0 0.833333
3600 pop1 1.21 1.00833
3600 pop2 1.0 0.833333
3700 pop1 1.21 1.00833
3700 pop2 1.0 0.833333
3800 pop1 1.21 1.00833
3800 pop2 1.0 0.833333
3900 pop1 1.21 1.00833
3900 pop2 1.0 0.833333
4000 pop1 1.21 1.00833
4000 pop2 1.0 0.833333
4100 pop1 1.21 1.00833
4100 pop2 1.0 0.833333
4200 pop1 1.21 1.00833
4200 pop2 1.0 0.833333
4300 pop1 1.21 1.00833
4300 pop2 1.0 0.833333
4400 pop1 1.21 1.00833
4400 pop2 1.0 0.833333
4500 pop1 1.21 1.00833
4500 pop2 1.0 0.833333
4600 pop1 1.21 1.00833
4600 pop2 1.0 0.833333
4700 pop1 1.21 1.00833
4700 pop2 1.0 0.833333
4800 pop1 1.21 1.00833
4800 pop2 1.0 0.833333
4900 pop1 1.21 1.00833
4900 pop2 1.0 0.833333
5000 pop1 1.21 1.00833
5000 pop2 1.0 0.833333
