1 pop1 1.0 0.980392
1 pop2 1.0 0.980392
100 pop1 1.00197 0.98232
100 pop2 0.999533 0.979934
200 pop1 1.00348 0.983805
200 pop2 0.997927 0.978359
300 pop1 1.00094 0.981315
300 pop2 1.00073 0.981103
400 pop1 1.00067 0.981049
400 pop2 1.00059 0.980971
500 pop1 1.00189 0.982247
500 pop2 1.00038 0.980766
600 pop1 1.0039 0.984219
600 pop2 0.99837 0.978794
700 pop1 0.999901 0.980295
700 pop2 1.00166 0.982015
800 pop1 1.00233 0.982673
800 pop2 0.998396 0.97882
900 pop1 1.00283 0.983167
900 pop2 0.999571 0.979972
1000 pop1 1.00493 0.985226
1000 pop2 0.996656 0.977113
1100 pop1 1.01355 0.993677
1100 pop2 0.995629 0.976107
1200 pop1 1.01668 0.996744
1200 pop2 0.995777 0.976252
1300 pop1 1.01857 0.998598
1300 pop2 0.99613 0.976598
1400 pop1 1.01955 0.999562
1400 pop2 0.996309 0.976774
1500 pop1 1.01969 0.999696
1500 pop2 0.996174 0.976641
1600 pop1 1.01936 0.999371
1600 pop2 0.996924 0.977376
1700 pop1 1.02003 1.00003
1700 pop2 0.997199 0.977646
1800 pop1 1.0201 1.0001
1800 pop2 0.9982 0.978628
1900 pop1 1.0201 1.0001
1900 pop2 0.998775 0.979191
2000 pop1 1.0201 1.0001
2000 pop2 0.999665 0.980064
2100 pop1 1.0201 1.0001
2100 pop2 0.99988 0.980275
2200 pop1 1.0201 1.0001
2200 pop2 1.0 0.980392
2300 pop1 1.0201 1.0001
2300 pop2 1.0 0.980392
2400 pop1 1.0201 1.0001
2400 pop2 1.0 0.980392
2500 pop1 1.0201 1.0001
2500 pop2 1.0 0.980392
2600 pop1 1.0201 1.0001
2600 pop2 1.0 0.980392
2700 pop1 1.0201 1.0001
2700 pop2 1.0 0.980392
2800 pop1 1.0201 1.0001
2800 pop2 1.0 0.980392
2900 pop1 1.0201 1.0001
2900 pop2 1.0 0.980392
3000 pop1 1.0201 1.0001
3000 pop2 1.0 0.980392
3100 pop1 1.0201 1.0001
3100 pop2 1.0 0.980392
3200 pop1 1.0201 1.0001
3200 pop2 1.0 0.980392
3300 pop1 1.0201 1.0001
3300 pop2 1.0 0.980392
3400 pop1 1.0201 1.0001
3400 pop2 1.0 0.980392
3500 pop1 1.0201 1.0001
3500 pop2 1.0 0.980392
3600 pop1 1.0201 1.0001
3600 pop2 1.0 0.980392
3700 pop1 1.0201 1.0001
3700 pop2 1.0 0.980392
3800 pop1 1.0201 1.0001
3800 pop2 1.0 0.980392
3900 pop1 1.0201 1.0001
3900 pop2 1.0 0.980392
4000 pop1 1.0201 1.0001
4000 pop2 1.0 0.980392
4100 pop1 1.0201 1.0001
4100 pop2 1.0 0.980392
4200 pop1 1.0201 1.0001
4200 pop2 1.0 0.980392
4300 pop1 1.0201 1.0001
4300 pop2 1.0 0.980392
4400 pop1 1.0201 1.0001
4400 pop2 1.0 0.980392
4500 pop1 1.0201 1.0001
4500 pop2 1.0 0.980392
4600 pop1 1.0201 1.0001
4600 pop2 1.0 0.980392
4700 pop1 1.0201 1.0001
4700 pop2 1.0 0.980392
4800 pop1 1.0201 1.0001
4800 pop2 1.0 0.980392
4900 pop1 1.0201 1.0001
4900 pop2 1.0 0.980392
5000 pop1 1.0201 1.0001
5000 pop2 1.0 0.980392
