1 pop1 1.0 0.980392
1 pop2 1.0 0.980392
100 pop1 1.00336 0.983686
100 pop2 0.999384 0.979788
200 pop1 1.00298 0.983316
200 pop2 0.999287 0.979693
300 pop1 1.0026 0.982937
300 pop2 0.996785 0.97724
400 pop1 1.00524 0.985533
400 pop2 0.997109 0.977558
500 pop1 1.00405 0.984361
500 pop2 0.997985 0.978417
600 pop1 1.00204 0.982392
600 pop2 0.998861 0.979275
700 pop1 0.999915 0.980309
700 pop2 1.00199 0.98234
800 pop1 1.00078 0.981158
800 pop2 1.00052 0.9809
900 pop1 1.00025 0.980642
900 pop2 1.00147 0.981835
1000 pop1 1.00042 0.980806
1000 pop2 1.00192 0.982272
1100 pop1 1.00938 0.989591
1100 pop2 0.994265 0.97477
1200 pop1 1.01624 0.99631
1200 pop2 0.993187 0.973713
1300 pop1 1.01732 0.997375
1300 pop2 0.993156 0.973682
1400 pop1 1.01863 0.998655
1400 pop2 0.992331 0.972873
1500 pop1 1.01808 0.998116
1500 pop2 0.99369 0.974206
1600 pop1 1.01902 0.999038
1600 pop2 0.994561 0.97506
1700 pop1 1.01925 0.999263
1700 pop2 0.995858 0.976331
1800 pop1 1.01994 0.999939
1800 pop2 0.997036 0.977487
1900 pop1 1.02005 1.00005
1900 pop2 0.9983 0.978726
2000 pop1 1.0201 1.0001
2000 pop2 0.999134 0.979543
2100 pop1 1.0201 1.0001
2100 pop2 0.999697 0.980095
2200 pop1 1.0201 1.0001
2200 pop2 0.999984 0.980376
2300 pop1 1.0201 1.0001
2300 pop2 1.0 0.980392
2400 pop1 1.0201 1.0001
2400 pop2 1.0 0.980392
2500 pop1 1.0201 1.0001
2500 pop2 1.0 0.980392
2600 pop1 1.0201 1.0001
2600 pop2 1.0 0.980392
2700 pop1 1.0201 1.0001
2700 pop2 1.0 0.980392
2800 pop1 1.0201 1.0001
2800 pop2 1.0 0.980392
2900 pop1 1.0201 1.0001
2900 pop2 1.0 0.980392
3000 pop1 1.0201 1.0001
3000 pop2 1.0 0.980392
3100 pop1 1.0201 1.0001
3100 pop2 1.0 0.980392
3200 pop1 1.0201 1.0001
3200 pop2 1.0 0.980392
3300 pop1 1.0201 1.0001
3300 pop2 1.0 0.980392
3400 pop1 1.0201 1.0001
3400 pop2 1.0 0.980392
3500 pop1 1.0201 1.0001
3500 pop2 1.0 0.980392
3600 pop1 1.0201 1.0001
3600 pop2 1.0 0.980392
3700 pop1 1.0201 1.0001
3700 pop2 1.0 0.980392
3800 pop1 1.0201 1.0001
3800 pop2 1.0 0.980392
3900 pop1 1.0201 1.0001
3900 pop2 1.0 0.980392
4000 pop1 1.0201 1.0001
4000 pop2 1.0 0.980392
4100 pop1 1.0201 1.0001
4100 pop2 1.0 0.980392
4200 pop1 1.0201 1.0001
4200 pop2 1.0 0.980392
4300 pop1 1.0201 1.0001
4300 pop2 1.0 0.980392
4400 pop1 1.0201 1.0001
4400 pop2 1.0 0.980392
4500 pop1 1.0201 1.0001
4500 pop2 1.0 0.980392
4600 pop1 1.0201 1.0001
4600 pop2 1.0 0.980392
4700 pop1 1.0201 1.0001
4700 pop2 1.0 0.980392
4800 pop1 1.0201 1.0001
4800 pop2 1.0 0.980392
4900 pop1 1.0201 1.0001
4900 pop2 1.0 0.980392
5000 pop1 1.0201 1.0001
5000 pop2 1.0 0.980392
