1 pop1 1.0 0.909091
1 pop2 1.0 0.909091
100 pop1 1.03753 0.943209
100 pop2 1.03262 0.938742
200 pop1 1.03779 0.943449
200 pop2 1.03065 0.936953
300 pop1 1.03635 0.942132
300 pop2 1.03371 0.93974
400 pop1 1.03699 0.942716
400 pop2 1.03145 0.937684
500 pop1 1.03018 0.936527
500 pop2 1.03489 0.940807
600 pop1 1.02763 0.934207
600 pop2 1.03706 0.942785
700 pop1 1.03234 0.938495
700 pop2 1.03499 0.940898
800 pop1 1.0304 0.936724
800 pop2 1.03907 0.944611
900 pop1 1.03212 0.938289
900 pop2 1.04294 0.948125
1000 pop1 1.03365 0.939678
1000 pop2 1.03139 0.937625
1100 pop1 1.05601 0.960008
1100 pop2 1.05559 0.959625
1200 pop1 1.05074 0.955215
1200 pop2 1.06742 0.97038
1300 pop1 1.04921 0.953826
1300 pop2 1.06517 0.968337
1400 pop1 1.04807 0.95279
1400 pop2 1.06858 0.97144
1500 pop1 1.04721 0.95201
1500 pop2 1.07207 0.974607
1600 pop1 1.04904 0.953669
1600 pop2 1.07081 0.973466
1700 pop1 1.04855 0.953231
1700 pop2 1.06616 0.969235
1800 pop1 1.05858 0.96235
1800 pop2 1.06091 0.964463
1900 pop1 1.05289 0.957175
1900 pop2 1.06493 0.96812
2000 pop1 1.05283 0.957117
2000 pop2 1.07028 0.972978
2100 pop1 1.05342 0.957658
2100 pop2 1.06535 0.968498
2200 pop1 1.05837 0.962158
2200 pop2 1.06334 0.966672
2300 pop1 1.06389 0.967174
2300 pop2 1.05641 0.96037
2400 pop1 1.05632 0.960287
2400 pop2 1.06533 0.968477
2500 pop1 1.06258 0.965981
2500 pop2 1.06028 0.963893
2600 pop1 1.05399 0.958172
2600 pop2 1.06561 0.968734
2700 pop1 1.059 0.962727
2700 pop2 1.06409 0.967355
2800 pop1 1.06083 0.96439
2800 pop2 1.05791 0.961739
2900 pop1 1.06341 0.966736
2900 pop2 1.05773 0.961569
3000 pop1 1.06051 0.964104
3000 pop2 1.06262 0.966017
3100 pop1 1.06193 0.965393
3100 pop2 1.06341 0.966738
3200 pop1 1.06365 0.966954
3200 pop2 1.06236 0.965781
3300 pop1 1.06931 0.972103
3300 pop2 1.05401 0.958191
3400 pop1 1.06284 0.966219
3400 pop2 1.0571 0.960996
3500 pop1 1.05936 0.963057
3500 pop2 1.06081 0.964371
3600 pop1 1.06454 0.96776
3600 pop2 1.05948 0.963165
3700 pop1 1.06327 0.966606
3700 pop2 1.06125 0.964776
3800 pop1 1.06634 0.969397
3800 pop2 1.0554 0.959459
3900 pop1 1.06092 0.964473
3900 pop2 1.05991 0.963555
4000 pop1 1.06109 0.964625
4000 pop2 1.05957 0.963249
4100 pop1 1.06927 0.972066
4100 pop2 1.05473 0.958849
4200 pop1 1.06782 0.970746
4200 pop2 1.05289 0.957171
4300 pop1 1.06295 0.966316
4300 pop2 1.05465 0.95877
4400 pop1 1.06012 0.963746
4400 pop2 1.05917 0.962886
4500 pop1 1.05885 0.96259
4500 pop2 1.06709 0.970084
4600 pop1 1.06078 0.964348
4600 pop2 1.06183 0.965303
4700 pop1 1.06025 0.96386
4700 pop2 1.06285 0.966224
4800 pop1 1.0663 0.969365
4800 pop2 1.05846 0.962235
4900 pop1 1.06272 0.966109
4900 pop2 1.06117 0.964697
5000 pop1 1.06324 0.966585
5000 pop2 1.06071 0.964281
