1 pop1 1.0 0.980392
1 pop2 1.0 0.980392
100 pop1 1.00148 0.981842
100 pop2 1.00049 0.980874
200 pop1 1.00178 0.982133
200 pop2 0.999921 0.980314
300 pop1 1.00301 0.983346
300 pop2 0.999101 0.979511
400 pop1 1.00068 0.981062
400 pop2 1.00054 0.980926
500 pop1 0.998627 0.979046
500 pop2 1.0022 0.982552
600 pop1 1.00083 0.981203
600 pop2 1.00076 0.981142
700 pop1 1.00112 0.981491
700 pop2 1.00215 0.982501
800 pop1 1.00044 0.980825
800 pop2 1.0032 0.983531
900 pop1 0.998817 0.979232
900 pop2 1.00361 0.983933
1000 pop1 0.998631 0.97905
1000 pop2 1.00307 0.983406
1100 pop1 1.00325 0.98358
1100 pop2 1.00195 0.9823
1200 pop1 1.00668 0.986938
1200 pop2 1.00618 0.986449
1300 pop1 1.00718 0.987435
1300 pop2 1.0098 0.989996
1400 pop1 1.00755 0.987793
1400 pop2 1.01146 0.991631
1500 pop1 1.00577 0.986052
1500 pop2 1.01345 0.993583
1600 pop1 1.00532 0.985612
1600 pop2 1.01529 0.995384
1700 pop1 1.0062 0.986474
1700 pop2 1.01385 0.99397
1800 pop1 1.0045 0.984802
1800 pop2 1.01473 0.994834
1900 pop1 1.00678 0.987044
1900 pop2 1.01287 0.993009
2000 pop1 1.00518 0.985475
2000 pop2 1.01482 0.994924
2100 pop1 1.00475 0.985044
2100 pop2 1.01588 0.995958
2200 pop1 1.00296 0.983291
2200 pop2 1.01662 0.99669
2300 pop1 1.00225 0.982594
2300 pop2 1.01791 0.997949
2400 pop1 1.00198 0.982332
2400 pop2 1.01813 0.998167
2500 pop1 1.00092 0.981294
2500 pop2 1.01898 0.999
2600 pop1 1.00138 0.981747
2600 pop2 1.01844 0.998466
2700 pop1 1.0026 0.982945
2700 pop2 1.01683 0.996889
2800 pop1 1.00251 0.982855
2800 pop2 1.01772 0.997769
2900 pop1 1.00315 0.98348
2900 pop2 1.01729 0.99734
3000 pop1 1.00309 0.983418
3000 pop2 1.01674 0.996804
3100 pop1 1.00292 0.983255
3100 pop2 1.01677 0.996833
3200 pop1 1.00352 0.983842
3200 pop2 1.01692 0.996984
3300 pop1 1.00366 0.983983
3300 pop2 1.01649 0.996559
3400 pop1 1.00413 0.984437
3400 pop2 1.01661 0.996672
3500 pop1 1.00371 0.984032
3500 pop2 1.01678 0.996841
3600 pop1 1.00317 0.983497
3600 pop2 1.01691 0.996974
3700 pop1 1.00307 0.983401
3700 pop2 1.01725 0.997308
3800 pop1 1.00331 0.983633
3800 pop2 1.01742 0.997467
3900 pop1 1.00441 0.984721
3900 pop2 1.01624 0.996312
4000 pop1 1.00359 0.98391
4000 pop2 1.01692 0.996983
4100 pop1 1.00429 0.984596
4100 pop2 1.01632 0.99639
4200 pop1 1.00497 0.985268
4200 pop2 1.01571 0.995799
4300 pop1 1.00765 0.987892
4300 pop2 1.01371 0.993829
4400 pop1 1.00812 0.988351
4400 pop2 1.01345 0.993574
4500 pop1 1.00681 0.987065
4500 pop2 1.01466 0.994766
4600 pop1 1.00692 0.987176
4600 pop2 1.01398 0.994095
4700 pop1 1.00762 0.987868
4700 pop2 1.01347 0.9936
4800 pop1 1.00826 0.988489
4800 pop2 1.01244 0.99259
4900 pop1 1.00986 0.99006
4900 pop2 1.01062 0.990808
5000 pop1 1.00985 0.990052
5000 pop2 1.01057 0.990756
