1 pop1 1.0 0.980392
1 pop2 1.0 0.980392
100 pop1 1.0062 0.986474
100 pop2 1.00652 0.986785
200 pop1 1.00567 0.985956
200 pop2 1.00605 0.986322
300 pop1 1.006 0.986278
300 pop2 1.00758 0.987823
400 pop1 1.00842 0.988644
400 pop2 1.00711 0.98736
500 pop1 1.00872 0.988942
500 pop2 1.00815 0.988382
600 pop1 1.0094 0.989611
600 pop2 1.00913 0.989344
700 pop1 1.00777 0.988012
700 pop2 1.00879 0.98901
800 pop1 1.00706 0.987318
800 pop2 1.00872 0.98894
900 pop1 1.0045 0.984804
900 pop2 1.01136 0.991532
1000 pop1 1.00779 0.988027
1000 pop2 1.00785 0.988084
1100 pop1 1.01082 0.991003
1100 pop2 0.99742 0.977862
1200 pop1 1.01576 0.995845
1200 pop2 0.996864 0.977318
1300 pop1 1.01723 0.997281
1300 pop2 0.996537 0.976997
1400 pop1 1.01532 0.995411
1400 pop2 0.997035 0.977486
1500 pop1 1.01603 0.996112
1500 pop2 0.996888 0.977341
1600 pop1 1.01714 0.997193
1600 pop2 0.99676 0.977216
1700 pop1 1.01786 0.997897
1700 pop2 0.996493 0.976954
1800 pop1 1.01765 0.9977
1800 pop2 0.996672 0.97713
1900 pop1 1.01864 0.99867
1900 pop2 0.997143 0.977591
2000 pop1 1.01907 0.999087
2000 pop2 0.997211 0.977658
2100 pop1 1.01977 0.999774
2100 pop2 0.997813 0.978248
2200 pop1 1.01917 0.99919
2200 pop2 0.997774 0.978209
2300 pop1 1.01905 0.999069
2300 pop2 0.997602 0.978041
2400 pop1 1.01944 0.999455
2400 pop2 0.997646 0.978084
2500 pop1 1.01961 0.999621
2500 pop2 0.998492 0.978913
2600 pop1 1.0199 0.999898
2600 pop2 0.999066 0.979477
2700 pop1 1.02006 1.00006
2700 pop2 0.99901 0.979422
2800 pop1 1.0201 1.0001
2800 pop2 0.999246 0.979653
2900 pop1 1.0201 1.0001
2900 pop2 0.999114 0.979524
3000 pop1 1.0201 1.0001
3000 pop2 0.99919 0.979598
3100 pop1 1.0201 1.0001
3100 pop2 0.999102 0.979512
3200 pop1 1.0201 1.0001
3200 pop2 0.999876 0.980271
3300 pop1 1.0201 1.0001
3300 pop2 0.999848 0.980243
3400 pop1 1.0201 1.0001
3400 pop2 0.999868 0.980263
3500 pop1 1.0201 1.0001
3500 pop2 0.999904 0.980298
3600 pop1 1.0201 1.0001
3600 pop2 1.0 0.980392
3700 pop1 1.0201 1.0001
3700 pop2 1.0 0.980392
3800 pop1 1.0201 1.0001
3800 pop2 1.0 0.980392
3900 pop1 1.0201 1.0001
3900 pop2 1.0 0.980392
4000 pop1 1.0201 1.0001
4000 pop2 1.0 0.980392
4100 pop1 1.0201 1.0001
4100 pop2 1.0 0.980392
4200 pop1 1.0201 1.0001
4200 pop2 1.0 0.980392
4300 pop1 1.0201 1.0001
4300 pop2 1.0 0.980392
4400 pop1 1.0201 1.0001
4400 pop2 1.0 0.980392
4500 pop1 1.0201 1.0001
4500 pop2 1.0 0.980392
4600 pop1 1.0201 1.0001
4600 pop2 1.0 0.980392
4700 pop1 1.0201 1.0001
4700 pop2 1.0 0.980392
4800 pop1 1.0201 1.0001
4800 pop2 1.0 0.980392
4900 pop1 1.0201 1.0001
4900 pop2 1.0 0.980392
5000 pop1 1.0201 1.0001
5000 pop2 1.0 0.980392
