1 pop1 1.0 0.909091
1 pop2 1.0 0.909091
100 pop1 1.03999 0.94545
100 pop2 1.03723 0.94294
200 pop1 1.02895 0.93541
200 pop2 1.03485 0.940777
300 pop1 1.03027 0.936608
300 pop2 1.03625 0.942047
400 pop1 1.04024 0.945672
400 pop2 1.028 0.93455
500 pop1 1.02565 0.932409
500 pop2 1.03556 0.941417
600 pop1 1.03489 0.940808
600 pop2 1.03685 0.942589
700 pop1 1.03466 0.940596
700 pop2 1.03202 0.938199
800 pop1 1.03759 0.943268
800 pop2 1.03739 0.943082
900 pop1 1.02845 0.934959
900 pop2 1.03456 0.940512
1000 pop1 1.0342 0.940178
1000 pop2 1.04114 0.946488
1100 pop1 1.07012 0.972837
1100 pop2 1.05234 0.956673
1200 pop1 1.064 0.967274
1200 pop2 1.05729 0.961173
1300 pop1 1.06132 0.96484
1300 pop2 1.0661 0.969181
1400 pop1 1.05315 0.957408
1400 pop2 1.06926 0.972059
1500 pop1 1.05378 0.957986
1500 pop2 1.06887 0.971704
1600 pop1 1.05623 0.960207
1600 pop2 1.06465 0.967868
1700 pop1 1.06293 0.966296
1700 pop2 1.06088 0.964437
1800 pop1 1.06031 0.963914
1800 pop2 1.06402 0.967293
1900 pop1 1.06066 0.964239
1900 pop2 1.06308 0.966438
2000 pop1 1.06359 0.966899
2000 pop2 1.05522 0.959287
2100 pop1 1.06186 0.965326
2100 pop2 1.06011 0.963739
2200 pop1 1.06364 0.966947
2200 pop2 1.05793 0.961754
2300 pop1 1.06219 0.965626
2300 pop2 1.05898 0.962709
2400 pop1 1.0621 0.965542
2400 pop2 1.06147 0.964971
2500 pop1 1.06487 0.968066
2500 pop2 1.05578 0.959803
2600 pop1 1.06476 0.96796
2600 pop2 1.05921 0.962917
2700 pop1 1.05927 0.96297
2700 pop2 1.06126 0.96478
2800 pop1 1.06541 0.968559
2800 pop2 1.0564 0.960364
2900 pop1 1.06274 0.966126
2900 pop2 1.0616 0.965088
3000 pop1 1.05369 0.957904
3000 pop2 1.06453 0.967755
3100 pop1 1.06285 0.966229
3100 pop2 1.06065 0.964229
3200 pop1 1.0623 0.965727
3200 pop2 1.05853 0.962298
3300 pop1 1.05841 0.962188
3300 pop2 1.06577 0.96888
3400 pop1 1.0622 0.965639
3400 pop2 1.05904 0.962759
3500 pop1 1.06655 0.969593
3500 pop2 1.05775 0.96159
3600 pop1 1.05942 0.963114
3600 pop2 1.06292 0.96629
3700 pop1 1.06283 0.966207
3700 pop2 1.05811 0.961921
3800 pop1 1.06422 0.967474
3800 pop2 1.05592 0.959927
3900 pop1 1.05333 0.957569
3900 pop2 1.06867 0.971517
4000 pop1 1.061 0.964547
4000 pop2 1.06194 0.965398
4100 pop1 1.062 0.965457
4100 pop2 1.06454 0.96776
4200 pop1 1.06318 0.966527
4200 pop2 1.06323 0.96657
4300 pop1 1.06349 0.966805
4300 pop2 1.05527 0.959335
4400 pop1 1.05971 0.963368
4400 pop2 1.06176 0.965237
4500 pop1 1.06224 0.965676
4500 pop2 1.06233 0.965752
4600 pop1 1.06741 0.970369
4600 pop2 1.05537 0.959424
4700 pop1 1.06104 0.964581
4700 pop2 1.06163 0.965118
4800 pop1 1.06575 0.96886
4800 pop2 1.05881 0.962558
4900 pop1 1.06653 0.96957
4900 pop2 1.05646 0.960416
5000 pop1 1.0677 0.970638
5000 pop2 1.05367 0.957878
