1 pop1 1.0 0.980392
1 pop2 1.0 0.980392
100 pop1 1.00124 0.981608
100 pop2 0.999614 0.980014
200 pop1 0.999724 0.980121
200 pop2 1.00112 0.981494
300 pop1 0.998031 0.978462
300 pop2 1.00293 0.983269
400 pop1 0.995087 0.975576
400 pop2 1.00581 0.98609
500 pop1 0.994878 0.975371
500 pop2 1.0068 0.987054
600 pop1 0.995182 0.975669
600 pop2 1.00532 0.98561
700 pop1 0.995534 0.976013
700 pop2 1.00561 0.985889
800 pop1 0.995599 0.976078
800 pop2 1.00496 0.985251
900 pop1 0.995676 0.976153
900 pop2 1.00494 0.985235
1000 pop1 0.997596 0.978035
1000 pop2 1.00257 0.982911
1100 pop1 1.0026 0.982945
1100 pop2 1.00833 0.98856
1200 pop1 1.00287 0.983207
1200 pop2 1.01171 0.99187
1300 pop1 1.00405 0.984365
1300 pop2 1.01361 0.99374
1400 pop1 1.00422 0.984525
1400 pop2 1.01512 0.995216
1500 pop1 1.00386 0.984178
1500 pop2 1.01559 0.995672
1600 pop1 1.00325 0.983576
1600 pop2 1.01638 0.996448
1700 pop1 1.00256 0.982905
1700 pop2 1.01712 0.997175
1800 pop1 1.00257 0.982916
1800 pop2 1.01681 0.996871
1900 pop1 1.00328 0.983607
1900 pop2 1.01635 0.996423
2000 pop1 1.00392 0.984231
2000 pop2 1.01497 0.995065
2100 pop1 1.00217 0.982516
2100 pop2 1.01809 0.99813
2200 pop1 1.0029 0.983231
2200 pop2 1.01687 0.996934
2300 pop1 1.00234 0.982689
2300 pop2 1.01701 0.997071
2400 pop1 1.00239 0.982738
2400 pop2 1.01732 0.99737
2500 pop1 1.00262 0.982958
2500 pop2 1.01684 0.996904
2600 pop1 1.00268 0.983024
2600 pop2 1.01704 0.997103
2700 pop1 1.00213 0.982484
2700 pop2 1.01758 0.997628
2800 pop1 1.00153 0.981888
2800 pop2 1.01843 0.998464
2900 pop1 1.00108 0.981447
2900 pop2 1.01881 0.998831
3000 pop1 1.0007 0.98108
3000 pop2 1.01889 0.998912
3100 pop1 1.00035 0.980737
3100 pop2 1.01942 0.999435
3200 pop1 1.00016 0.980553
3200 pop2 1.01984 0.999847
3300 pop1 1.00008 0.980469
3300 pop2 1.01996 0.999957
3400 pop1 0.999921 0.980315
3400 pop2 1.02012 1.00012
3500 pop1 0.999921 0.980315
3500 pop2 1.02012 1.00012
3600 pop1 0.999922 0.980316
3600 pop2 1.02012 1.00012
3700 pop1 0.999923 0.980316
3700 pop2 1.02012 1.00012
3800 pop1 0.999923 0.980316
3800 pop2 1.02012 1.00012
3900 pop1 0.999923 0.980317
3900 pop2 1.02012 1.00012
4000 pop1 0.999923 0.980317
4000 pop2 1.02012 1.00012
4100 pop1 0.999923 0.980317
4100 pop2 1.02012 1.00012
4200 pop1 0.999923 0.980316
4200 pop2 1.02012 1.00012
4300 pop1 0.999919 0.980313
4300 pop2 1.02012 1.00012
4400 pop1 0.999921 0.980314
4400 pop2 1.02012 1.00012
4500 pop1 0.999922 0.980316
4500 pop2 1.02012 1.00012
4600 pop1 0.999923 0.980317
4600 pop2 1.02012 1.00012
4700 pop1 0.999924 0.980317
4700 pop2 1.02012 1.00012
4800 pop1 0.999924 0.980318
4800 pop2 1.02012 1.00012
4900 pop1 0.999923 0.980316
4900 pop2 1.02012 1.00012
5000 pop1 0.999924 0.980318
5000 pop2 1.02013 1.00012
