1 pop1 1.0 0.909091
1 pop2 1.0 0.909091
100 pop1 1.03548 0.941342
100 pop2 1.03235 0.938496
200 pop1 1.03814 0.943761
200 pop2 1.03242 0.938568
300 pop1 1.0306 0.936914
300 pop2 1.034 0.940001
400 pop1 1.03711 0.942831
400 pop2 1.03203 0.938213
500 pop1 1.03747 0.943155
500 pop2 1.03089 0.937169
600 pop1 1.03815 0.943772
600 pop2 1.03131 0.937553
700 pop1 1.03044 0.936767
700 pop2 1.03568 0.941527
800 pop1 1.02751 0.934097
800 pop2 1.03445 0.940406
900 pop1 1.02274 0.929768
900 pop2 1.03517 0.94106
1000 pop1 1.03455 0.940501
1000 pop2 1.03328 0.939349
1100 pop1 1.05515 0.959224
1100 pop2 1.0576 0.961453
1200 pop1 1.05673 0.960662
1200 pop2 1.06152 0.965017
1300 pop1 1.05203 0.956392
1300 pop2 1.06678 0.969804
1400 pop1 1.05305 0.957322
1400 pop2 1.06192 0.965382
1500 pop1 1.05012 0.954652
1500 pop2 1.06492 0.968113
1600 pop1 1.05104 0.955488
1600 pop2 1.06729 0.970261
1700 pop1 1.05254 0.956854
1700 pop2 1.06921 0.972007
1800 pop1 1.05658 0.960527
1800 pop2 1.06502 0.968198
1900 pop1 1.05765 0.961497
1900 pop2 1.06805 0.970955
2000 pop1 1.05972 0.96338
2000 pop2 1.06657 0.969607
2100 pop1 1.05707 0.960975
2100 pop2 1.0661 0.969179
2200 pop1 1.0583 0.962094
2200 pop2 1.06506 0.968233
2300 pop1 1.05803 0.961846
2300 pop2 1.0617 0.965185
2400 pop1 1.06702 0.970014
2400 pop2 1.05863 0.962392
2500 pop1 1.06106 0.964597
2500 pop2 1.0612 0.964729
2600 pop1 1.05531 0.959377
2600 pop2 1.06658 0.969615
2700 pop1 1.05922 0.962925
2700 pop2 1.06427 0.967515
2800 pop1 1.06173 0.965207
2800 pop2 1.05885 0.962587
2900 pop1 1.05921 0.962919
2900 pop2 1.05986 0.963506
3000 pop1 1.05938 0.963073
3000 pop2 1.06369 0.966995
3100 pop1 1.06232 0.965747
3100 pop2 1.0626 0.965996
3200 pop1 1.05972 0.963384
3200 pop2 1.06332 0.966655
3300 pop1 1.06649 0.969535
3300 pop2 1.05371 0.95792
3400 pop1 1.0635 0.966818
3400 pop2 1.06342 0.966747
3500 pop1 1.0565 0.960453
3500 pop2 1.05892 0.962652
3600 pop1 1.0618 0.965276
3600 pop2 1.0629 0.966273
3700 pop1 1.06476 0.967966
3700 pop2 1.05802 0.961835
3800 pop1 1.06998 0.972707
3800 pop2 1.05283 0.957121
3900 pop1 1.06427 0.967523
3900 pop2 1.06052 0.964109
4000 pop1 1.06122 0.964748
4000 pop2 1.06067 0.96425
4100 pop1 1.06082 0.964381
4100 pop2 1.06119 0.964716
4200 pop1 1.05981 0.963463
4200 pop2 1.06008 0.96371
4300 pop1 1.05989 0.963536
4300 pop2 1.06177 0.96525
4400 pop1 1.0573 0.961179
4400 pop2 1.06089 0.964443
4500 pop1 1.04992 0.954472
4500 pop2 1.07188 0.974439
4600 pop1 1.06721 0.970189
4600 pop2 1.05781 0.961643
4700 pop1 1.06262 0.96602
4700 pop2 1.0566 0.960549
4800 pop1 1.06432 0.967567
4800 pop2 1.05803 0.961848
4900 pop1 1.07049 0.973176
4900 pop2 1.05327 0.957515
5000 pop1 1.06275 0.966134
5000 pop2 1.06079 0.964354
