1 pop1 1.0 0.833333
1 pop2 1.0 0.833333
100 pop1 1.19336 0.994463
100 pop2 1.1914 0.992831
200 pop1 1.1909 0.992415
200 pop2 1.19359 0.994662
300 pop1 1.18745 0.989538
300 pop2 1.18867 0.990561
400 pop1 1.19005 0.991709
400 pop2 1.19049 0.992074
500 pop1 1.18756 0.989636
500 pop2 1.19359 0.994654
600 pop1 1.18993 0.991611
600 pop2 1.19554 0.996279
700 pop1 1.19272 0.993937
700 pop2 1.18768 0.989729
800 pop1 1.19079 0.992323
800 pop2 1.19422 0.995185
900 pop1 1.19344 0.99453
900 pop2 1.19344 0.994537
1000 pop1 1.19376 0.994801
1000 pop2 1.19214 0.993453
1100 pop1 1.20087 1.00072
1100 pop2 0.996802 0.830668
1200 pop1 1.20528 1.0044
1200 pop2 0.997426 0.831188
1300 pop1 1.20874 1.00728
1300 pop2 0.998947 0.832456
1400 pop1 1.2099 1.00825
1400 pop2 0.999454 0.832878
1500 pop1 1.21027 1.00856
1500 pop2 0.99805 0.831708
1600 pop1 1.21 1.00833
1600 pop2 1.0 0.833333
1700 pop1 1.21 1.00833
1700 pop2 1.0 0.833333
1800 pop1 1.21 1.00833
1800 pop2 1.0 0.833333
1900 pop1 1.21 1.00833
1900 pop2 1.0 0.833333
2000 pop1 1.21 1.00833
2000 pop2 1.0 0.833333
2100 pop1 1.21 1.00833
2100 pop2 1.0 0.833333
2200 pop1 1.21 1.00833
2200 pop2 1.0 0.833333
2300 pop1 1.21 1.00833
2300 pop2 1.0 0.833333
2400 pop1 1.21 1.00833
2400 pop2 1.0 0.833333
2500 pop1 1.21 1.00833
2500 pop2 1.0 0.833333
2600 pop1 1.21 1.00833
2600 pop2 1.0 0.833333
2700 pop1 1.21 1.00833
2700 pop2 1.0 0.833333
2800 pop1 1.21 1.00833
2800 pop2 1.0 0.833333
2900 pop1 1.21 1.00833
2900 pop2 1.0 0.833333
3000 pop1 1.21 1.00833
3000 pop2 1.0 0.833333
3100 pop1 1.21 1.00833
3100 pop2 1.0 0.833333
3200 pop1 1.21 1.00833
3200 pop2 1.0 0.833333
3300 pop1 1.21 1.00833
3300 pop2 1.0 0.833333
3400 pop1 1.21 1.00833
3400 pop2 1.0 0.833333
3500 pop1 1.21 1.00833
3500 pop2 1.0 0.833333
3600 pop1 1.21 1.00833
3600 pop2 1.0 0.833333
3700 pop1 1.21 1.00833
3700 pop2 1.0 0.833333
3800 pop1 1.21 1.00833
3800 pop2 1.0 0.833333
3900 pop1 1.21 1.00833
3900 pop2 1.0 0.833333
4000 pop1 1.21 1.00833
4000 pop2 1.0 0.833333
4100 pop1 1.21 1.00833
4100 pop2 1.0 0.833333
4200 pop1 1.21 1.00833
4200 pop2 1.0 0.833333
4300 pop1 1.21 1.00833
4300 pop2 1.0 0.833333
4400 pop1 1.21 1.00833
4400 pop2 1.0 0.833333
4500 pop1 1.21 1.00833
4500 pop2 1.0 0.833333
4600 pop1 1.21 1.00833
4600 pop2 1.0 0.833333
4700 pop1 1.21 1.00833
4700 pop2 1.0 0.833333
4800 pop1 1.21 1.00833
4800 pop2 1.0 0.833333
4900 pop1 1.21 1.00833
4900 pop2 1.0 0.833333
5000 pop1 1.21 1.00833
5000 pop2 1.0 0.833333
