1 pop1 1.0 0.909091
1 pop2 1.0 0.909091
100 pop1 1.00819 0.916535
100 pop2 1.02204 0.929128
200 pop1 1.01016 0.918332
200 pop2 1.02297 0.929974
300 pop1 1.01272 0.920655
300 pop2 1.01408 0.921888
400 pop1 1.0108 0.918908
400 pop2 1.01854 0.925945
500 pop1 1.01101 0.919101
500 pop2 1.01433 0.922117
600 pop1 1.01507 0.922789
600 pop2 1.01347 0.921336
700 pop1 1.01119 0.919268
700 pop2 1.01943 0.926751
800 pop1 1.02163 0.928753
800 pop2 1.00219 0.911079
900 pop1 1.0124 0.920362
900 pop2 1.01797 0.925429
1000 pop1 1.01373 0.921575
1000 pop2 1.01107 0.91915
1100 pop1 1.05322 0.957477
1100 pop2 1.04256 0.947779
1200 pop1 1.05314 0.957405
1200 pop2 1.04812 0.952837
1300 pop1 1.03879 0.944354
1300 pop2 1.06418 0.96744
1400 pop1 1.03833 0.943934
1400 pop2 1.06795 0.970861
1500 pop1 1.03924 0.944762
1500 pop2 1.068 0.970906
1600 pop1 1.03532 0.941202
1600 pop2 1.06861 0.971463
1700 pop1 1.03703 0.942758
1700 pop2 1.06623 0.969304
1800 pop1 1.03007 0.936429
1800 pop2 1.07438 0.976709
1900 pop1 1.02761 0.934189
1900 pop2 1.0773 0.979359
2000 pop1 1.03222 0.938378
2000 pop2 1.07267 0.975155
2100 pop1 1.0425 0.947723
2100 pop2 1.06238 0.9658
2200 pop1 1.04219 0.947444
2200 pop2 1.06273 0.966118
2300 pop1 1.04032 0.945746
2300 pop2 1.06334 0.966676
2400 pop1 1.04273 0.947938
2400 pop2 1.06127 0.964794
2500 pop1 1.04209 0.947353
2500 pop2 1.0669 0.969906
2600 pop1 1.04924 0.953851
2600 pop2 1.06183 0.965304
2700 pop1 1.0458 0.950731
2700 pop2 1.06231 0.965737
2800 pop1 1.04885 0.953496
2800 pop2 1.06191 0.965369
2900 pop1 1.04923 0.953844
2900 pop2 1.06161 0.965097
3000 pop1 1.05485 0.958952
3000 pop2 1.05456 0.958695
3100 pop1 1.06042 0.964014
3100 pop2 1.04875 0.953405
3200 pop1 1.05211 0.956463
3200 pop2 1.05588 0.959887
3300 pop1 1.05648 0.96044
3300 pop2 1.05335 0.957591
3400 pop1 1.05756 0.961414
3400 pop2 1.05682 0.960748
3500 pop1 1.05717 0.961066
3500 pop2 1.05243 0.956759
3600 pop1 1.05758 0.961441
3600 pop2 1.05679 0.960722
3700 pop1 1.04864 0.953309
3700 pop2 1.05822 0.962015
3800 pop1 1.0615 0.965003
3800 pop2 1.05198 0.956344
3900 pop1 1.06662 0.969658
3900 pop2 1.04601 0.950915
4000 pop1 1.06478 0.967978
4000 pop2 1.04539 0.950351
4100 pop1 1.06323 0.966575
4100 pop2 1.04902 0.953655
4200 pop1 1.06078 0.964347
4200 pop2 1.05181 0.956188
4300 pop1 1.0564 0.960359
4300 pop2 1.05657 0.960522
4400 pop1 1.05288 0.957161
4400 pop2 1.06048 0.964075
4500 pop1 1.05599 0.959994
4500 pop2 1.05917 0.962883
4600 pop1 1.05043 0.954934
4600 pop2 1.05783 0.961659
4700 pop1 1.05527 0.959335
4700 pop2 1.0558 0.959817
4800 pop1 1.05194 0.956313
4800 pop2 1.05718 0.961074
4900 pop1 1.05202 0.956382
4900 pop2 1.05756 0.961418
5000 pop1 1.05874 0.962495
5000 pop2 1.05258 0.956892
