1 pop1 1.0 0.909091
1 pop2 1.0 0.909091
100 pop1 1.03775 0.943409
100 pop2 1.03868 0.94425
200 pop1 1.03731 0.943007
200 pop2 1.03254 0.93867
300 pop1 1.03827 0.943879
300 pop2 1.02625 0.932955
400 pop1 1.03726 0.942964
400 pop2 1.03246 0.9386
500 pop1 1.0342 0.940185
500 pop2 1.03285 0.938953
600 pop1 1.04351 0.948647
600 pop2 1.02991 0.936281
700 pop1 1.02487 0.931699
700 pop2 1.03698 0.942709
800 pop1 1.03763 0.943296
800 pop2 1.03547 0.941338
900 pop1 1.04049 0.945902
900 pop2 1.02614 0.932858
1000 pop1 1.03611 0.941916
1000 pop2 1.02954 0.935948
1100 pop1 1.05374 0.957946
1100 pop2 1.06053 0.96412
1200 pop1 1.05894 0.962673
1200 pop2 1.0628 0.966185
1300 pop1 1.05339 0.957623
1300 pop2 1.06907 0.97188
1400 pop1 1.05889 0.962631
1400 pop2 1.0627 0.966091
1500 pop1 1.05949 0.963174
1500 pop2 1.06469 0.967903
1600 pop1 1.06214 0.965586
1600 pop2 1.05806 0.96187
1700 pop1 1.05461 0.958733
1700 pop2 1.06564 0.96876
1800 pop1 1.06389 0.96717
1800 pop2 1.05791 0.961736
1900 pop1 1.06552 0.968657
1900 pop2 1.055 0.959089
2000 pop1 1.06232 0.965747
2000 pop2 1.06369 0.966991
2100 pop1 1.06215 0.965589
2100 pop2 1.06014 0.963765
2200 pop1 1.05701 0.960919
2200 pop2 1.06407 0.967333
2300 pop1 1.06556 0.968691
2300 pop2 1.05691 0.960831
2400 pop1 1.06063 0.964209
2400 pop2 1.0607 0.96427
2500 pop1 1.06506 0.968232
2500 pop2 1.06052 0.964108
2600 pop1 1.06308 0.966438
2600 pop2 1.06196 0.965416
2700 pop1 1.06029 0.963899
2700 pop2 1.06159 0.965081
2800 pop1 1.06023 0.963846
2800 pop2 1.06268 0.966069
2900 pop1 1.05753 0.961395
2900 pop2 1.06283 0.966211
3000 pop1 1.06533 0.968486
3000 pop2 1.05702 0.960926
3100 pop1 1.06179 0.965263
3100 pop2 1.06223 0.965661
3200 pop1 1.06304 0.966402
3200 pop2 1.0645 0.967729
3300 pop1 1.0613 0.964818
3300 pop2 1.06076 0.964331
3400 pop1 1.06247 0.965881
3400 pop2 1.05969 0.963351
3500 pop1 1.05849 0.962268
3500 pop2 1.06418 0.967441
3600 pop1 1.06031 0.96392
3600 pop2 1.06249 0.965896
3700 pop1 1.06359 0.966896
3700 pop2 1.05847 0.962242
3800 pop1 1.06102 0.964567
3800 pop2 1.05886 0.962596
3900 pop1 1.06291 0.966283
3900 pop2 1.06288 0.966257
4000 pop1 1.05978 0.96344
4000 pop2 1.06342 0.966746
4100 pop1 1.06397 0.967242
4100 pop2 1.05579 0.959805
4200 pop1 1.0654 0.968544
4200 pop2 1.0571 0.961
4300 pop1 1.06392 0.967198
4300 pop2 1.05533 0.959387
4400 pop1 1.06593 0.969024
4400 pop2 1.05901 0.962736
4500 pop1 1.06189 0.965354
4500 pop2 1.0633 0.966638
4600 pop1 1.06092 0.964477
4600 pop2 1.0665 0.969542
4700 pop1 1.06215 0.965587
4700 pop2 1.06175 0.965227
4800 pop1 1.06503 0.968211
4800 pop2 1.05941 0.963099
4900 pop1 1.06347 0.96679
4900 pop2 1.06181 0.965284
5000 pop1 1.05924 0.962946
5000 pop2 1.0628 0.966179
