1 pop1 1.0 0.833333
1 pop2 1.0 0.833333
100 pop1 1.19379 0.994821
100 pop2 1.19179 0.993155
200 pop1 1.18817 0.990138
200 pop2 1.19026 0.991882
300 pop1 1.18771 0.989757
300 pop2 1.18955 0.991292
400 pop1 1.18969 0.991408
400 pop2 1.19083 0.992357
500 pop1 1.19259 0.993824
500 pop2 1.19156 0.992965
600 pop1 1.19068 0.992233
600 pop2 1.19322 0.994347
700 pop1 1.18903 0.990858
700 pop2 1.19258 0.993818
800 pop1 1.19315 0.994296
800 pop2 1.18925 0.991038
900 pop1 1.19407 0.995057
900 pop2 1.19252 0.99377
1000 pop1 1.1924 0.993669
1000 pop2 1.18881 0.990675
1100 pop1 1.1878 0.989832
1100 pop2 1.19193 0.993276
1200 pop1 1.19187 0.993223
1200 pop2 1.19175 0.993126
1300 pop1 1.18827 0.990228
1300 pop2 1.18767 0.989726
1400 pop1 1.18832 0.990266
1400 pop2 1.18562 0.988017
1500 pop1 1.18987 0.99156
1500 pop2 1.18698 0.989149
1600 pop1 1.18915 0.990957
1600 pop2 1.18937 0.991138
1700 pop1 1.19183 0.993195
1700 pop2 1.1898 0.991497
1800 pop1 1.18963 0.991358
1800 pop2 1.19023 0.991855
1900 pop1 1.191 0.992502
1900 pop2 1.19307 0.994223
2000 pop1 1.19368 0.994732
2000 pop2 1.18843 0.990358
2100 pop1 1.1902 0.991831
2100 pop2 1.19055 0.992121
2200 pop1 1.19316 0.994299
2200 pop2 1.18759 0.989661
2300 pop1 1.19157 0.992978
2300 pop2 1.19259 0.993825
2400 pop1 1.19077 0.992311
2400 pop2 1.19169 0.993073
2500 pop1 1.19054 0.99212
2500 pop2 1.19126 0.992714
2600 pop1 1.19323 0.994358
2600 pop2 1.19187 0.993221
2700 pop1 1.19028 0.991904
2700 pop2 1.1898 0.991503
2800 pop1 1.19059 0.992161
2800 pop2 1.19154 0.992951
2900 pop1 1.19474 0.995615
2900 pop2 1.18979 0.991488
3000 pop1 1.19273 0.99394
3000 pop2 1.19152 0.992934
3100 pop1 1.18685 0.989042
3100 pop2 1.19193 0.993272
3200 pop1 1.18413 0.986778
3200 pop2 1.18869 0.990578
3300 pop1 1.19251 0.993759
3300 pop2 1.18705 0.989208
3400 pop1 1.19051 0.992095
3400 pop2 1.19322 0.994349
3500 pop1 1.19161 0.99301
3500 pop2 1.18852 0.990435
3600 pop1 1.19047 0.992055
3600 pop2 1.18821 0.990174
3700 pop1 1.19309 0.99424
3700 pop2 1.19087 0.992394
3800 pop1 1.18653 0.988774
3800 pop2 1.19134 0.992786
3900 pop1 1.18727 0.989389
3900 pop2 1.19154 0.992952
4000 pop1 1.18648 0.988732
4000 pop2 1.19378 0.994817
4100 pop1 1.18785 0.989875
4100 pop2 1.1919 0.993249
4200 pop1 1.18708 0.98923
4200 pop2 1.18584 0.988197
4300 pop1 1.19065 0.99221
4300 pop2 1.19203 0.993356
4400 pop1 1.1941 0.995082
4400 pop2 1.19095 0.992455
4500 pop1 1.19249 0.993741
4500 pop2 1.19335 0.994462
4600 pop1 1.18676 0.988966
4600 pop2 1.19033 0.991944
4700 pop1 1.1891 0.990916
4700 pop2 1.1921 0.993416
4800 pop1 1.19209 0.993407
4800 pop2 1.19067 0.992228
4900 pop1 1.19342 0.994517
4900 pop2 1.19171 0.993091
5000 pop1 1.19176 0.993137
5000 pop2 1.1932 0.994336
