1 pop1 1.0 0.980392
1 pop2 1.0 0.980392
100 pop1 1.00746 0.987708
100 pop2 1.00609 0.986367
200 pop1 1.00876 0.988983
200 pop2 1.00427 0.984579
300 pop1 1.00604 0.986311
300 pop2 1.00422 0.984527
400 pop1 1.00606 0.986337
400 pop2 1.00491 0.985206
500 pop1 1.00574 0.98602
500 pop2 1.00472 0.985018
600 pop1 1.0072 0.987446
600 pop2 1.00458 0.984882
700 pop1 1.00739 0.987639
700 pop2 1.00561 0.985889
800 pop1 1.00836 0.988584
800 pop2 1.00414 0.98445
900 pop1 1.00684 0.987099
900 pop2 1.00552 0.985802
1000 pop1 1.00486 0.985158
1000 pop2 1.00554 0.985819
1100 pop1 1.00922 0.989433
1100 pop2 1.00651 0.986776
1200 pop1 1.01212 0.992278
1200 pop2 1.00665 0.986914
1300 pop1 1.01066 0.990846
1300 pop2 1.00969 0.989895
1400 pop1 1.01409 0.994208
1400 pop2 1.01065 0.990835
1500 pop1 1.01374 0.993863
1500 pop2 1.00844 0.988666
1600 pop1 1.01407 0.994184
1600 pop2 1.00789 0.988124
1700 pop1 1.01374 0.993859
1700 pop2 1.01109 0.991269
1800 pop1 1.01216 0.992318
1800 pop2 1.01103 0.991204
1900 pop1 1.01381 0.993932
1900 pop2 1.00979 0.989986
2000 pop1 1.01354 0.993671
2000 pop2 1.01039 0.990575
2100 pop1 1.01242 0.992573
2100 pop2 1.01104 0.991211
2200 pop1 1.01208 0.99224
2200 pop2 1.01114 0.991312
2300 pop1 1.00998 0.990174
2300 pop2 1.01467 0.994773
2400 pop1 1.01184 0.991995
2400 pop2 1.01329 0.993418
2500 pop1 1.01118 0.991357
2500 pop2 1.01352 0.993646
2600 pop1 1.01343 0.993556
2600 pop2 1.01265 0.992792
2700 pop1 1.0114 0.991567
2700 pop2 1.01233 0.992476
2800 pop1 1.01223 0.992378
2800 pop2 1.01308 0.993213
2900 pop1 1.0114 0.991566
2900 pop2 1.0129 0.993044
3000 pop1 1.01086 0.991035
3000 pop2 1.01322 0.993352
3100 pop1 1.01025 0.990441
3100 pop2 1.01248 0.992625
3200 pop1 1.01289 0.993029
3200 pop2 1.01147 0.99164
3300 pop1 1.0129 0.993037
3300 pop2 1.0116 0.991766
3400 pop1 1.01413 0.99425
3400 pop2 1.01237 0.992515
3500 pop1 1.01492 0.995023
3500 pop2 1.01208 0.992239
3600 pop1 1.0129 0.993037
3600 pop2 1.0111 0.991278
3700 pop1 1.01317 0.993302
3700 pop2 1.01155 0.991711
3800 pop1 1.01281 0.992953
3800 pop2 1.01126 0.991435
3900 pop1 1.01408 0.994194
3900 pop2 1.01058 0.990769
4000 pop1 1.01354 0.993663
4000 pop2 1.01064 0.990824
4100 pop1 1.01376 0.993881
4100 pop2 1.01203 0.992188
4200 pop1 1.014 0.994115
4200 pop2 1.01028 0.990473
4300 pop1 1.01357 0.993699
4300 pop2 1.01236 0.992511
4400 pop1 1.01096 0.991138
4400 pop2 1.01159 0.991758
4500 pop1 1.0118 0.991958
4500 pop2 1.01231 0.992461
4600 pop1 1.01122 0.991388
4600 pop2 1.01445 0.994563
4700 pop1 1.01027 0.990457
4700 pop2 1.01532 0.995411
4800 pop1 1.01148 0.991645
4800 pop2 1.01279 0.99293
4900 pop1 1.01228 0.99243
4900 pop2 1.01276 0.992898
5000 pop1 1.01161 0.991776
5000 pop2 1.01387 0.993987
