1 pop1 1.0 0.909091
1 pop2 1.0 0.909091
100 pop1 1.016 0.923634
100 pop2 1.01651 0.924096
200 pop1 1.02572 0.932474
200 pop2 1.00577 0.91434
300 pop1 1.02315 0.93014
300 pop2 1.00604 0.914579
400 pop1 1.00844 0.916763
400 pop2 1.02115 0.928322
500 pop1 1.01865 0.926043
500 pop2 1.01244 0.920396
600 pop1 1.01812 0.92556
600 pop2 1.01365 0.921501
700 pop1 1.00775 0.916137
700 pop2 1.02089 0.928084
800 pop1 1.02048 0.927712
800 pop2 1.01433 0.92212
900 pop1 1.02092 0.928108
900 pop2 1.0109 0.919001
1000 pop1 1.02036 0.927602
1000 pop2 1.01463 0.922393
1100 pop1 1.06465 0.96786
1100 pop2 1.03225 0.938405
1200 pop1 1.04106 0.946418
1200 pop2 1.05919 0.962901
1300 pop1 1.03911 0.944643
1300 pop2 1.06751 0.970459
1400 pop1 1.03347 0.939519
1400 pop2 1.0725 0.975002
1500 pop1 1.02546 0.932233
1500 pop2 1.07922 0.98111
1600 pop1 1.02889 0.935357
1600 pop2 1.07709 0.979175
1700 pop1 1.034 0.939996
1700 pop2 1.07569 0.977899
1800 pop1 1.04296 0.948145
1800 pop2 1.06648 0.969525
1900 pop1 1.03894 0.944492
1900 pop2 1.06939 0.972177
2000 pop1 1.03431 0.940279
2000 pop2 1.07114 0.973767
2100 pop1 1.0414 0.94673
2100 pop2 1.06655 0.969594
2200 pop1 1.04598 0.950887
2200 pop2 1.06278 0.966163
2300 pop1 1.04034 0.945764
2300 pop2 1.06531 0.96846
2400 pop1 1.04 0.945455
2400 pop2 1.06995 0.972685
2500 pop1 1.04442 0.949474
2500 pop2 1.06364 0.966949
2600 pop1 1.04278 0.947981
2600 pop2 1.06281 0.966189
2700 pop1 1.04305 0.948223
2700 pop2 1.06316 0.966505
2800 pop1 1.04377 0.948885
2800 pop2 1.06386 0.96715
2900 pop1 1.04211 0.947373
2900 pop2 1.0672 0.970185
3000 pop1 1.03696 0.942689
3000 pop2 1.07124 0.973854
3100 pop1 1.04695 0.951774
3100 pop2 1.06029 0.963902
3200 pop1 1.04077 0.946152
3200 pop2 1.06799 0.970899
3300 pop1 1.04279 0.947987
3300 pop2 1.06745 0.970406
3400 pop1 1.04819 0.952898
3400 pop2 1.06294 0.966312
3500 pop1 1.04047 0.945882
3500 pop2 1.07148 0.974077
3600 pop1 1.04183 0.947114
3600 pop2 1.06729 0.970261
3700 pop1 1.05078 0.955257
3700 pop2 1.06025 0.963863
3800 pop1 1.05466 0.958785
3800 pop2 1.05537 0.95943
3900 pop1 1.05209 0.956445
3900 pop2 1.05734 0.961215
4000 pop1 1.05514 0.95922
4000 pop2 1.05671 0.960649
4100 pop1 1.04538 0.950346
4100 pop2 1.0633 0.966641
4200 pop1 1.04531 0.950283
4200 pop2 1.06276 0.966143
4300 pop1 1.04843 0.953122
4300 pop2 1.06235 0.965772
4400 pop1 1.0474 0.952185
4400 pop2 1.06421 0.967467
4500 pop1 1.0471 0.951906
4500 pop2 1.06143 0.964934
4600 pop1 1.06193 0.965391
4600 pop2 1.04835 0.953044
4700 pop1 1.06434 0.96758
4700 pop2 1.04722 0.952022
4800 pop1 1.06496 0.968147
4800 pop2 1.04277 0.947976
4900 pop1 1.05127 0.955703
4900 pop2 1.05808 0.961891
5000 pop1 1.05065 0.955133
5000 pop2 1.05751 0.961377
