1 pop1 1.0 0.833333
1 pop2 1.0 0.833333
100 pop1 1.07126 0.89272
100 pop2 1.06485 0.887375
200 pop1 1.0744 0.895331
200 pop2 1.07122 0.892684
300 pop1 1.07659 0.897154
300 pop2 1.06224 0.885199
400 pop1 1.07268 0.893901
400 pop2 1.06315 0.885962
500 pop1 1.0734 0.894504
500 pop2 1.07522 0.896016
600 pop1 1.05624 0.880198
600 pop2 1.0776 0.897998
700 pop1 1.0721 0.893418
700 pop2 1.07437 0.895307
800 pop1 1.0683 0.890249
800 pop2 1.06623 0.888522
900 pop1 1.07341 0.894507
900 pop2 1.07049 0.892079
1000 pop1 1.07949 0.899573
1000 pop2 1.06805 0.890039
1100 pop1 1.10562 0.92135
1100 pop2 1.12683 0.939023
1200 pop1 1.10393 0.919939
1200 pop2 1.13102 0.942515
1300 pop1 1.09672 0.913932
1300 pop2 1.13717 0.947645
1400 pop1 1.09657 0.913807
1400 pop2 1.13182 0.943184
1500 pop1 1.10677 0.922304
1500 pop2 1.13194 0.943287
1600 pop1 1.11865 0.932205
1600 pop2 1.12181 0.934845
1700 pop1 1.11801 0.931677
1700 pop2 1.12516 0.93763
1800 pop1 1.11783 0.931527
1800 pop2 1.13044 0.94203
1900 pop1 1.11545 0.929538
1900 pop2 1.12216 0.935136
2000 pop1 1.12643 0.938694
2000 pop2 1.11585 0.929877
2100 pop1 1.12344 0.936199
2100 pop2 1.12504 0.937532
2200 pop1 1.13112 0.942604
2200 pop2 1.11492 0.929097
2300 pop1 1.12554 0.937951
2300 pop2 1.11798 0.931648
2400 pop1 1.11466 0.928879
2400 pop2 1.13104 0.942535
2500 pop1 1.12732 0.939436
2500 pop2 1.12161 0.934676
2600 pop1 1.12281 0.935676
2600 pop2 1.12507 0.937557
2700 pop1 1.11959 0.932991
2700 pop2 1.11885 0.932377
2800 pop1 1.12648 0.938732
2800 pop2 1.11337 0.927811
2900 pop1 1.12056 0.933799
2900 pop2 1.11862 0.932182
3000 pop1 1.12451 0.937094
3000 pop2 1.11813 0.931771
3100 pop1 1.13101 0.942507
3100 pop2 1.11472 0.928936
3200 pop1 1.12238 0.93532
3200 pop2 1.11775 0.931455
3300 pop1 1.12926 0.941054
3300 pop2 1.12237 0.935305
3400 pop1 1.1247 0.937253
3400 pop2 1.11722 0.931019
3500 pop1 1.12872 0.9406
3500 pop2 1.11459 0.928828
3600 pop1 1.12032 0.933597
3600 pop2 1.11655 0.930461
3700 pop1 1.1292 0.940998
3700 pop2 1.10962 0.924683
3800 pop1 1.12911 0.940922
3800 pop2 1.11139 0.926161
3900 pop1 1.12678 0.938986
3900 pop2 1.11069 0.925574
4000 pop1 1.12908 0.940898
4000 pop2 1.11113 0.92594
4100 pop1 1.13414 0.945113
4100 pop2 1.11135 0.926127
4200 pop1 1.12346 0.936216
4200 pop2 1.1168 0.930663
4300 pop1 1.12553 0.93794
4300 pop2 1.11636 0.930296
4400 pop1 1.12116 0.934303
4400 pop2 1.13013 0.941772
4500 pop1 1.13114 0.942613
4500 pop2 1.11016 0.92513
4600 pop1 1.12501 0.937509
4600 pop2 1.12046 0.933714
4700 pop1 1.13278 0.943986
4700 pop2 1.11261 0.927176
4800 pop1 1.13623 0.946855
4800 pop2 1.10891 0.924094
4900 pop1 1.13262 0.943852
4900 pop2 1.11105 0.925878
5000 pop1 1.13525 0.946044
5000 pop2 1.11228 0.926899
