1 pop1 1.0 0.833333
1 pop2 1.0 0.833333
100 pop1 1.12167 0.934729
100 pop2 1.1154 0.9295
200 pop1 1.11653 0.930443
200 pop2 1.12531 0.937758
300 pop1 1.1189 0.93242
300 pop2 1.12056 0.933797
400 pop1 1.12951 0.941256
400 pop2 1.12235 0.935292
500 pop1 1.12757 0.939642
500 pop2 1.11895 0.932455
600 pop1 1.1251 0.937585
600 pop2 1.12714 0.93928
700 pop1 1.12559 0.937995
700 pop2 1.12708 0.93923
800 pop1 1.1179 0.931587
800 pop2 1.11758 0.931313
900 pop1 1.12397 0.936641
900 pop2 1.13499 0.945827
1000 pop1 1.11914 0.932616
1000 pop2 1.12267 0.935556
1100 pop1 1.14705 0.955878
1100 pop2 1.13801 0.94834
1200 pop1 1.14365 0.953041
1200 pop2 1.14575 0.954793
1300 pop1 1.14852 0.957103
1300 pop2 1.14412 0.953435
1400 pop1 1.14335 0.952791
1400 pop2 1.14785 0.95654
1500 pop1 1.14409 0.953406
1500 pop2 1.14004 0.950035
1600 pop1 1.13741 0.947838
1600 pop2 1.14625 0.955212
1700 pop1 1.14433 0.953609
1700 pop2 1.13924 0.949367
1800 pop1 1.14855 0.957126
1800 pop2 1.13778 0.948151
1900 pop1 1.14251 0.952092
1900 pop2 1.14525 0.954378
2000 pop1 1.1459 0.954913
2000 pop2 1.13892 0.949103
2100 pop1 1.14407 0.953392
2100 pop2 1.13838 0.948647
2200 pop1 1.14734 0.956117
2200 pop2 1.14054 0.950453
2300 pop1 1.14213 0.951775
2300 pop2 1.13692 0.947432
2400 pop1 1.1425 0.952084
2400 pop2 1.1384 0.948664
2500 pop1 1.14125 0.951044
2500 pop2 1.14351 0.952927
2600 pop1 1.14929 0.957738
2600 pop2 1.13609 0.946741
2700 pop1 1.14369 0.953075
2700 pop2 1.14424 0.953532
2800 pop1 1.13597 0.946644
2800 pop2 1.14674 0.955618
2900 pop1 1.1452 0.954336
2900 pop2 1.13965 0.949709
3000 pop1 1.13988 0.949904
3000 pop2 1.13958 0.949647
3100 pop1 1.13937 0.949471
3100 pop2 1.14651 0.955429
3200 pop1 1.13433 0.945274
3200 pop2 1.15044 0.958703
3300 pop1 1.13948 0.949564
3300 pop2 1.14485 0.95404
3400 pop1 1.13938 0.949483
3400 pop2 1.14738 0.956151
3500 pop1 1.14011 0.950094
3500 pop2 1.14215 0.951792
3600 pop1 1.14483 0.954026
3600 pop2 1.14418 0.953485
3700 pop1 1.13955 0.949624
3700 pop2 1.14493 0.954108
3800 pop1 1.14494 0.954118
3800 pop2 1.13613 0.946778
3900 pop1 1.14674 0.95562
3900 pop2 1.14018 0.950151
4000 pop1 1.14147 0.951228
4000 pop2 1.13441 0.945341
4100 pop1 1.13666 0.947217
4100 pop2 1.14352 0.952935
4200 pop1 1.14978 0.958154
4200 pop2 1.13979 0.949828
4300 pop1 1.14295 0.952461
4300 pop2 1.14127 0.951062
4400 pop1 1.14739 0.956162
4400 pop2 1.14033 0.950275
4500 pop1 1.13751 0.947921
4500 pop2 1.14565 0.954707
4600 pop1 1.14411 0.953423
4600 pop2 1.14734 0.956118
4700 pop1 1.14325 0.952706
4700 pop2 1.13924 0.949367
4800 pop1 1.14693 0.955776
4800 pop2 1.14582 0.954848
4900 pop1 1.14038 0.95032
4900 pop2 1.13762 0.948018
5000 pop1 1.14145 0.951208
5000 pop2 1.14086 0.950719
