1 pop1 1.0 0.833333
1 pop2 1.0 0.833333
100 pop1 1.12043 0.933688
100 pop2 1.13332 0.944432
200 pop1 1.12438 0.936983
200 pop2 1.11906 0.932551
300 pop1 1.11809 0.931745
300 pop2 1.11425 0.928538
400 pop1 1.12418 0.93682
400 pop2 1.12021 0.933511
500 pop1 1.12632 0.938601
500 pop2 1.12659 0.938823
600 pop1 1.12066 0.933883
600 pop2 1.12335 0.936127
700 pop1 1.12697 0.939142
700 pop2 1.12426 0.936887
800 pop1 1.12455 0.937122
800 pop2 1.12485 0.937376
900 pop1 1.1219 0.934919
900 pop2 1.12118 0.934318
1000 pop1 1.1182 0.931833
1000 pop2 1.12671 0.938926
1100 pop1 1.13841 0.948676
1100 pop2 1.14534 0.95445
1200 pop1 1.13643 0.947028
1200 pop2 1.14574 0.954785
1300 pop1 1.13322 0.944352
1300 pop2 1.15255 0.960456
1400 pop1 1.13369 0.944741
1400 pop2 1.14986 0.958213
1500 pop1 1.13329 0.944406
1500 pop2 1.14208 0.951735
1600 pop1 1.12729 0.93941
1600 pop2 1.1533 0.961083
1700 pop1 1.13775 0.948122
1700 pop2 1.14798 0.956654
1800 pop1 1.13306 0.944217
1800 pop2 1.14793 0.956607
1900 pop1 1.14041 0.950341
1900 pop2 1.1472 0.955999
2000 pop1 1.14266 0.952216
2000 pop2 1.14926 0.957718
2100 pop1 1.14097 0.950807
2100 pop2 1.14941 0.957839
2200 pop1 1.1464 0.95533
2200 pop2 1.14197 0.951643
2300 pop1 1.14078 0.950649
2300 pop2 1.14683 0.955692
2400 pop1 1.13835 0.948624
2400 pop2 1.14591 0.954928
2500 pop1 1.14473 0.953943
2500 pop2 1.14017 0.950145
2600 pop1 1.1426 0.95217
2600 pop2 1.13995 0.949962
2700 pop1 1.1431 0.952584
2700 pop2 1.14653 0.955444
2800 pop1 1.14541 0.954512
2800 pop2 1.14293 0.95244
2900 pop1 1.14489 0.954074
2900 pop2 1.13869 0.94891
3000 pop1 1.14637 0.955309
3000 pop2 1.14581 0.954844
3100 pop1 1.14009 0.950075
3100 pop2 1.14094 0.950785
3200 pop1 1.1443 0.95358
3200 pop2 1.14327 0.952727
3300 pop1 1.13608 0.946735
3300 pop2 1.14976 0.958136
3400 pop1 1.14721 0.956005
3400 pop2 1.14086 0.950716
3500 pop1 1.1551 0.962584
3500 pop2 1.13855 0.948788
3600 pop1 1.13525 0.946044
3600 pop2 1.14735 0.956122
3700 pop1 1.14659 0.95549
3700 pop2 1.14341 0.952841
3800 pop1 1.1413 0.951082
3800 pop2 1.14364 0.953035
3900 pop1 1.14431 0.953589
3900 pop2 1.13731 0.947755
4000 pop1 1.13754 0.947951
4000 pop2 1.14917 0.957646
4100 pop1 1.14123 0.951029
4100 pop2 1.14581 0.954843
4200 pop1 1.14388 0.953235
4200 pop2 1.13907 0.949223
4300 pop1 1.14724 0.956029
4300 pop2 1.13943 0.949526
4400 pop1 1.14341 0.952838
4400 pop2 1.14024 0.950201
4500 pop1 1.14183 0.951528
4500 pop2 1.1428 0.952335
4600 pop1 1.14849 0.957079
4600 pop2 1.13651 0.947093
4700 pop1 1.14337 0.952807
4700 pop2 1.14085 0.950709
4800 pop1 1.14347 0.952894
4800 pop2 1.14092 0.950768
4900 pop1 1.15152 0.959597
4900 pop2 1.14039 0.950326
5000 pop1 1.14125 0.951042
5000 pop2 1.14037 0.950311
