1 pop1 1.0 0.833333
1 pop2 1.0 0.833333
100 pop1 1.07552 0.896265
100 pop2 1.06622 0.888521
200 pop1 1.06752 0.8896
200 pop2 1.06856 0.890464
300 pop1 1.07173 0.893112
300 pop2 1.07217 0.893472
400 pop1 1.0741 0.895081
400 pop2 1.07274 0.893946
500 pop1 1.0624 0.885335
500 pop2 1.08142 0.90118
600 pop1 1.07323 0.894357
600 pop2 1.07564 0.896366
700 pop1 1.07556 0.896296
700 pop2 1.05952 0.88293
800 pop1 1.0659 0.888251
800 pop2 1.08044 0.900366
900 pop1 1.06127 0.88439
900 pop2 1.07693 0.897443
1000 pop1 1.0762 0.896834
1000 pop2 1.0731 0.894247
1100 pop1 1.12775 0.939789
1100 pop2 1.11313 0.927605
1200 pop1 1.11169 0.926406
1200 pop2 1.12527 0.937722
1300 pop1 1.1185 0.932085
1300 pop2 1.12161 0.934674
1400 pop1 1.11788 0.931564
1400 pop2 1.12442 0.937016
1500 pop1 1.1232 0.936002
1500 pop2 1.12284 0.935696
1600 pop1 1.12565 0.938042
1600 pop2 1.12172 0.934768
1700 pop1 1.12067 0.93389
1700 pop2 1.11492 0.9291
1800 pop1 1.1416 0.951335
1800 pop2 1.10687 0.922393
1900 pop1 1.12226 0.935214
1900 pop2 1.1235 0.936247
2000 pop1 1.12484 0.937365
2000 pop2 1.122 0.934998
2100 pop1 1.12226 0.93522
2100 pop2 1.12241 0.935343
2200 pop1 1.12078 0.933981
2200 pop2 1.12707 0.939229
2300 pop1 1.12 0.933334
2300 pop2 1.12176 0.9348
2400 pop1 1.11624 0.930203
2400 pop2 1.12843 0.940356
2500 pop1 1.12932 0.941103
2500 pop2 1.11571 0.929756
2600 pop1 1.13379 0.944826
2600 pop2 1.11445 0.928704
2700 pop1 1.12075 0.93396
2700 pop2 1.12291 0.935759
2800 pop1 1.12811 0.940092
2800 pop2 1.11452 0.928764
2900 pop1 1.12838 0.940319
2900 pop2 1.12291 0.935755
3000 pop1 1.12843 0.940359
3000 pop2 1.11417 0.928476
3100 pop1 1.12275 0.935628
3100 pop2 1.12311 0.935924
3200 pop1 1.1397 0.949753
3200 pop2 1.10485 0.920706
3300 pop1 1.12914 0.940946
3300 pop2 1.11134 0.926113
3400 pop1 1.12335 0.936128
3400 pop2 1.11895 0.932458
3500 pop1 1.11987 0.933224
3500 pop2 1.12519 0.937659
3600 pop1 1.12414 0.936779
3600 pop2 1.12365 0.936372
3700 pop1 1.13167 0.943061
3700 pop2 1.11296 0.927464
3800 pop1 1.12482 0.937354
3800 pop2 1.11542 0.929515
3900 pop1 1.1339 0.944917
3900 pop2 1.1073 0.922747
4000 pop1 1.1268 0.939
4000 pop2 1.11852 0.932098
4100 pop1 1.12678 0.938985
4100 pop2 1.11912 0.932599
4200 pop1 1.12117 0.934304
4200 pop2 1.1195 0.932917
4300 pop1 1.12677 0.938977
4300 pop2 1.11944 0.932863
4400 pop1 1.13 0.941671
4400 pop2 1.11503 0.92919
4500 pop1 1.12268 0.935566
4500 pop2 1.11627 0.930222
4600 pop1 1.12903 0.940857
4600 pop2 1.11464 0.92887
4700 pop1 1.12637 0.93864
4700 pop2 1.11772 0.931437
4800 pop1 1.13007 0.941722
4800 pop2 1.11314 0.927615
4900 pop1 1.12415 0.936793
4900 pop2 1.11641 0.930341
5000 pop1 1.12293 0.935776
5000 pop2 1.11954 0.93295
