1 pop1 1.0 0.909091
1 pop2 1.0 0.909091
100 pop1 1.08137 0.983063
100 pop2 1.08126 0.982966
200 pop1 1.08078 0.982531
200 pop2 1.08479 0.986175
300 pop1 1.08164 0.983313
300 pop2 1.07882 0.980748
400 pop1 1.0829 0.984454
400 pop2 1.07943 0.981302
500 pop1 1.08295 0.984497
500 pop2 1.08139 0.983083
600 pop1 1.08401 0.985466
600 pop2 1.08372 0.985196
700 pop1 1.08516 0.986508
700 pop2 1.07908 0.980985
800 pop1 1.0796 0.981454
800 pop2 1.08102 0.98275
900 pop1 1.07873 0.980667
900 pop2 1.08082 0.98256
1000 pop1 1.07699 0.979082
1000 pop2 1.08633 0.987572
1100 pop1 1.08913 0.990118
1100 pop2 1.05893 0.962666
1200 pop1 1.08388 0.985346
1200 pop2 1.08213 0.983755
1300 pop1 1.08679 0.987988
1300 pop2 1.08724 0.988398
1400 pop1 1.08383 0.985298
1400 pop2 1.08406 0.985509
1500 pop1 1.08676 0.987963
1500 pop2 1.08831 0.989372
1600 pop1 1.08504 0.986402
1600 pop2 1.08901 0.990006
1700 pop1 1.08641 0.987644
1700 pop2 1.08718 0.98835
1800 pop1 1.0856 0.986912
1800 pop2 1.08586 0.987149
1900 pop1 1.08628 0.987529
1900 pop2 1.08695 0.988137
2000 pop1 1.08396 0.985421
2000 pop2 1.08753 0.988665
2100 pop1 1.08359 0.98508
2100 pop2 1.08442 0.985832
2200 pop1 1.08402 0.985474
2200 pop2 1.08615 0.987405
2300 pop1 1.08438 0.985803
2300 pop2 1.08565 0.986958
2400 pop1 1.08395 0.985414
2400 pop2 1.08762 0.98875
2500 pop1 1.08661 0.98783
2500 pop2 1.08417 0.985611
2600 pop1 1.0843 0.985728
2600 pop2 1.08421 0.985646
2700 pop1 1.08544 0.98676
2700 pop2 1.08506 0.986414
2800 pop1 1.08152 0.983204
2800 pop2 1.08677 0.987973
2900 pop1 1.0873 0.988453
2900 pop2 1.08484 0.986219
3000 pop1 1.08255 0.984141
3000 pop2 1.08485 0.986223
3100 pop1 1.08351 0.985008
3100 pop2 1.0879 0.989002
3200 pop1 1.08131 0.983009
3200 pop2 1.08815 0.989231
3300 pop1 1.08585 0.98714
3300 pop2 1.08603 0.987297
3400 pop1 1.08648 0.987706
3400 pop2 1.08383 0.985299
3500 pop1 1.08208 0.983711
3500 pop2 1.08468 0.98607
3600 pop1 1.08712 0.988288
3600 pop2 1.08537 0.986703
3700 pop1 1.08699 0.988177
3700 pop2 1.08042 0.982197
3800 pop1 1.08591 0.987195
3800 pop2 1.08495 0.986314
3900 pop1 1.085 0.986361
3900 pop2 1.08282 0.984382
4000 pop1 1.08709 0.988267
4000 pop2 1.08482 0.986203
4100 pop1 1.08831 0.989372
4100 pop2 1.0843 0.985729
4200 pop1 1.08551 0.986826
4200 pop2 1.08457 0.985974
4300 pop1 1.09138 0.992165
4300 pop2 1.08489 0.986261
4400 pop1 1.08551 0.986823
4400 pop2 1.08594 0.98722
4500 pop1 1.0875 0.988638
4500 pop2 1.08286 0.984414
4600 pop1 1.08292 0.984472
4600 pop2 1.08435 0.98577
4700 pop1 1.08345 0.984956
4700 pop2 1.08608 0.987347
4800 pop1 1.08606 0.987324
4800 pop2 1.08437 0.985789
4900 pop1 1.08824 0.989308
4900 pop2 1.08453 0.985939
5000 pop1 1.08866 0.989692
5000 pop2 1.08679 0.987991
