1 pop1 1.0 0.833333
1 pop2 1.0 0.833333
100 pop1 1.12374 0.936451
100 pop2 1.12159 0.934659
200 pop1 1.1247 0.937253
200 pop2 1.12925 0.94104
300 pop1 1.11889 0.932406
300 pop2 1.11822 0.931852
400 pop1 1.12802 0.940013
400 pop2 1.12463 0.937189
500 pop1 1.11824 0.931863
500 pop2 1.12581 0.938176
600 pop1 1.12184 0.934868
600 pop2 1.12084 0.934034
700 pop1 1.13558 0.946319
700 pop2 1.12286 0.935714
800 pop1 1.12771 0.939759
800 pop2 1.1262 0.938497
900 pop1 1.12317 0.935973
900 pop2 1.12091 0.93409
1000 pop1 1.12293 0.935777
1000 pop2 1.13201 0.943344
1100 pop1 1.14068 0.95057
1100 pop2 1.14254 0.952118
1200 pop1 1.14541 0.954508
1200 pop2 1.14159 0.951321
1300 pop1 1.14314 0.952619
1300 pop2 1.14292 0.952429
1400 pop1 1.13351 0.944591
1400 pop2 1.14186 0.951546
1500 pop1 1.139 0.949169
1500 pop2 1.14413 0.953443
1600 pop1 1.13356 0.944633
1600 pop2 1.15068 0.958897
1700 pop1 1.14084 0.950704
1700 pop2 1.14002 0.950019
1800 pop1 1.1433 0.952749
1800 pop2 1.13361 0.944676
1900 pop1 1.14088 0.950733
1900 pop2 1.15005 0.958379
2000 pop1 1.14679 0.955658
2000 pop2 1.14285 0.952374
2100 pop1 1.14586 0.954887
2100 pop2 1.14403 0.953359
2200 pop1 1.13851 0.94876
2200 pop2 1.14381 0.953174
2300 pop1 1.13935 0.94946
2300 pop2 1.14363 0.953025
2400 pop1 1.13989 0.949911
2400 pop2 1.14504 0.954199
2500 pop1 1.14644 0.95537
2500 pop2 1.13681 0.94734
2600 pop1 1.14265 0.952205
2600 pop2 1.1409 0.950747
2700 pop1 1.14267 0.952229
2700 pop2 1.14106 0.95088
2800 pop1 1.15264 0.960529
2800 pop2 1.13534 0.946117
2900 pop1 1.14382 0.95318
2900 pop2 1.138 0.94833
3000 pop1 1.1445 0.953751
3000 pop2 1.14151 0.95126
3100 pop1 1.14497 0.954145
3100 pop2 1.14395 0.953295
3200 pop1 1.14204 0.951696
3200 pop2 1.14501 0.954175
3300 pop1 1.14378 0.953151
3300 pop2 1.14125 0.951041
3400 pop1 1.14619 0.955161
3400 pop2 1.14401 0.953338
3500 pop1 1.15036 0.958633
3500 pop2 1.14332 0.952765
3600 pop1 1.14248 0.952063
3600 pop2 1.14101 0.950842
3700 pop1 1.14154 0.951284
3700 pop2 1.1467 0.95558
3800 pop1 1.13952 0.949603
3800 pop2 1.14148 0.951236
3900 pop1 1.14773 0.956442
3900 pop2 1.14157 0.951309
4000 pop1 1.1416 0.951335
4000 pop2 1.14655 0.955462
4100 pop1 1.14987 0.958227
4100 pop2 1.14037 0.950311
4200 pop1 1.13281 0.944007
4200 pop2 1.14826 0.956886
4300 pop1 1.1371 0.947586
4300 pop2 1.14424 0.953536
4400 pop1 1.15049 0.958742
4400 pop2 1.13987 0.949893
4500 pop1 1.14988 0.958231
4500 pop2 1.13845 0.948708
4600 pop1 1.14416 0.953465
4600 pop2 1.14591 0.954928
4700 pop1 1.14947 0.957892
4700 pop2 1.14516 0.954297
4800 pop1 1.14636 0.955301
4800 pop2 1.14841 0.95701
4900 pop1 1.13994 0.949951
4900 pop2 1.14228 0.951897
5000 pop1 1.14773 0.956445
5000 pop2 1.13992 0.949932
