1 pop1 1.0 0.980392
1 pop2 1.0 0.980392
100 pop1 1.01075 0.990935
100 pop2 1.00711 0.987366
200 pop1 1.00992 0.990114
200 pop2 1.00587 0.986143
300 pop1 1.00882 0.989044
300 pop2 1.00548 0.985766
400 pop1 1.00762 0.98786
400 pop2 1.00979 0.989991
500 pop1 1.00859 0.988815
500 pop2 1.0107 0.990879
600 pop1 1.00966 0.989864
600 pop2 1.00652 0.986782
700 pop1 1.00776 0.988001
700 pop2 1.00694 0.987192
800 pop1 1.00995 0.990149
800 pop2 1.00959 0.989792
900 pop1 1.00782 0.988062
900 pop2 1.00768 0.987924
1000 pop1 1.00949 0.989699
1000 pop2 1.00769 0.987936
1100 pop1 1.01185 0.992006
1100 pop2 0.999102 0.979512
1200 pop1 1.01653 0.996594
1200 pop2 0.999557 0.979958
1300 pop1 1.01734 0.997397
1300 pop2 0.999872 0.980267
1400 pop1 1.01841 0.998439
1400 pop2 0.999948 0.980341
1500 pop1 1.01929 0.9993
1500 pop2 0.999988 0.98038
1600 pop1 1.01962 0.999632
1600 pop2 1.0 0.980392
1700 pop1 1.02009 1.00009
1700 pop2 1.0 0.980392
1800 pop1 1.01969 0.999695
1800 pop2 1.0 0.980392
1900 pop1 1.0201 1.0001
1900 pop2 1.0 0.980392
2000 pop1 1.0201 1.0001
2000 pop2 1.0 0.980392
2100 pop1 1.0201 1.0001
2100 pop2 1.0 0.980392
2200 pop1 1.0201 1.0001
2200 pop2 1.0 0.980392
2300 pop1 1.0201 1.0001
2300 pop2 1.0 0.980392
2400 pop1 1.0201 1.0001
2400 pop2 1.0 0.980392
2500 pop1 1.0201 1.0001
2500 pop2 1.0 0.980392
2600 pop1 1.0201 1.0001
2600 pop2 1.0 0.980392
2700 pop1 1.0201 1.0001
2700 pop2 1.0 0.980392
2800 pop1 1.0201 1.0001
2800 pop2 1.0 0.980392
2900 pop1 1.0201 1.0001
2900 pop2 1.0 0.980392
3000 pop1 1.0201 1.0001
3000 pop2 1.0 0.980392
3100 pop1 1.0201 1.0001
3100 pop2 1.0 0.980392
3200 pop1 1.0201 1.0001
3200 pop2 1.0 0.980392
3300 pop1 1.0201 1.0001
3300 pop2 1.0 0.980392
3400 pop1 1.0201 1.0001
3400 pop2 1.0 0.980392
3500 pop1 1.0201 1.0001
3500 pop2 1.0 0.980392
3600 pop1 1.0201 1.0001
3600 pop2 1.0 0.980392
3700 pop1 1.0201 1.0001
3700 pop2 1.0 0.980392
3800 pop1 1.0201 1.0001
3800 pop2 1.0 0.980392
3900 pop1 1.0201 1.0001
3900 pop2 1.0 0.980392
4000 pop1 1.0201 1.0001
4000 pop2 1.0 0.980392
4100 pop1 1.0201 1.0001
4100 pop2 1.0 0.980392
4200 pop1 1.0201 1.0001
4200 pop2 1.0 0.980392
4300 pop1 1.0201 1.0001
4300 pop2 1.0 0.980392
4400 pop1 1.0201 1.0001
4400 pop2 1.0 0.980392
4500 pop1 1.0201 1.0001
4500 pop2 1.0 0.980392
4600 pop1 1.0201 1.0001
4600 pop2 1.0 0.980392
4700 pop1 1.0201 1.0001
4700 pop2 1.0 0.980392
4800 pop1 1.0201 1.0001
4800 pop2 1.0 0.980392
4900 pop1 1.0201 1.0001
4900 pop2 1.0 0.980392
5000 pop1 1.0201 1.0001
5000 pop2 1.0 0.980392
