1 pop1 1.0 0.833333
1 pop2 1.0 0.833333
100 pop1 1.12088 0.93407
100 pop2 1.11644 0.930366
200 pop1 1.1267 0.938914
200 pop2 1.11301 0.927507
300 pop1 1.12266 0.935551
300 pop2 1.11583 0.929856
400 pop1 1.11759 0.931324
400 pop2 1.12021 0.933508
500 pop1 1.12321 0.936007
500 pop2 1.10996 0.924965
600 pop1 1.12702 0.939181
600 pop2 1.11538 0.929483
700 pop1 1.12369 0.936404
700 pop2 1.119 0.932496
800 pop1 1.11902 0.932516
800 pop2 1.12188 0.934898
900 pop1 1.12501 0.937511
900 pop2 1.12899 0.940826
1000 pop1 1.11958 0.932987
1000 pop2 1.12794 0.939953
1100 pop1 1.1355 0.946252
1100 pop2 1.14477 0.953977
1200 pop1 1.13005 0.941711
1200 pop2 1.143 0.952499
1300 pop1 1.13779 0.948162
1300 pop2 1.15137 0.959477
1400 pop1 1.13645 0.947043
1400 pop2 1.14319 0.952657
1500 pop1 1.13609 0.946738
1500 pop2 1.14833 0.956941
1600 pop1 1.14176 0.951463
1600 pop2 1.1489 0.957416
1700 pop1 1.13623 0.946855
1700 pop2 1.14494 0.954118
1800 pop1 1.14491 0.954091
1800 pop2 1.14535 0.954457
1900 pop1 1.14062 0.950519
1900 pop2 1.14988 0.958231
2000 pop1 1.14028 0.950231
2000 pop2 1.1448 0.953997
2100 pop1 1.13895 0.949127
2100 pop2 1.15001 0.95834
2200 pop1 1.13736 0.947798
2200 pop2 1.14873 0.957279
2300 pop1 1.13887 0.94906
2300 pop2 1.1455 0.954584
2400 pop1 1.14097 0.950804
2400 pop2 1.14335 0.952793
2500 pop1 1.13618 0.946817
2500 pop2 1.14905 0.95754
2600 pop1 1.14042 0.950353
2600 pop2 1.14311 0.952589
2700 pop1 1.14142 0.95118
2700 pop2 1.14498 0.954152
2800 pop1 1.13941 0.949509
2800 pop2 1.14454 0.953784
2900 pop1 1.12875 0.940621
2900 pop2 1.15324 0.961031
3000 pop1 1.13923 0.949359
3000 pop2 1.14753 0.956277
3100 pop1 1.13902 0.949185
3100 pop2 1.13976 0.949796
3200 pop1 1.13642 0.94702
3200 pop2 1.14274 0.952287
3300 pop1 1.14558 0.95465
3300 pop2 1.14076 0.950632
3400 pop1 1.13546 0.94622
3400 pop2 1.14943 0.957861
3500 pop1 1.14558 0.954652
3500 pop2 1.1426 0.95217
3600 pop1 1.14367 0.953062
3600 pop2 1.14409 0.953411
3700 pop1 1.14441 0.953678
3700 pop2 1.13897 0.949138
3800 pop1 1.142 0.951666
3800 pop2 1.13588 0.946567
3900 pop1 1.14152 0.951264
3900 pop2 1.14186 0.95155
4000 pop1 1.14502 0.954185
4000 pop2 1.14301 0.952512
4100 pop1 1.14607 0.955059
4100 pop2 1.13854 0.948784
4200 pop1 1.14407 0.95339
4200 pop2 1.14477 0.953976
4300 pop1 1.14788 0.956566
4300 pop2 1.13846 0.948715
4400 pop1 1.13464 0.945531
4400 pop2 1.14471 0.953922
4500 pop1 1.1371 0.947587
4500 pop2 1.14906 0.957552
4600 pop1 1.13914 0.949287
4600 pop2 1.14287 0.952393
4700 pop1 1.14389 0.953238
4700 pop2 1.14001 0.95001
4800 pop1 1.145 0.954168
4800 pop2 1.13604 0.946703
4900 pop1 1.14602 0.955016
4900 pop2 1.14147 0.951228
5000 pop1 1.14036 0.950299
5000 pop2 1.14907 0.957555
