1 pop1 1.0 0.909091
1 pop2 1.0 0.909091
100 pop1 1.085 0.986367
100 pop2 1.08345 0.984956
200 pop1 1.08713 0.988299
200 pop2 1.08617 0.987427
300 pop1 1.08747 0.988613
300 pop2 1.08396 0.985418
400 pop1 1.08637 0.987611
400 pop2 1.08648 0.987706
500 pop1 1.08494 0.986309
500 pop2 1.08491 0.986286
600 pop1 1.08457 0.985975
600 pop2 1.08649 0.987722
700 pop1 1.0813 0.982996
700 pop2 1.08542 0.986743
800 pop1 1.08478 0.986163
800 pop2 1.08147 0.983153
900 pop1 1.08302 0.984567
900 pop2 1.08719 0.988352
1000 pop1 1.08357 0.98506
1000 pop2 1.08461 0.986006
1100 pop1 1.09135 0.99214
1100 pop2 0.992949 0.902681
1200 pop1 1.09329 0.993896
1200 pop2 0.993542 0.90322
1300 pop1 1.09763 0.997844
1300 pop2 0.995201 0.904728
1400 pop1 1.09957 0.999612
1400 pop2 0.995418 0.904925
1500 pop1 1.10035 1.00032
1500 pop2 0.997334 0.906667
1600 pop1 1.10234 1.00212
1600 pop2 0.999407 0.908552
1700 pop1 1.10242 1.0022
1700 pop2 1.0 0.909091
1800 pop1 1.10188 1.00171
1800 pop2 1.0 0.909091
1900 pop1 1.1025 1.00227
1900 pop2 1.0 0.909091
2000 pop1 1.1025 1.00227
2000 pop2 1.0 0.909091
2100 pop1 1.1025 1.00227
2100 pop2 1.0 0.909091
2200 pop1 1.1025 1.00227
2200 pop2 1.0 0.909091
2300 pop1 1.1025 1.00227
2300 pop2 1.0 0.909091
2400 pop1 1.1025 1.00227
2400 pop2 1.0 0.909091
2500 pop1 1.1025 1.00227
2500 pop2 1.0 0.909091
2600 pop1 1.1025 1.00227
2600 pop2 1.0 0.909091
2700 pop1 1.1025 1.00227
2700 pop2 1.0 0.909091
2800 pop1 1.1025 1.00227
2800 pop2 1.0 0.909091
2900 pop1 1.1025 1.00227
2900 pop2 1.0 0.909091
3000 pop1 1.1025 1.00227
3000 pop2 1.0 0.909091
3100 pop1 1.1025 1.00227
3100 pop2 1.0 0.909091
3200 pop1 1.1025 1.00227
3200 pop2 1.0 0.909091
3300 pop1 1.1025 1.00227
3300 pop2 1.0 0.909091
3400 pop1 1.1025 1.00227
3400 pop2 1.0 0.909091
3500 pop1 1.1025 1.00227
3500 pop2 1.0 0.909091
3600 pop1 1.1025 1.00227
3600 pop2 1.0 0.909091
3700 pop1 1.1025 1.00227
3700 pop2 1.0 0.909091
3800 pop1 1.1025 1.00227
3800 pop2 1.0 0.909091
3900 pop1 1.1025 1.00227
3900 pop2 1.0 0.909091
4000 pop1 1.1025 1.00227
4000 pop2 1.0 0.909091
4100 pop1 1.1025 1.00227
4100 pop2 1.0 0.909091
4200 pop1 1.1025 1.00227
4200 pop2 1.0 0.909091
4300 pop1 1.1025 1.00227
4300 pop2 1.0 0.909091
4400 pop1 1.1025 1.00227
4400 pop2 1.0 0.909091
4500 pop1 1.1025 1.00227
4500 pop2 1.0 0.909091
4600 pop1 1.1025 1.00227
4600 pop2 1.0 0.909091
4700 pop1 1.1025 1.00227
4700 pop2 1.0 0.909091
4800 pop1 1.1025 1.00227
4800 pop2 1.0 0.909091
4900 pop1 1.1025 1.00227
4900 pop2 1.0 0.909091
5000 pop1 1.1025 1.00227
5000 pop2 1.0 0.909091
