1 pop1 1.0 0.980392
1 pop2 1.0 0.980392
100 pop1 1.00701 0.987261
100 pop2 1.00544 0.985722
200 pop1 1.0087 0.988921
200 pop2 1.00852 0.988749
300 pop1 1.00679 0.987047
300 pop2 1.00917 0.989379
400 pop1 1.00796 0.988197
400 pop2 1.00896 0.989172
500 pop1 1.0082 0.98843
500 pop2 1.00909 0.989307
600 pop1 1.00914 0.989358
600 pop2 1.00995 0.990143
700 pop1 1.00636 0.986624
700 pop2 1.00846 0.988686
800 pop1 1.00711 0.987362
800 pop2 1.00749 0.98774
900 pop1 1.008 0.988235
900 pop2 1.00831 0.988536
1000 pop1 1.00782 0.988064
1000 pop2 1.00899 0.989205
1100 pop1 1.01537 0.99546
1100 pop2 0.998825 0.97924
1200 pop1 1.01899 0.99901
1200 pop2 0.998748 0.979164
1300 pop1 1.01942 0.999429
1300 pop2 0.999062 0.979473
1400 pop1 1.01917 0.999183
1400 pop2 0.999725 0.980122
1500 pop1 1.01974 0.999744
1500 pop2 0.999709 0.980107
1600 pop1 1.01958 0.999585
1600 pop2 0.999789 0.980185
1700 pop1 1.01967 0.999672
1700 pop2 0.999832 0.980228
1800 pop1 1.01966 0.999671
1800 pop2 1.0 0.980392
1900 pop1 1.0201 1.0001
1900 pop2 1.0 0.980392
2000 pop1 1.0201 1.0001
2000 pop2 1.0 0.980392
2100 pop1 1.0201 1.0001
2100 pop2 1.0 0.980392
2200 pop1 1.0201 1.0001
2200 pop2 1.0 0.980392
2300 pop1 1.0201 1.0001
2300 pop2 1.0 0.980392
2400 pop1 1.0201 1.0001
2400 pop2 1.0 0.980392
2500 pop1 1.0201 1.0001
2500 pop2 1.0 0.980392
2600 pop1 1.0201 1.0001
2600 pop2 1.0 0.980392
2700 pop1 1.0201 1.0001
2700 pop2 1.0 0.980392
2800 pop1 1.0201 1.0001
2800 pop2 1.0 0.980392
2900 pop1 1.0201 1.0001
2900 pop2 1.0 0.980392
3000 pop1 1.0201 1.0001
3000 pop2 1.0 0.980392
3100 pop1 1.0201 1.0001
3100 pop2 1.0 0.980392
3200 pop1 1.0201 1.0001
3200 pop2 1.0 0.980392
3300 pop1 1.0201 1.0001
3300 pop2 1.0 0.980392
3400 pop1 1.0201 1.0001
3400 pop2 1.0 0.980392
3500 pop1 1.0201 1.0001
3500 pop2 1.0 0.980392
3600 pop1 1.0201 1.0001
3600 pop2 1.0 0.980392
3700 pop1 1.0201 1.0001
3700 pop2 1.0 0.980392
3800 pop1 1.0201 1.0001
3800 pop2 1.0 0.980392
3900 pop1 1.0201 1.0001
3900 pop2 1.0 0.980392
4000 pop1 1.0201 1.0001
4000 pop2 1.0 0.980392
4100 pop1 1.0201 1.0001
4100 pop2 1.0 0.980392
4200 pop1 1.0201 1.0001
4200 pop2 1.0 0.980392
4300 pop1 1.0201 1.0001
4300 pop2 1.0 0.980392
4400 pop1 1.0201 1.0001
4400 pop2 1.0 0.980392
4500 pop1 1.0201 1.0001
4500 pop2 1.0 0.980392
4600 pop1 1.0201 1.0001
4600 pop2 1.0 0.980392
4700 pop1 1.0201 1.0001
4700 pop2 1.0 0.980392
4800 pop1 1.0201 1.0001
4800 pop2 1.0 0.980392
4900 pop1 1.0201 1.0001
4900 pop2 1.0 0.980392
5000 pop1 1.0201 1.0001
5000 pop2 1.0 0.980392
