1 pop1 1.0 0.833333
1 pop2 1.0 0.833333
100 pop1 1.07721 0.897677
100 pop2 1.06973 0.891438
200 pop1 1.06571 0.888089
200 pop2 1.07354 0.894618
300 pop1 1.05891 0.882424
300 pop2 1.08219 0.901826
400 pop1 1.06483 0.887362
400 pop2 1.07718 0.897647
500 pop1 1.07204 0.893369
500 pop2 1.0678 0.889835
600 pop1 1.0701 0.891752
600 pop2 1.06921 0.891008
700 pop1 1.07557 0.896307
700 pop2 1.06856 0.890465
800 pop1 1.06721 0.889346
800 pop2 1.07116 0.892633
900 pop1 1.06704 0.889204
900 pop2 1.05929 0.882743
1000 pop1 1.07626 0.89688
1000 pop2 1.06457 0.88714
1100 pop1 1.11625 0.930208
1100 pop2 1.11667 0.930561
1200 pop1 1.10287 0.919062
1200 pop2 1.13203 0.943362
1300 pop1 1.11427 0.928554
1300 pop2 1.13172 0.943101
1400 pop1 1.1195 0.93292
1400 pop2 1.1235 0.936253
1500 pop1 1.12705 0.93921
1500 pop2 1.12538 0.937819
1600 pop1 1.12668 0.938904
1600 pop2 1.11804 0.931696
1700 pop1 1.1216 0.93467
1700 pop2 1.11805 0.93171
1800 pop1 1.12078 0.93398
1800 pop2 1.11871 0.93226
1900 pop1 1.12222 0.935184
1900 pop2 1.11302 0.927513
2000 pop1 1.12419 0.936823
2000 pop2 1.12155 0.934627
2100 pop1 1.11455 0.928789
2100 pop2 1.12317 0.935976
2200 pop1 1.11779 0.931488
2200 pop2 1.12946 0.941213
2300 pop1 1.13343 0.944524
2300 pop2 1.11374 0.92812
2400 pop1 1.1266 0.938833
2400 pop2 1.12205 0.935038
2500 pop1 1.12864 0.940531
2500 pop2 1.11375 0.928128
2600 pop1 1.12672 0.93893
2600 pop2 1.11763 0.931356
2700 pop1 1.11392 0.928267
2700 pop2 1.12927 0.94106
2800 pop1 1.12438 0.936987
2800 pop2 1.11995 0.933292
2900 pop1 1.12729 0.939405
2900 pop2 1.11618 0.930148
3000 pop1 1.13632 0.946936
3000 pop2 1.11918 0.932649
3100 pop1 1.12044 0.933704
3100 pop2 1.12406 0.936719
3200 pop1 1.12146 0.934552
3200 pop2 1.12148 0.934568
3300 pop1 1.12517 0.937641
3300 pop2 1.12604 0.938369
3400 pop1 1.12024 0.933535
3400 pop2 1.12215 0.935127
3500 pop1 1.12314 0.935951
3500 pop2 1.12341 0.936174
3600 pop1 1.12889 0.940743
3600 pop2 1.1173 0.931084
3700 pop1 1.12422 0.936848
3700 pop2 1.11642 0.930352
3800 pop1 1.11134 0.926118
3800 pop2 1.13314 0.94428
3900 pop1 1.12219 0.935162
3900 pop2 1.11611 0.930092
4000 pop1 1.12222 0.935181
4000 pop2 1.12175 0.934792
4100 pop1 1.13557 0.946309
4100 pop2 1.10941 0.924508
4200 pop1 1.12875 0.940628
4200 pop2 1.11769 0.931412
4300 pop1 1.12252 0.935432
4300 pop2 1.11541 0.92951
4400 pop1 1.11944 0.932869
4400 pop2 1.12548 0.937904
4500 pop1 1.12074 0.933954
4500 pop2 1.12183 0.93486
4600 pop1 1.12441 0.937006
4600 pop2 1.11945 0.932874
4700 pop1 1.12941 0.941172
4700 pop2 1.1142 0.928504
4800 pop1 1.12087 0.93406
4800 pop2 1.12655 0.938796
4900 pop1 1.12135 0.934456
4900 pop2 1.12817 0.940142
5000 pop1 1.12357 0.936308
5000 pop2 1.12155 0.934624
