1 pop1 1.0 0.980392
1 pop2 1.0 0.980392
100 pop1 1.00016 0.980546
100 pop2 1.00309 0.983419
200 pop1 1.00303 0.983363
200 pop2 0.999615 0.980015
300 pop1 1.00594 0.986213
300 pop2 0.996072 0.976541
400 pop1 1.00654 0.986802
400 pop2 0.996857 0.977311
500 pop1 1.00528 0.98557
500 pop2 0.996776 0.977231
600 pop1 1.00458 0.984886
600 pop2 0.996602 0.977061
700 pop1 1.00527 0.985561
700 pop2 0.996309 0.976773
800 pop1 1.00743 0.987677
800 pop2 0.99446 0.974961
900 pop1 1.00841 0.988641
900 pop2 0.992236 0.972781
1000 pop1 1.00674 0.986999
1000 pop2 0.994967 0.975458
1100 pop1 1.00921 0.989422
1100 pop2 1.00294 0.983277
1200 pop1 1.01001 0.990204
1200 pop2 1.00667 0.986935
1300 pop1 1.01108 0.991256
1300 pop2 1.00787 0.988106
1400 pop1 1.00966 0.989865
1400 pop2 1.0096 0.989804
1500 pop1 1.01047 0.990657
1500 pop2 1.00883 0.989045
1600 pop1 1.01107 0.991243
1600 pop2 1.0093 0.989508
1700 pop1 1.01078 0.990962
1700 pop2 1.00825 0.98848
1800 pop1 1.00933 0.989541
1800 pop2 1.01097 0.99115
1900 pop1 1.00935 0.989556
1900 pop2 1.01135 0.991522
2000 pop1 1.00795 0.988186
2000 pop2 1.01267 0.992814
2100 pop1 1.00687 0.987129
2100 pop2 1.01345 0.993578
2200 pop1 1.00925 0.989457
2200 pop2 1.01119 0.991363
2300 pop1 1.00979 0.98999
2300 pop2 1.01115 0.99132
2400 pop1 1.00787 0.98811
2400 pop2 1.01246 0.992609
2500 pop1 1.00779 0.988034
2500 pop2 1.01279 0.992931
2600 pop1 1.00826 0.988494
2600 pop2 1.01191 0.992067
2700 pop1 1.00728 0.987526
2700 pop2 1.01262 0.992768
2800 pop1 1.0065 0.986769
2800 pop2 1.0132 0.993338
2900 pop1 1.00555 0.985829
2900 pop2 1.01405 0.994166
3000 pop1 1.00597 0.986241
3000 pop2 1.01421 0.994322
3100 pop1 1.00695 0.98721
3100 pop2 1.01264 0.992787
3200 pop1 1.00593 0.986206
3200 pop2 1.01464 0.994741
3300 pop1 1.00438 0.984682
3300 pop2 1.0153 0.995391
3400 pop1 1.00356 0.983886
3400 pop2 1.01689 0.996953
3500 pop1 1.00296 0.983294
3500 pop2 1.0178 0.997839
3600 pop1 1.00367 0.983991
3600 pop2 1.01662 0.996685
3700 pop1 1.00478 0.985079
3700 pop2 1.01513 0.995228
3800 pop1 1.00455 0.984848
3800 pop2 1.01486 0.994959
3900 pop1 1.00492 0.985218
3900 pop2 1.01612 0.996199
4000 pop1 1.00615 0.98642
4000 pop2 1.01464 0.994745
4100 pop1 1.00515 0.985437
4100 pop2 1.01504 0.995139
4200 pop1 1.00592 0.986195
4200 pop2 1.01465 0.994758
4300 pop1 1.0061 0.986372
4300 pop2 1.01469 0.994795
4400 pop1 1.00638 0.986644
4400 pop2 1.01413 0.994244
4500 pop1 1.00685 0.987106
4500 pop2 1.01316 0.993289
4600 pop1 1.00703 0.987284
4600 pop2 1.01355 0.993678
4700 pop1 1.00808 0.988316
4700 pop2 1.01286 0.993004
4800 pop1 1.00797 0.988205
4800 pop2 1.01263 0.992777
4900 pop1 1.00751 0.987753
4900 pop2 1.01313 0.993263
5000 pop1 1.00747 0.987711
5000 pop2 1.01364 0.99376
