1 pop1 1.0 0.909091
1 pop2 1.0 0.909091
100 pop1 1.02667 0.933338
100 pop2 1.03675 0.942499
200 pop1 1.03237 0.938517
200 pop2 1.03896 0.944511
300 pop1 1.04145 0.946776
300 pop2 1.02578 0.932527
400 pop1 1.03163 0.937843
400 pop2 1.03078 0.937069
500 pop1 1.03475 0.94068
500 pop2 1.03717 0.942885
600 pop1 1.03774 0.943402
600 pop2 1.02429 0.931177
700 pop1 1.03678 0.942525
700 pop2 1.03501 0.940914
800 pop1 1.0319 0.93809
800 pop2 1.03245 0.938591
900 pop1 1.03906 0.944596
900 pop2 1.03592 0.941742
1000 pop1 1.03333 0.939394
1000 pop2 1.03486 0.940783
1100 pop1 1.06023 0.963848
1100 pop2 1.04873 0.953394
1200 pop1 1.05535 0.959407
1200 pop2 1.06458 0.967804
1300 pop1 1.05341 0.957646
1300 pop2 1.06407 0.967333
1400 pop1 1.05431 0.958465
1400 pop2 1.06285 0.966231
1500 pop1 1.05206 0.956421
1500 pop2 1.06604 0.96913
1600 pop1 1.05384 0.958034
1600 pop2 1.0648 0.967999
1700 pop1 1.05158 0.955984
1700 pop2 1.06579 0.968902
1800 pop1 1.0515 0.955906
1800 pop2 1.06647 0.969519
1900 pop1 1.05947 0.963157
1900 pop2 1.05835 0.962137
2000 pop1 1.05769 0.961537
2000 pop2 1.06655 0.969591
2100 pop1 1.06343 0.966754
2100 pop2 1.06153 0.965031
2200 pop1 1.0623 0.965727
2200 pop2 1.06369 0.966992
2300 pop1 1.0648 0.968003
2300 pop2 1.06061 0.964194
2400 pop1 1.06143 0.964939
2400 pop2 1.06048 0.964076
2500 pop1 1.06563 0.968758
2500 pop2 1.05701 0.96092
2600 pop1 1.06248 0.965888
2600 pop2 1.06042 0.964017
2700 pop1 1.06383 0.967122
2700 pop2 1.05818 0.96198
2800 pop1 1.06262 0.966014
2800 pop2 1.05928 0.962979
2900 pop1 1.05657 0.960517
2900 pop2 1.06254 0.965941
3000 pop1 1.05971 0.96337
3000 pop2 1.06359 0.966895
3100 pop1 1.05855 0.962318
3100 pop2 1.06804 0.970947
3200 pop1 1.05822 0.962017
3200 pop2 1.06382 0.967108
3300 pop1 1.05521 0.959283
3300 pop2 1.06494 0.968125
3400 pop1 1.06148 0.964978
3400 pop2 1.06365 0.966951
3500 pop1 1.0569 0.960819
3500 pop2 1.06437 0.967608
3600 pop1 1.06154 0.965035
3600 pop2 1.06442 0.967659
3700 pop1 1.06502 0.968197
3700 pop2 1.05913 0.962842
3800 pop1 1.05728 0.961161
3800 pop2 1.06026 0.963877
3900 pop1 1.0599 0.963549
3900 pop2 1.06573 0.968845
4000 pop1 1.06149 0.964986
4000 pop2 1.06155 0.965045
4100 pop1 1.05508 0.959161
4100 pop2 1.06893 0.971757
4200 pop1 1.06592 0.969018
4200 pop2 1.05712 0.961014
4300 pop1 1.064 0.967271
4300 pop2 1.06039 0.963993
4400 pop1 1.06103 0.964572
4400 pop2 1.06154 0.96504
4500 pop1 1.06458 0.967798
4500 pop2 1.05354 0.95776
4600 pop1 1.06108 0.964618
4600 pop2 1.06316 0.966511
4700 pop1 1.05976 0.963417
4700 pop2 1.06168 0.965165
4800 pop1 1.06266 0.966051
4800 pop2 1.06436 0.967601
4900 pop1 1.05757 0.961427
4900 pop2 1.0656 0.968728
5000 pop1 1.06113 0.964663
5000 pop2 1.06137 0.964886
