1 pop1 1.0 0.909091
1 pop2 1.0 0.909091
100 pop1 1.02464 0.931494
100 pop2 1.00438 0.91307
200 pop1 1.01919 0.926539
200 pop2 1.01224 0.920223
300 pop1 1.02658 0.933255
300 pop2 1.00449 0.913174
400 pop1 1.01963 0.926933
400 pop2 1.00681 0.915286
500 pop1 1.01549 0.923177
500 pop2 1.01201 0.920011
600 pop1 1.02198 0.929071
600 pop2 1.0076 0.916004
700 pop1 1.01875 0.926135
700 pop2 1.00917 0.917427
800 pop1 1.01416 0.921965
800 pop2 1.01211 0.920098
900 pop1 1.01786 0.925331
900 pop2 1.01254 0.920493
1000 pop1 1.02078 0.927982
1000 pop2 1.00658 0.915076
1100 pop1 1.06329 0.96663
1100 pop2 1.03936 0.944872
1200 pop1 1.06385 0.967137
1200 pop2 1.04618 0.951068
1300 pop1 1.05821 0.962013
1300 pop2 1.05144 0.95585
1400 pop1 1.05493 0.959024
1400 pop2 1.05631 0.960284
1500 pop1 1.05501 0.9591
1500 pop2 1.05545 0.959498
1600 pop1 1.05989 0.963536
1600 pop2 1.05163 0.956026
1700 pop1 1.05476 0.958871
1700 pop2 1.05678 0.960712
1800 pop1 1.0573 0.961181
1800 pop2 1.05501 0.959101
1900 pop1 1.05892 0.962652
1900 pop2 1.05026 0.954786
2000 pop1 1.05957 0.963247
2000 pop2 1.05329 0.957537
2100 pop1 1.05598 0.959983
2100 pop2 1.05596 0.959962
2200 pop1 1.06291 0.966281
2200 pop2 1.04745 0.952227
2300 pop1 1.05887 0.962609
2300 pop2 1.05122 0.955652
2400 pop1 1.06123 0.96475
2400 pop2 1.05133 0.955753
2500 pop1 1.05785 0.961686
2500 pop2 1.05198 0.956349
2600 pop1 1.05626 0.960239
2600 pop2 1.05282 0.957112
2700 pop1 1.0587 0.962453
2700 pop2 1.05219 0.956537
2800 pop1 1.05003 0.954576
2800 pop2 1.06425 0.967498
2900 pop1 1.05407 0.958247
2900 pop2 1.05713 0.961029
3000 pop1 1.06203 0.965483
3000 pop2 1.04862 0.953289
3100 pop1 1.05887 0.962606
3100 pop2 1.05405 0.95823
3200 pop1 1.05853 0.962304
3200 pop2 1.05321 0.957467
3300 pop1 1.06068 0.964251
3300 pop2 1.04924 0.953856
3400 pop1 1.05086 0.955327
3400 pop2 1.06141 0.964915
3500 pop1 1.0507 0.955185
3500 pop2 1.06098 0.964523
3600 pop1 1.05199 0.956352
3600 pop2 1.05797 0.961793
3700 pop1 1.0604 0.964
3700 pop2 1.05148 0.955889
3800 pop1 1.04762 0.95238
3800 pop2 1.06078 0.964345
3900 pop1 1.04777 0.95252
3900 pop2 1.06318 0.966524
4000 pop1 1.05025 0.954772
4000 pop2 1.0598 0.963459
4100 pop1 1.05735 0.96123
4100 pop2 1.05753 0.961387
4200 pop1 1.05671 0.960642
4200 pop2 1.05488 0.95898
4300 pop1 1.0562 0.960183
4300 pop2 1.05698 0.960887
4400 pop1 1.05902 0.962743
4400 pop2 1.05196 0.956326
4500 pop1 1.05329 0.957532
4500 pop2 1.05638 0.960346
4600 pop1 1.05683 0.960751
4600 pop2 1.05319 0.95745
4700 pop1 1.06379 0.967078
4700 pop2 1.04836 0.95305
4800 pop1 1.06393 0.967206
4800 pop2 1.04546 0.950416
4900 pop1 1.06521 0.968377
4900 pop2 1.04928 0.953892
5000 pop1 1.05633 0.960299
5000 pop2 1.05359 0.957809
