1 pop1 1.0 0.909091
1 pop2 1.0 0.909091
100 pop1 1.01967 0.926974
100 pop2 1.00692 0.915378
200 pop1 1.02673 0.933393
200 pop2 1.00103 0.910026
300 pop1 1.01232 0.920289
300 pop2 1.01136 0.919422
400 pop1 1.02121 0.928377
400 pop2 1.0096 0.917821
500 pop1 1.02163 0.928757
500 pop2 1.00327 0.912062
600 pop1 1.02557 0.932332
600 pop2 1.00612 0.914654
700 pop1 1.01049 0.918628
700 pop2 1.01933 0.926663
800 pop1 1.00291 0.911739
800 pop2 1.02848 0.934985
900 pop1 1.02213 0.929212
900 pop2 1.00967 0.917881
1000 pop1 1.02284 0.929858
1000 pop2 1.0031 0.911905
1100 pop1 1.05706 0.96096
1100 pop2 1.04418 0.949255
1200 pop1 1.0413 0.94664
1200 pop2 1.06342 0.966743
1300 pop1 1.03811 0.943733
1300 pop2 1.06946 0.972233
1400 pop1 1.03998 0.945436
1400 pop2 1.06579 0.968904
1500 pop1 1.04429 0.949353
1500 pop2 1.06568 0.968797
1600 pop1 1.04831 0.95301
1600 pop2 1.06001 0.963641
1700 pop1 1.045 0.949999
1700 pop2 1.06337 0.966701
1800 pop1 1.05247 0.956789
1800 pop2 1.05791 0.961739
1900 pop1 1.05118 0.95562
1900 pop2 1.06047 0.964066
2000 pop1 1.05506 0.959143
2000 pop2 1.05416 0.958323
2100 pop1 1.05937 0.963064
2100 pop2 1.05017 0.954701
2200 pop1 1.06428 0.967528
2200 pop2 1.0475 0.952272
2300 pop1 1.06463 0.967847
2300 pop2 1.04548 0.950441
2400 pop1 1.05793 0.961751
2400 pop2 1.05243 0.956756
2500 pop1 1.05442 0.958561
2500 pop2 1.05738 0.96125
2600 pop1 1.05714 0.961038
2600 pop2 1.05298 0.957259
2700 pop1 1.06397 0.967249
2700 pop2 1.04782 0.952567
2800 pop1 1.05605 0.960043
2800 pop2 1.05599 0.959987
2900 pop1 1.0537 0.957913
2900 pop2 1.05901 0.962735
3000 pop1 1.04958 0.954167
3000 pop2 1.05713 0.961031
3100 pop1 1.05079 0.955262
3100 pop2 1.06028 0.963891
3200 pop1 1.04968 0.954258
3200 pop2 1.05688 0.960801
3300 pop1 1.05386 0.958054
3300 pop2 1.05963 0.963303
3400 pop1 1.05934 0.963037
3400 pop2 1.05289 0.957173
3500 pop1 1.05623 0.960209
3500 pop2 1.05261 0.956922
3600 pop1 1.0511 0.955541
3600 pop2 1.05927 0.962973
3700 pop1 1.05719 0.961084
3700 pop2 1.0516 0.955998
3800 pop1 1.06207 0.965522
3800 pop2 1.04782 0.952567
3900 pop1 1.05009 0.954627
3900 pop2 1.05922 0.962932
4000 pop1 1.05524 0.959305
4000 pop2 1.05565 0.959684
4100 pop1 1.05677 0.960704
4100 pop2 1.0541 0.958274
4200 pop1 1.04879 0.95345
4200 pop2 1.06115 0.964679
4300 pop1 1.05404 0.958219
4300 pop2 1.05482 0.958931
4400 pop1 1.05978 0.963438
4400 pop2 1.04973 0.954299
4500 pop1 1.05397 0.958151
4500 pop2 1.055 0.95909
4600 pop1 1.05894 0.962677
4600 pop2 1.04845 0.953134
4700 pop1 1.05527 0.959338
4700 pop2 1.05468 0.958796
4800 pop1 1.05608 0.960076
4800 pop2 1.05021 0.95474
4900 pop1 1.05334 0.957581
4900 pop2 1.05707 0.960975
5000 pop1 1.04597 0.950877
5000 pop2 1.06347 0.966795
