1 pop1 1.0 0.833333
1 pop2 1.0 0.833333
100 pop1 1.19474 0.995614
100 pop2 1.18886 0.99072
200 pop1 1.19187 0.993223
200 pop2 1.1889 0.990752
300 pop1 1.19157 0.992974
300 pop2 1.19259 0.993822
400 pop1 1.18583 0.98819
400 pop2 1.18958 0.991319
500 pop1 1.19247 0.993725
500 pop2 1.19002 0.991683
600 pop1 1.18443 0.987025
600 pop2 1.19185 0.99321
700 pop1 1.19077 0.992307
700 pop2 1.18729 0.98941
800 pop1 1.19184 0.993197
800 pop2 1.18958 0.99132
900 pop1 1.19193 0.993275
900 pop2 1.19236 0.993636
1000 pop1 1.18742 0.989514
1000 pop2 1.19198 0.993318
1100 pop1 1.19015 0.991792
1100 pop2 1.18605 0.988375
1200 pop1 1.18728 0.989401
1200 pop2 1.1891 0.990913
1300 pop1 1.18729 0.989412
1300 pop2 1.19027 0.991895
1400 pop1 1.1885 0.990417
1400 pop2 1.19165 0.993042
1500 pop1 1.18986 0.991552
1500 pop2 1.18722 0.989346
1600 pop1 1.18863 0.990525
1600 pop2 1.18901 0.990842
1700 pop1 1.19127 0.992723
1700 pop2 1.18724 0.989365
1800 pop1 1.1885 0.990414
1800 pop2 1.18977 0.991471
1900 pop1 1.19079 0.992324
1900 pop2 1.18996 0.991634
2000 pop1 1.18862 0.990513
2000 pop2 1.18959 0.991327
2100 pop1 1.19125 0.992711
2100 pop2 1.19333 0.994441
2200 pop1 1.19233 0.993606
2200 pop2 1.18716 0.989299
2300 pop1 1.19152 0.992936
2300 pop2 1.19169 0.993078
2400 pop1 1.19157 0.992973
2400 pop2 1.18918 0.990983
2500 pop1 1.19156 0.99297
2500 pop2 1.18888 0.990732
2600 pop1 1.19345 0.994538
2600 pop2 1.19198 0.993314
2700 pop1 1.18756 0.989636
2700 pop2 1.18793 0.989938
2800 pop1 1.18865 0.990539
2800 pop2 1.1875 0.98958
2900 pop1 1.19231 0.993592
2900 pop2 1.18923 0.991025
3000 pop1 1.19076 0.992302
3000 pop2 1.19204 0.993366
3100 pop1 1.19436 0.9953
3100 pop2 1.19011 0.991758
3200 pop1 1.19212 0.993429
3200 pop2 1.18831 0.990257
3300 pop1 1.18981 0.991512
3300 pop2 1.19099 0.992493
3400 pop1 1.19143 0.992858
3400 pop2 1.18984 0.991529
3500 pop1 1.19172 0.993099
3500 pop2 1.18893 0.990777
3600 pop1 1.19061 0.992178
3600 pop2 1.19071 0.992261
3700 pop1 1.19025 0.991875
3700 pop2 1.19152 0.992933
3800 pop1 1.18708 0.989235
3800 pop2 1.19204 0.993364
3900 pop1 1.18989 0.991577
3900 pop2 1.18844 0.990364
4000 pop1 1.19133 0.992774
4000 pop2 1.1894 0.99117
4100 pop1 1.18722 0.98935
4100 pop2 1.18566 0.98805
4200 pop1 1.19497 0.995805
4200 pop2 1.19095 0.992458
4300 pop1 1.19244 0.993696
4300 pop2 1.19354 0.994613
4400 pop1 1.19146 0.992881
4400 pop2 1.19201 0.993338
4500 pop1 1.18935 0.991123
4500 pop2 1.18758 0.989653
4600 pop1 1.19825 0.998542
4600 pop2 1.18603 0.988356
4700 pop1 1.19073 0.992277
4700 pop2 1.19146 0.99288
4800 pop1 1.19244 0.993702
4800 pop2 1.19031 0.991926
4900 pop1 1.18666 0.988887
4900 pop2 1.19244 0.993701
5000 pop1 1.19076 0.992302
5000 pop2 1.18952 0.991265
