1 pop1 1.0 0.833333
1 pop2 1.0 0.833333
100 pop1 1.188 0.989998
100 pop2 1.19366 0.994716
200 pop1 1.19261 0.993843
200 pop2 1.18762 0.989681
300 pop1 1.18981 0.991511
300 pop2 1.19345 0.99454
400 pop1 1.19511 0.995927
400 pop2 1.18853 0.990445
500 pop1 1.19305 0.994208
500 pop2 1.19183 0.993195
600 pop1 1.18981 0.991506
600 pop2 1.19007 0.991728
700 pop1 1.19272 0.993932
700 pop2 1.19004 0.991699
800 pop1 1.19315 0.994291
800 pop2 1.19048 0.992065
900 pop1 1.18829 0.990239
900 pop2 1.19592 0.996598
1000 pop1 1.1931 0.994248
1000 pop2 1.19199 0.993328
1100 pop1 1.19676 0.997299
1100 pop2 0.99241 0.827008
1200 pop1 1.19478 0.995651
1200 pop2 0.990238 0.825198
1300 pop1 1.20329 1.00275
1300 pop2 0.987899 0.823249
1400 pop1 1.20173 1.00144
1400 pop2 0.987532 0.822944
1500 pop1 1.19503 0.995857
1500 pop2 0.992893 0.827411
1600 pop1 1.19973 0.999778
1600 pop2 0.991247 0.826039
1700 pop1 1.20284 1.00236
1700 pop2 0.992507 0.827089
1800 pop1 1.20158 1.00132
1800 pop2 0.991466 0.826221
1900 pop1 1.20659 1.00549
1900 pop2 0.996446 0.830372
2000 pop1 1.20451 1.00376
2000 pop2 0.995211 0.829342
2100 pop1 1.20811 1.00676
2100 pop2 0.996923 0.830769
2200 pop1 1.20842 1.00702
2200 pop2 0.999532 0.832943
2300 pop1 1.20998 1.00831
2300 pop2 0.999766 0.833138
2400 pop1 1.21 1.00833
2400 pop2 1.0 0.833333
2500 pop1 1.21 1.00833
2500 pop2 1.0 0.833333
2600 pop1 1.21 1.00833
2600 pop2 1.0 0.833333
2700 pop1 1.21 1.00833
2700 pop2 1.0 0.833333
2800 pop1 1.21 1.00833
2800 pop2 1.0 0.833333
2900 pop1 1.21 1.00833
2900 pop2 1.0 0.833333
3000 pop1 1.21 1.00833
3000 pop2 1.0 0.833333
3100 pop1 1.21 1.00833
3100 pop2 1.0 0.833333
3200 pop1 1.21 1.00833
3200 pop2 1.0 0.833333
3300 pop1 1.21 1.00833
3300 pop2 1.0 0.833333
3400 pop1 1.21 1.00833
3400 pop2 1.0 0.833333
3500 pop1 1.21 1.00833
3500 pop2 1.0 0.833333
3600 pop1 1.21 1.00833
3600 pop2 1.0 0.833333
3700 pop1 1.21 1.00833
3700 pop2 1.0 0.833333
3800 pop1 1.21 1.00833
3800 pop2 1.0 0.833333
3900 pop1 1.21 1.00833
3900 pop2 1.0 0.833333
4000 pop1 1.21 1.00833
4000 pop2 1.0 0.833333
4100 pop1 1.21 1.00833
4100 pop2 1.0 0.833333
4200 pop1 1.21 1.00833
4200 pop2 1.0 0.833333
4300 pop1 1.21 1.00833
4300 pop2 1.0 0.833333
4400 pop1 1.21 1.00833
4400 pop2 1.0 0.833333
4500 pop1 1.21 1.00833
4500 pop2 1.0 0.833333
4600 pop1 1.21 1.00833
4600 pop2 1.0 0.833333
4700 pop1 1.21 1.00833
4700 pop2 1.0 0.833333
4800 pop1 1.21 1.00833
4800 pop2 1.0 0.833333
4900 pop1 1.21 1.00833
4900 pop2 1.0 0.833333
5000 pop1 1.21 1.00833
5000 pop2 1.0 0.833333
