1 pop1 1.0 0.909091
1 pop2 1.0 0.909091
100 pop1 1.03399 0.939992
100 pop2 1.03617 0.941977
200 pop1 1.03735 0.943041
200 pop2 1.03143 0.937662
300 pop1 1.02999 0.936359
300 pop2 1.03471 0.940649
400 pop1 1.03953 0.945028
400 pop2 1.0357 0.941542
500 pop1 1.03337 0.939431
500 pop2 1.04332 0.948472
600 pop1 1.03209 0.93826
600 pop2 1.03148 0.937713
700 pop1 1.03918 0.944713
700 pop2 1.03416 0.940146
800 pop1 1.03774 0.943397
800 pop2 1.02951 0.935916
900 pop1 1.0321 0.938277
900 pop2 1.03471 0.940647
1000 pop1 1.03706 0.94278
1000 pop2 1.0342 0.940185
1100 pop1 1.06321 0.966553
1100 pop2 1.0536 0.957814
1200 pop1 1.05734 0.961215
1200 pop2 1.06497 0.968152
1300 pop1 1.05799 0.96181
1300 pop2 1.06396 0.96724
1400 pop1 1.05368 0.957895
1400 pop2 1.06739 0.970357
1500 pop1 1.05958 0.963255
1500 pop2 1.06408 0.967342
1600 pop1 1.05598 0.959984
1600 pop2 1.06854 0.971396
1700 pop1 1.05465 0.958774
1700 pop2 1.06477 0.967971
1800 pop1 1.05538 0.95944
1800 pop2 1.06796 0.970875
1900 pop1 1.06316 0.966509
1900 pop2 1.05841 0.962191
2000 pop1 1.06437 0.967608
2000 pop2 1.06012 0.963747
2100 pop1 1.05647 0.960428
2100 pop2 1.06892 0.971744
2200 pop1 1.05754 0.961396
2200 pop2 1.0628 0.966184
2300 pop1 1.05743 0.961296
2300 pop2 1.06535 0.968502
2400 pop1 1.05355 0.957772
2400 pop2 1.0688 0.971635
2500 pop1 1.0555 0.959541
2500 pop2 1.06687 0.969885
2600 pop1 1.06411 0.967373
2600 pop2 1.06059 0.964174
2700 pop1 1.06359 0.966899
2700 pop2 1.06093 0.964486
2800 pop1 1.0593 0.963003
2800 pop2 1.06237 0.965794
2900 pop1 1.06262 0.966016
2900 pop2 1.06076 0.964325
3000 pop1 1.06794 0.97085
3000 pop2 1.05433 0.958485
3100 pop1 1.0639 0.967186
3100 pop2 1.06245 0.965866
3200 pop1 1.06327 0.966613
3200 pop2 1.06098 0.964525
3300 pop1 1.06153 0.965031
3300 pop2 1.06068 0.964252
3400 pop1 1.06582 0.968927
3400 pop2 1.05585 0.959864
3500 pop1 1.06175 0.965225
3500 pop2 1.05845 0.962231
3600 pop1 1.06211 0.965551
3600 pop2 1.05924 0.962949
3700 pop1 1.06183 0.965298
3700 pop2 1.06299 0.966358
3800 pop1 1.05985 0.963505
3800 pop2 1.06076 0.964324
3900 pop1 1.06026 0.963872
3900 pop2 1.06401 0.967283
4000 pop1 1.06991 0.972642
4000 pop2 1.05419 0.958355
4100 pop1 1.05959 0.963266
4100 pop2 1.05794 0.961766
4200 pop1 1.05615 0.960138
4200 pop2 1.06567 0.968791
4300 pop1 1.05739 0.961259
4300 pop2 1.06457 0.96779
4400 pop1 1.06077 0.964335
4400 pop2 1.06178 0.965255
4500 pop1 1.0601 0.963731
4500 pop2 1.06318 0.966524
4600 pop1 1.0584 0.962182
4600 pop2 1.06073 0.9643
4700 pop1 1.05846 0.962236
4700 pop2 1.06639 0.969449
4800 pop1 1.0664 0.969453
4800 pop2 1.05817 0.961968
4900 pop1 1.06364 0.966949
4900 pop2 1.05443 0.958569
5000 pop1 1.06779 0.970714
5000 pop2 1.05905 0.962776
