1 pop1 1.0 0.980392
1 pop2 1.0 0.980392
100 pop1 1.0075 0.987746
100 pop2 1.0067 0.986961
200 pop1 1.0088 0.989018
200 pop2 1.00668 0.98694
300 pop1 1.00713 0.987387
300 pop2 1.00462 0.984926
400 pop1 1.00683 0.987089
400 pop2 1.00193 0.982281
500 pop1 1.00834 0.988572
500 pop2 1.00341 0.98374
600 pop1 1.00755 0.987795
600 pop2 1.00316 0.983489
700 pop1 1.0071 0.987356
700 pop2 1.00555 0.98583
800 pop1 1.0042 0.984514
800 pop2 1.00664 0.986899
900 pop1 1.00568 0.985956
900 pop2 1.00725 0.987499
1000 pop1 1.00641 0.986672
1000 pop2 1.00672 0.986976
1100 pop1 1.01133 0.991503
1100 pop2 1.00068 0.981058
1200 pop1 1.01161 0.991775
1200 pop2 1.00129 0.981658
1300 pop1 1.01433 0.994445
1300 pop2 1.00407 0.984384
1400 pop1 1.0158 0.995879
1400 pop2 1.0067 0.986965
1500 pop1 1.01411 0.994229
1500 pop2 1.00768 0.987917
1600 pop1 1.01573 0.995814
1600 pop2 1.00737 0.987613
1700 pop1 1.01483 0.994936
1700 pop2 1.00928 0.989492
1800 pop1 1.0143 0.994414
1800 pop2 1.00958 0.989784
1900 pop1 1.01505 0.995143
1900 pop2 1.00718 0.987434
2000 pop1 1.01437 0.994483
2000 pop2 1.00926 0.989474
2100 pop1 1.01401 0.994127
2100 pop2 1.01076 0.990941
2200 pop1 1.01401 0.994131
2200 pop2 1.00951 0.989718
2300 pop1 1.01465 0.994751
2300 pop2 1.01026 0.990446
2400 pop1 1.01318 0.99331
2400 pop2 1.01203 0.992188
2500 pop1 1.01238 0.992531
2500 pop2 1.01096 0.99114
2600 pop1 1.01155 0.991719
2600 pop2 1.0118 0.991964
2700 pop1 1.01204 0.992194
2700 pop2 1.01058 0.990761
2800 pop1 1.01096 0.991139
2800 pop2 1.01249 0.992635
2900 pop1 1.01144 0.99161
2900 pop2 1.01267 0.992817
3000 pop1 1.01223 0.992386
3000 pop2 1.01311 0.993249
3100 pop1 1.01182 0.991982
3100 pop2 1.01109 0.991267
3200 pop1 1.01245 0.992599
3200 pop2 1.01392 0.99404
3300 pop1 1.01358 0.993704
3300 pop2 1.01094 0.991114
3400 pop1 1.01219 0.992341
3400 pop2 1.01146 0.991627
3500 pop1 1.01177 0.991931
3500 pop2 1.01276 0.992906
3600 pop1 1.01075 0.990934
3600 pop2 1.01416 0.994273
3700 pop1 1.01133 0.991503
3700 pop2 1.01369 0.993813
3800 pop1 1.01196 0.992117
3800 pop2 1.01373 0.993853
3900 pop1 1.01109 0.991266
3900 pop2 1.01265 0.992796
4000 pop1 1.01365 0.993778
4000 pop2 1.01274 0.992882
4100 pop1 1.01278 0.992922
4100 pop2 1.01244 0.99259
4200 pop1 1.01141 0.991574
4200 pop2 1.01317 0.993308
4300 pop1 1.00981 0.990006
4300 pop2 1.01429 0.994401
4400 pop1 1.01238 0.992525
4400 pop2 1.01124 0.991407
4500 pop1 1.01109 0.991265
4500 pop2 1.01237 0.992523
4600 pop1 1.01311 0.993246
4600 pop2 1.01218 0.992335
4700 pop1 1.01189 0.992053
4700 pop2 1.01264 0.992788
4800 pop1 1.01227 0.992418
4800 pop2 1.01335 0.993478
4900 pop1 1.01192 0.992078
4900 pop2 1.01283 0.992969
5000 pop1 1.01199 0.992149
5000 pop2 1.01184 0.992003
