1 pop1 1.0 0.909091
1 pop2 1.0 0.909091
100 pop1 1.08027 0.982063
100 pop2 1.08067 0.982427
200 pop1 1.08436 0.98578
200 pop2 1.08238 0.983979
300 pop1 1.08115 0.982867
300 pop2 1.08568 0.986982
400 pop1 1.08268 0.984253
400 pop2 1.07818 0.980166
500 pop1 1.08102 0.982741
500 pop2 1.07986 0.981692
600 pop1 1.08462 0.986022
600 pop2 1.08376 0.985239
700 pop1 1.08284 0.984396
700 pop2 1.08497 0.986336
800 pop1 1.0801 0.981905
800 pop2 1.08134 0.983036
900 pop1 1.0843 0.985725
900 pop2 1.08555 0.986867
1000 pop1 1.08205 0.98368
1000 pop2 1.08426 0.985691
1100 pop1 1.0864 0.987636
1100 pop2 1.06805 0.970954
1200 pop1 1.08283 0.984392
1200 pop2 1.08727 0.988431
1300 pop1 1.08332 0.984832
1300 pop2 1.08313 0.984663
1400 pop1 1.0862 0.987457
1400 pop2 1.08216 0.983779
1500 pop1 1.08578 0.987073
1500 pop2 1.08762 0.988743
1600 pop1 1.08508 0.986439
1600 pop2 1.08721 0.988376
1700 pop1 1.08618 0.987438
1700 pop2 1.08636 0.987604
1800 pop1 1.08397 0.985431
1800 pop2 1.08885 0.989861
1900 pop1 1.0809 0.98264
1900 pop2 1.08548 0.986803
2000 pop1 1.08648 0.987706
2000 pop2 1.08639 0.98763
2100 pop1 1.08288 0.984435
2100 pop2 1.08585 0.987134
2200 pop1 1.08149 0.98317
2200 pop2 1.08703 0.98821
2300 pop1 1.08655 0.987773
2300 pop2 1.08581 0.987098
2400 pop1 1.08611 0.987374
2400 pop2 1.0857 0.987001
2500 pop1 1.08573 0.987023
2500 pop2 1.08321 0.984736
2600 pop1 1.08512 0.986468
2600 pop2 1.08891 0.989915
2700 pop1 1.0878 0.988908
2700 pop2 1.08514 0.986495
2800 pop1 1.08359 0.985084
2800 pop2 1.08176 0.983418
2900 pop1 1.08944 0.990404
2900 pop2 1.08021 0.982007
3000 pop1 1.08871 0.989734
3000 pop2 1.0852 0.986542
3100 pop1 1.08629 0.987539
3100 pop2 1.0849 0.98627
3200 pop1 1.08651 0.987736
3200 pop2 1.08567 0.986973
3300 pop1 1.08718 0.988342
3300 pop2 1.08479 0.986176
3400 pop1 1.08735 0.988501
3400 pop2 1.08722 0.988383
3500 pop1 1.08862 0.989659
3500 pop2 1.08472 0.986112
3600 pop1 1.08448 0.985887
3600 pop2 1.08478 0.986162
3700 pop1 1.08128 0.98298
3700 pop2 1.08723 0.988389
3800 pop1 1.08372 0.9852
3800 pop2 1.08736 0.988511
3900 pop1 1.08476 0.986148
3900 pop2 1.0854 0.98673
4000 pop1 1.08733 0.988481
4000 pop2 1.08247 0.984062
4100 pop1 1.08591 0.987188
4100 pop2 1.08792 0.98902
4200 pop1 1.08633 0.987576
4200 pop2 1.08435 0.985769
4300 pop1 1.08458 0.985979
4300 pop2 1.0895 0.990454
4400 pop1 1.08561 0.986916
4400 pop2 1.08311 0.984645
4500 pop1 1.08341 0.984916
4500 pop2 1.08759 0.988716
4600 pop1 1.08511 0.986463
4600 pop2 1.08662 0.987839
4700 pop1 1.0832 0.984729
4700 pop2 1.08383 0.985298
4800 pop1 1.08168 0.983345
4800 pop2 1.08511 0.986462
4900 pop1 1.08314 0.984673
4900 pop2 1.08569 0.986991
5000 pop1 1.08508 0.986438
5000 pop2 1.08259 0.984175
