1 pop1 1.0 0.909091
1 pop2 1.0 0.909091
100 pop1 1.08064 0.982404
100 pop2 1.07841 0.980375
200 pop1 1.08297 0.98452
200 pop2 1.08365 0.985137
300 pop1 1.07891 0.980831
300 pop2 1.08479 0.986174
400 pop1 1.08229 0.983904
400 pop2 1.08397 0.985426
500 pop1 1.07946 0.981328
500 pop2 1.08317 0.984699
600 pop1 1.08259 0.984172
600 pop2 1.08483 0.986212
700 pop1 1.08122 0.982925
700 pop2 1.08424 0.985676
800 pop1 1.08263 0.984214
800 pop2 1.08223 0.983846
900 pop1 1.08332 0.984837
900 pop2 1.08126 0.982961
1000 pop1 1.08606 0.987329
1000 pop2 1.08647 0.987703
1100 pop1 1.08757 0.988703
1100 pop2 1.05932 0.96302
1200 pop1 1.08281 0.984371
1200 pop2 1.08704 0.988221
1300 pop1 1.08665 0.987864
1300 pop2 1.08353 0.985023
1400 pop1 1.08325 0.984775
1400 pop2 1.0853 0.986633
1500 pop1 1.08661 0.987828
1500 pop2 1.08534 0.986669
1600 pop1 1.08561 0.986917
1600 pop2 1.08356 0.985056
1700 pop1 1.08595 0.987231
1700 pop2 1.08471 0.986099
1800 pop1 1.08489 0.986267
1800 pop2 1.0878 0.988906
1900 pop1 1.08617 0.987427
1900 pop2 1.08278 0.984345
2000 pop1 1.08635 0.987593
2000 pop2 1.08252 0.984112
2100 pop1 1.0836 0.985094
2100 pop2 1.08453 0.985935
2200 pop1 1.08795 0.989043
2200 pop2 1.08453 0.985938
2300 pop1 1.08474 0.986126
2300 pop2 1.08369 0.985169
2400 pop1 1.08619 0.987441
2400 pop2 1.08526 0.986598
2500 pop1 1.08496 0.986327
2500 pop2 1.08422 0.985654
2600 pop1 1.08955 0.990501
2600 pop2 1.08262 0.984197
2700 pop1 1.08225 0.983866
2700 pop2 1.08676 0.987965
2800 pop1 1.08746 0.9886
2800 pop2 1.08515 0.986499
2900 pop1 1.08314 0.984669
2900 pop2 1.08854 0.989586
3000 pop1 1.08681 0.988006
3000 pop2 1.08646 0.987692
3100 pop1 1.08576 0.987058
3100 pop2 1.08348 0.984978
3200 pop1 1.08494 0.98631
3200 pop2 1.08637 0.987613
3300 pop1 1.08079 0.982536
3300 pop2 1.08738 0.988528
3400 pop1 1.08426 0.985692
3400 pop2 1.08631 0.987555
3500 pop1 1.0896 0.990545
3500 pop2 1.08242 0.98402
3600 pop1 1.08617 0.98743
3600 pop2 1.08558 0.986893
3700 pop1 1.08402 0.985472
3700 pop2 1.07953 0.981391
3800 pop1 1.08894 0.989949
3800 pop2 1.08633 0.98757
3900 pop1 1.08767 0.988794
3900 pop2 1.08762 0.988745
4000 pop1 1.08295 0.984498
4000 pop2 1.08577 0.987062
4100 pop1 1.08437 0.985788
4100 pop2 1.08376 0.985239
4200 pop1 1.08625 0.987504
4200 pop2 1.08927 0.990244
4300 pop1 1.08408 0.985531
4300 pop2 1.08937 0.990334
4400 pop1 1.08485 0.986228
4400 pop2 1.08317 0.984701
4500 pop1 1.08102 0.982748
4500 pop2 1.08997 0.99088
4600 pop1 1.08477 0.986154
4600 pop2 1.08389 0.985354
4700 pop1 1.08041 0.982191
4700 pop2 1.08637 0.987609
4800 pop1 1.08462 0.98602
4800 pop2 1.07955 0.98141
4900 pop1 1.08534 0.986676
4900 pop2 1.08926 0.990241
5000 pop1 1.08338 0.984887
5000 pop2 1.08649 0.98772
