1 pop1 1.0 0.909091
1 pop2 1.0 0.909091
100 pop1 1.01464 0.922403
100 pop2 1.0148 0.922544
200 pop1 1.02061 0.927825
200 pop2 1.00474 0.913404
300 pop1 1.01465 0.922408
300 pop2 1.01813 0.925577
400 pop1 1.01138 0.919438
400 pop2 1.02526 0.932054
500 pop1 1.00513 0.913758
500 pop2 1.01958 0.926893
600 pop1 1.01153 0.919575
600 pop2 1.01325 0.921133
700 pop1 1.0126 0.920546
700 pop2 1.02053 0.92775
800 pop1 1.02572 0.932474
800 pop2 1.00395 0.912683
900 pop1 1.01824 0.925669
900 pop2 1.01258 0.920527
1000 pop1 1.0238 0.930731
1000 pop2 1.01122 0.919293
1100 pop1 1.06113 0.964664
1100 pop2 1.03247 0.938611
1200 pop1 1.04879 0.953443
1200 pop2 1.05433 0.958485
1300 pop1 1.05158 0.955979
1300 pop2 1.0572 0.961089
1400 pop1 1.0559 0.959906
1400 pop2 1.05358 0.957803
1500 pop1 1.04863 0.953296
1500 pop2 1.05932 0.963019
1600 pop1 1.04339 0.948539
1600 pop2 1.06649 0.969535
1700 pop1 1.04346 0.9486
1700 pop2 1.07076 0.973415
1800 pop1 1.04497 0.949973
1800 pop2 1.06639 0.969449
1900 pop1 1.05039 0.954897
1900 pop2 1.06601 0.9691
2000 pop1 1.05198 0.956343
2000 pop2 1.05912 0.962839
2100 pop1 1.05009 0.954632
2100 pop2 1.06132 0.964835
2200 pop1 1.05679 0.960722
2200 pop2 1.05658 0.960526
2300 pop1 1.05751 0.961377
2300 pop2 1.05453 0.958663
2400 pop1 1.05864 0.962402
2400 pop2 1.05589 0.959896
2500 pop1 1.06419 0.967445
2500 pop2 1.04681 0.951647
2600 pop1 1.05489 0.958989
2600 pop2 1.05735 0.961226
2700 pop1 1.05311 0.957376
2700 pop2 1.05836 0.962148
2800 pop1 1.05677 0.960702
2800 pop2 1.05406 0.958238
2900 pop1 1.05842 0.962198
2900 pop2 1.05364 0.957856
3000 pop1 1.06315 0.9665
3000 pop2 1.04407 0.949154
3100 pop1 1.05911 0.962828
3100 pop2 1.05253 0.956847
3200 pop1 1.06457 0.967794
3200 pop2 1.04591 0.950827
3300 pop1 1.06484 0.968036
3300 pop2 1.04454 0.949582
3400 pop1 1.05708 0.960985
3400 pop2 1.05409 0.958265
3500 pop1 1.05848 0.962257
3500 pop2 1.05337 0.957605
3600 pop1 1.05775 0.961591
3600 pop2 1.05456 0.958687
3700 pop1 1.05396 0.95815
3700 pop2 1.05855 0.962316
3800 pop1 1.05416 0.958324
3800 pop2 1.05441 0.958551
3900 pop1 1.05717 0.961065
3900 pop2 1.05199 0.956356
4000 pop1 1.05827 0.962064
4000 pop2 1.05425 0.958409
4100 pop1 1.05636 0.960324
4100 pop2 1.0521 0.956455
4200 pop1 1.05564 0.959677
4200 pop2 1.05373 0.957933
4300 pop1 1.0583 0.962092
4300 pop2 1.05355 0.957777
4400 pop1 1.05089 0.955354
4400 pop2 1.06098 0.96453
4500 pop1 1.05532 0.95938
4500 pop2 1.05506 0.959142
4600 pop1 1.05345 0.957677
4600 pop2 1.05645 0.96041
4700 pop1 1.05718 0.961071
4700 pop2 1.05308 0.957343
4800 pop1 1.05649 0.960443
4800 pop2 1.05579 0.959809
4900 pop1 1.05578 0.959799
4900 pop2 1.05454 0.95867
5000 pop1 1.05581 0.959824
5000 pop2 1.05536 0.959418
