1 pop1 1.0 0.909091
1 pop2 1.0 0.909091
100 pop1 1.01559 0.923265
100 pop2 1.01521 0.92292
200 pop1 1.00448 0.913166
200 pop2 1.02347 0.930424
300 pop1 1.01337 0.921243
300 pop2 1.01777 0.925247
400 pop1 1.01265 0.920587
400 pop2 1.01557 0.923248
500 pop1 1.01546 0.923149
500 pop2 1.00875 0.917045
600 pop1 1.01387 0.921704
600 pop2 1.0085 0.916818
700 pop1 1.00889 0.917172
700 pop2 1.01306 0.920963
800 pop1 1.0062 0.914731
800 pop2 1.01557 0.923243
900 pop1 1.01631 0.923919
900 pop2 1.01094 0.919036
1000 pop1 1.02236 0.92942
1000 pop2 1.00771 0.916099
1100 pop1 1.07543 0.977662
1100 pop2 1.01885 0.926228
1200 pop1 1.05325 0.957497
1200 pop2 1.05097 0.955431
1300 pop1 1.04432 0.949385
1300 pop2 1.05966 0.963323
1400 pop1 1.04693 0.95175
1400 pop2 1.06119 0.964715
1500 pop1 1.04952 0.954114
1500 pop2 1.0555 0.959549
1600 pop1 1.04857 0.953248
1600 pop2 1.0605 0.964093
1700 pop1 1.04887 0.953523
1700 pop2 1.06149 0.964991
1800 pop1 1.04333 0.948481
1800 pop2 1.06291 0.966279
1900 pop1 1.0501 0.954633
1900 pop2 1.0608 0.964366
2000 pop1 1.05211 0.956465
2000 pop2 1.05762 0.96147
2100 pop1 1.05459 0.958716
2100 pop2 1.05378 0.957985
2200 pop1 1.05476 0.958868
2200 pop2 1.05682 0.960744
2300 pop1 1.05614 0.960128
2300 pop2 1.05349 0.95772
2400 pop1 1.06092 0.964471
2400 pop2 1.04837 0.953068
2500 pop1 1.06209 0.965537
2500 pop2 1.04922 0.953836
2600 pop1 1.05356 0.957782
2600 pop2 1.0559 0.95991
2700 pop1 1.05876 0.962513
2700 pop2 1.05269 0.956988
2800 pop1 1.06259 0.965995
2800 pop2 1.04864 0.953313
2900 pop1 1.06117 0.964704
2900 pop2 1.05104 0.955489
3000 pop1 1.06268 0.966074
3000 pop2 1.04983 0.954392
3100 pop1 1.05655 0.960497
3100 pop2 1.05422 0.958379
3200 pop1 1.05644 0.960404
3200 pop2 1.05035 0.954862
3300 pop1 1.05941 0.963095
3300 pop2 1.0531 0.957362
3400 pop1 1.05383 0.958031
3400 pop2 1.05709 0.960991
3500 pop1 1.05674 0.960677
3500 pop2 1.05507 0.959153
3600 pop1 1.05033 0.954844
3600 pop2 1.05955 0.963223
3700 pop1 1.06125 0.964771
3700 pop2 1.04982 0.954386
3800 pop1 1.06273 0.966121
3800 pop2 1.04784 0.952577
3900 pop1 1.06203 0.965477
3900 pop2 1.04816 0.952875
4000 pop1 1.05315 0.957409
4000 pop2 1.05677 0.960697
4100 pop1 1.05835 0.962135
4100 pop2 1.05179 0.956176
4200 pop1 1.05698 0.96089
4200 pop2 1.05292 0.957202
4300 pop1 1.0522 0.956549
4300 pop2 1.05954 0.963216
4400 pop1 1.04749 0.952265
4400 pop2 1.06263 0.966025
4500 pop1 1.05819 0.961992
4500 pop2 1.05202 0.956382
4600 pop1 1.05855 0.962316
4600 pop2 1.0524 0.956724
4700 pop1 1.05829 0.962084
4700 pop2 1.0522 0.956545
4800 pop1 1.05704 0.960948
4800 pop2 1.05515 0.959223
4900 pop1 1.05447 0.958608
4900 pop2 1.05438 0.958532
5000 pop1 1.05843 0.962209
5000 pop2 1.05338 0.957617
