1 pop1 1.0 0.980392
1 pop2 1.0 0.980392
100 pop1 1.00164 0.982
100 pop2 0.999205 0.979613
200 pop1 1.00132 0.981689
200 pop2 0.999421 0.979825
300 pop1 1.00495 0.985246
300 pop2 0.996743 0.977199
400 pop1 1.00479 0.985084
400 pop2 0.996783 0.977238
500 pop1 1.00654 0.986808
500 pop2 0.9954 0.975882
600 pop1 1.00669 0.986955
600 pop2 0.99411 0.974618
700 pop1 1.00289 0.983227
700 pop2 0.998526 0.978947
800 pop1 1.00181 0.982163
800 pop2 1.00089 0.981265
900 pop1 0.999856 0.980251
900 pop2 1.0018 0.982155
1000 pop1 1.00225 0.9826
1000 pop2 0.999245 0.979652
1100 pop1 1.00762 0.987867
1100 pop2 0.995369 0.975852
1200 pop1 1.01522 0.995311
1200 pop2 0.994798 0.975292
1300 pop1 1.01702 0.997077
1300 pop2 0.995079 0.975568
1400 pop1 1.01765 0.997699
1400 pop2 0.995988 0.976459
1500 pop1 1.01831 0.998338
1500 pop2 0.99649 0.976951
1600 pop1 1.01897 0.998992
1600 pop2 0.996754 0.977209
1700 pop1 1.01979 0.999796
1700 pop2 0.997455 0.977897
1800 pop1 1.02007 1.00006
1800 pop2 0.998241 0.978668
1900 pop1 1.0201 1.0001
1900 pop2 0.998935 0.979348
2000 pop1 1.0201 1.0001
2000 pop2 0.999497 0.979899
2100 pop1 1.0201 1.0001
2100 pop2 0.999729 0.980126
2200 pop1 1.0201 1.0001
2200 pop2 0.999824 0.98022
2300 pop1 1.0201 1.0001
2300 pop2 1.0 0.980392
2400 pop1 1.0201 1.0001
2400 pop2 1.0 0.980392
2500 pop1 1.0201 1.0001
2500 pop2 1.0 0.980392
2600 pop1 1.0201 1.0001
2600 pop2 1.0 0.980392
2700 pop1 1.0201 1.0001
2700 pop2 1.0 0.980392
2800 pop1 1.0201 1.0001
2800 pop2 1.0 0.980392
2900 pop1 1.0201 1.0001
2900 pop2 1.0 0.980392
3000 pop1 1.0201 1.0001
3000 pop2 1.0 0.980392
3100 pop1 1.0201 1.0001
3100 pop2 1.0 0.980392
3200 pop1 1.0201 1.0001
3200 pop2 1.0 0.980392
3300 pop1 1.0201 1.0001
3300 pop2 1.0 0.980392
3400 pop1 1.0201 1.0001
3400 pop2 1.0 0.980392
3500 pop1 1.0201 1.0001
3500 pop2 1.0 0.980392
3600 pop1 1.0201 1.0001
3600 pop2 1.0 0.980392
3700 pop1 1.0201 1.0001
3700 pop2 1.0 0.980392
3800 pop1 1.0201 1.0001
3800 pop2 1.0 0.980392
3900 pop1 1.0201 1.0001
3900 pop2 1.0 0.980392
4000 pop1 1.0201 1.0001
4000 pop2 1.0 0.980392
4100 pop1 1.0201 1.0001
4100 pop2 1.0 0.980392
4200 pop1 1.0201 1.0001
4200 pop2 1.0 0.980392
4300 pop1 1.0201 1.0001
4300 pop2 1.0 0.980392
4400 pop1 1.0201 1.0001
4400 pop2 1.0 0.980392
4500 pop1 1.0201 1.0001
4500 pop2 1.0 0.980392
4600 pop1 1.0201 1.0001
4600 pop2 1.0 0.980392
4700 pop1 1.0201 1.0001
4700 pop2 1.0 0.980392
4800 pop1 1.0201 1.0001
4800 pop2 1.0 0.980392
4900 pop1 1.0201 1.0001
4900 pop2 1.0 0.980392
5000 pop1 1.0201 1.0001
5000 pop2 1.0 0.980392
