1 pop1 1.0 0.833333
1 pop2 1.0 0.833333
100 pop1 1.19238 0.993647
100 pop2 1.19233 0.993612
200 pop1 1.19502 0.995848
200 pop2 1.19099 0.992495
300 pop1 1.18898 0.990813
300 pop2 1.18849 0.990405
400 pop1 1.1872 0.989336
400 pop2 1.1935 0.994583
500 pop1 1.19204 0.993364
500 pop2 1.18902 0.990847
600 pop1 1.1944 0.995333
600 pop2 1.19113 0.992607
700 pop1 1.1892 0.990997
700 pop2 1.19292 0.9941
800 pop1 1.19175 0.993126
800 pop2 1.19237 0.993643
900 pop1 1.19068 0.992231
900 pop2 1.19397 0.994976
1000 pop1 1.19095 0.992462
1000 pop2 1.19042 0.992013
1100 pop1 1.20479 1.00399
1100 pop2 1.0 0.833333
1200 pop1 1.20845 1.00704
1200 pop2 1.0 0.833333
1300 pop1 1.20888 1.0074
1300 pop2 1.0 0.833333
1400 pop1 1.21 1.00833
1400 pop2 1.0 0.833333
1500 pop1 1.21 1.00833
1500 pop2 1.0 0.833333
1600 pop1 1.21 1.00833
1600 pop2 1.0 0.833333
1700 pop1 1.21 1.00833
1700 pop2 1.0 0.833333
1800 pop1 1.21 1.00833
1800 pop2 1.0 0.833333
1900 pop1 1.21 1.00833
1900 pop2 1.0 0.833333
2000 pop1 1.21 1.00833
2000 pop2 1.0 0.833333
2100 pop1 1.21 1.00833
2100 pop2 1.0 0.833333
2200 pop1 1.21 1.00833
2200 pop2 1.0 0.833333
2300 pop1 1.21 1.00833
2300 pop2 1.0 0.833333
2400 pop1 1.21 1.00833
2400 pop2 1.0 0.833333
2500 pop1 1.21 1.00833
2500 pop2 1.0 0.833333
2600 pop1 1.21 1.00833
2600 pop2 1.0 0.833333
2700 pop1 1.21 1.00833
2700 pop2 1.0 0.833333
2800 pop1 1.21 1.00833
2800 pop2 1.0 0.833333
2900 pop1 1.21 1.00833
2900 pop2 1.0 0.833333
3000 pop1 1.21 1.00833
3000 pop2 1.0 0.833333
3100 pop1 1.21 1.00833
3100 pop2 1.0 0.833333
3200 pop1 1.21 1.00833
3200 pop2 1.0 0.833333
3300 pop1 1.21 1.00833
3300 pop2 1.0 0.833333
3400 pop1 1.21 1.00833
3400 pop2 1.0 0.833333
3500 pop1 1.21 1.00833
3500 pop2 1.0 0.833333
3600 pop1 1.21 1.00833
3600 pop2 1.0 0.833333
3700 pop1 1.21 1.00833
3700 pop2 1.0 0.833333
3800 pop1 1.21 1.00833
3800 pop2 1.0 0.833333
3900 pop1 1.21 1.00833
3900 pop2 1.0 0.833333
4000 pop1 1.21 1.00833
4000 pop2 1.0 0.833333
4100 pop1 1.21 1.00833
4100 pop2 1.0 0.833333
4200 pop1 1.21 1.00833
4200 pop2 1.0 0.833333
4300 pop1 1.21 1.00833
4300 pop2 1.0 0.833333
4400 pop1 1.21 1.00833
4400 pop2 1.0 0.833333
4500 pop1 1.21 1.00833
4500 pop2 1.0 0.833333
4600 pop1 1.21 1.00833
4600 pop2 1.0 0.833333
4700 pop1 1.21 1.00833
4700 pop2 1.0 0.833333
4800 pop1 1.21 1.00833
4800 pop2 1.0 0.833333
4900 pop1 1.21 1.00833
4900 pop2 1.0 0.833333
5000 pop1 1.21 1.00833
5000 pop2 1.0 0.833333
