1 pop1 1.0 0.833333
1 pop2 1.0 0.833333
100 pop1 1.12036 0.933631
100 pop2 1.12329 0.936075
200 pop1 1.11851 0.932092
200 pop2 1.12422 0.936849
300 pop1 1.12273 0.935608
300 pop2 1.12479 0.937327
400 pop1 1.11976 0.933131
400 pop2 1.12465 0.937211
500 pop1 1.12804 0.940037
500 pop2 1.12651 0.938758
600 pop1 1.12132 0.934436
600 pop2 1.11895 0.932462
700 pop1 1.12119 0.934321
700 pop2 1.12537 0.937811
800 pop1 1.13252 0.943768
800 pop2 1.1149 0.92908
900 pop1 1.12594 0.938283
900 pop2 1.12878 0.940649
1000 pop1 1.11574 0.929785
1000 pop2 1.12576 0.938136
1100 pop1 1.13901 0.949173
1100 pop2 1.14657 0.955472
1200 pop1 1.13818 0.948486
1200 pop2 1.14513 0.954272
1300 pop1 1.14092 0.95077
1300 pop2 1.13916 0.949296
1400 pop1 1.14633 0.955274
1400 pop2 1.1454 0.954503
1500 pop1 1.14113 0.950945
1500 pop2 1.14592 0.954931
1600 pop1 1.14038 0.950316
1600 pop2 1.13967 0.949728
1700 pop1 1.14768 0.956404
1700 pop2 1.14652 0.955431
1800 pop1 1.14003 0.950023
1800 pop2 1.13715 0.947629
1900 pop1 1.13786 0.948216
1900 pop2 1.1427 0.952249
2000 pop1 1.14907 0.957556
2000 pop2 1.13746 0.94788
2100 pop1 1.14602 0.955016
2100 pop2 1.14524 0.954365
2200 pop1 1.14325 0.952705
2200 pop2 1.14233 0.951942
2300 pop1 1.14248 0.952064
2300 pop2 1.14221 0.951841
2400 pop1 1.13758 0.947986
2400 pop2 1.13722 0.947684
2500 pop1 1.14639 0.955322
2500 pop2 1.1375 0.947919
2600 pop1 1.14516 0.954304
2600 pop2 1.13684 0.947365
2700 pop1 1.1425 0.952085
2700 pop2 1.14282 0.952351
2800 pop1 1.14428 0.953564
2800 pop2 1.13819 0.948489
2900 pop1 1.14552 0.954602
2900 pop2 1.13923 0.949361
3000 pop1 1.13816 0.948469
3000 pop2 1.14813 0.956779
3100 pop1 1.14229 0.951906
3100 pop2 1.14627 0.955221
3200 pop1 1.14683 0.955688
3200 pop2 1.13842 0.948682
3300 pop1 1.14014 0.950114
3300 pop2 1.143 0.952503
3400 pop1 1.13403 0.945027
3400 pop2 1.15256 0.960464
3500 pop1 1.14476 0.953967
3500 pop2 1.1416 0.951337
3600 pop1 1.14943 0.957856
3600 pop2 1.1344 0.94533
3700 pop1 1.13576 0.946463
3700 pop2 1.1445 0.953749
3800 pop1 1.14844 0.95703
3800 pop2 1.13437 0.945311
3900 pop1 1.14916 0.957633
3900 pop2 1.14598 0.954985
4000 pop1 1.13773 0.948108
4000 pop2 1.1495 0.957913
4100 pop1 1.13849 0.948743
4100 pop2 1.14285 0.952375
4200 pop1 1.14283 0.952354
4200 pop2 1.14164 0.951366
4300 pop1 1.14113 0.950945
4300 pop2 1.13733 0.947775
4400 pop1 1.14113 0.950945
4400 pop2 1.14401 0.953344
4500 pop1 1.142 0.951663
4500 pop2 1.14057 0.950472
4600 pop1 1.15051 0.958758
4600 pop2 1.13685 0.947374
4700 pop1 1.13945 0.949541
4700 pop2 1.14137 0.951142
4800 pop1 1.14318 0.95265
4800 pop2 1.14141 0.951173
4900 pop1 1.14585 0.954878
4900 pop2 1.14564 0.954702
5000 pop1 1.13706 0.947546
5000 pop2 1.14881 0.957344
