1 pop1 1.0 0.909091
1 pop2 1.0 0.909091
100 pop1 1.01626 0.923871
100 pop2 1.01431 0.922104
200 pop1 1.0167 0.92427
200 pop2 1.00995 0.918134
300 pop1 1.02283 0.929844
300 pop2 1.00598 0.914528
400 pop1 1.0132 0.921093
400 pop2 1.01437 0.922152
500 pop1 1.01509 0.922812
500 pop2 1.01698 0.924528
600 pop1 1.01957 0.92688
600 pop2 1.0116 0.919638
700 pop1 1.01736 0.924873
700 pop2 1.01757 0.925064
800 pop1 1.01191 0.919916
800 pop2 1.01535 0.923048
900 pop1 1.01721 0.924738
900 pop2 1.0113 0.919362
1000 pop1 1.01692 0.924476
1000 pop2 1.01466 0.922418
1100 pop1 1.04728 0.952076
1100 pop2 1.05642 0.960383
1200 pop1 1.04564 0.950584
1200 pop2 1.0585 0.962272
1300 pop1 1.04086 0.946236
1300 pop2 1.067 0.969998
1400 pop1 1.04343 0.948572
1400 pop2 1.06553 0.968662
1500 pop1 1.05263 0.956937
1500 pop2 1.05897 0.9627
1600 pop1 1.05242 0.956745
1600 pop2 1.0606 0.964181
1700 pop1 1.04912 0.953746
1700 pop2 1.06124 0.964766
1800 pop1 1.05253 0.956842
1800 pop2 1.05669 0.960631
1900 pop1 1.05211 0.956466
1900 pop2 1.05797 0.96179
2000 pop1 1.0486 0.953277
2000 pop2 1.05896 0.962689
2100 pop1 1.05692 0.960832
2100 pop2 1.05399 0.958175
2200 pop1 1.06089 0.964446
2200 pop2 1.05244 0.956766
2300 pop1 1.05602 0.96002
2300 pop2 1.05222 0.956567
2400 pop1 1.05843 0.962213
2400 pop2 1.05104 0.955494
2500 pop1 1.04853 0.953207
2500 pop2 1.0628 0.966178
2600 pop1 1.0594 0.963089
2600 pop2 1.04978 0.954345
2700 pop1 1.05773 0.961572
2700 pop2 1.0541 0.958269
2800 pop1 1.05891 0.962644
2800 pop2 1.0521 0.956454
2900 pop1 1.05718 0.961076
2900 pop2 1.05004 0.954583
3000 pop1 1.05854 0.962313
3000 pop2 1.05154 0.955942
3100 pop1 1.06061 0.964191
3100 pop2 1.05141 0.955823
3200 pop1 1.05571 0.959737
3200 pop2 1.05676 0.960687
3300 pop1 1.06066 0.964234
3300 pop2 1.04903 0.953665
3400 pop1 1.05512 0.959197
3400 pop2 1.05561 0.959646
3500 pop1 1.05345 0.957685
3500 pop2 1.05657 0.96052
3600 pop1 1.0618 0.96527
3600 pop2 1.05042 0.954927
3700 pop1 1.0643 0.967543
3700 pop2 1.04819 0.952902
3800 pop1 1.06353 0.966844
3800 pop2 1.04758 0.952341
3900 pop1 1.06294 0.96631
3900 pop2 1.05118 0.955623
4000 pop1 1.06507 0.96825
4000 pop2 1.04242 0.947653
4100 pop1 1.05897 0.9627
4100 pop2 1.05073 0.955213
4200 pop1 1.05766 0.961512
4200 pop2 1.04934 0.953943
4300 pop1 1.05721 0.961099
4300 pop2 1.05162 0.956016
4400 pop1 1.05181 0.956193
4400 pop2 1.0574 0.961276
4500 pop1 1.05744 0.961313
4500 pop2 1.05534 0.959399
4600 pop1 1.06264 0.966039
4600 pop2 1.04929 0.953898
4700 pop1 1.06113 0.964667
4700 pop2 1.04996 0.954506
4800 pop1 1.06057 0.964152
4800 pop2 1.05132 0.955749
4900 pop1 1.05948 0.96316
4900 pop2 1.05094 0.955398
5000 pop1 1.06262 0.966018
5000 pop2 1.04934 0.953949
