1 pop1 1.0 0.909091
1 pop2 1.0 0.909091
100 pop1 1.08235 0.983959
100 pop2 1.08238 0.983979
200 pop1 1.08254 0.984124
200 pop2 1.08399 0.985445
300 pop1 1.08155 0.983224
300 pop2 1.08482 0.986202
400 pop1 1.07925 0.981135
400 pop2 1.08286 0.984415
500 pop1 1.08235 0.983952
500 pop2 1.08385 0.985319
600 pop1 1.08266 0.984235
600 pop2 1.08557 0.986886
700 pop1 1.08266 0.984233
700 pop2 1.0846 0.986
800 pop1 1.08203 0.98366
800 pop2 1.0852 0.98655
900 pop1 1.08305 0.984591
900 pop2 1.08301 0.984551
1000 pop1 1.08616 0.987414
1000 pop2 1.08494 0.986309
1100 pop1 1.09361 0.99419
1100 pop2 1.05911 0.962829
1200 pop1 1.08275 0.984316
1200 pop2 1.08597 0.98725
1300 pop1 1.08558 0.986889
1300 pop2 1.08656 0.987784
1400 pop1 1.08585 0.987138
1400 pop2 1.0858 0.987088
1500 pop1 1.0847 0.986089
1500 pop2 1.08482 0.986201
1600 pop1 1.08676 0.98796
1600 pop2 1.08908 0.990072
1700 pop1 1.08117 0.982885
1700 pop2 1.08242 0.984022
1800 pop1 1.08594 0.987218
1800 pop2 1.08919 0.990168
1900 pop1 1.08763 0.988759
1900 pop2 1.0836 0.985091
2000 pop1 1.08678 0.987982
2000 pop2 1.0843 0.98573
2100 pop1 1.0849 0.986276
2100 pop2 1.08656 0.987781
2200 pop1 1.08771 0.988826
2200 pop2 1.08498 0.986348
2300 pop1 1.08267 0.984243
2300 pop2 1.08503 0.986391
2400 pop1 1.08551 0.986825
2400 pop2 1.08521 0.986557
2500 pop1 1.08248 0.984077
2500 pop2 1.08639 0.987627
2600 pop1 1.08564 0.986943
2600 pop2 1.08581 0.987103
2700 pop1 1.0874 0.988545
2700 pop2 1.08517 0.986521
2800 pop1 1.08373 0.985205
2800 pop2 1.08345 0.98495
2900 pop1 1.08585 0.987133
2900 pop2 1.08563 0.986938
3000 pop1 1.08254 0.984127
3000 pop2 1.08604 0.987307
3100 pop1 1.08479 0.98617
3100 pop2 1.0825 0.984091
3200 pop1 1.0878 0.988905
3200 pop2 1.086 0.987276
3300 pop1 1.08516 0.986511
3300 pop2 1.08441 0.985825
3400 pop1 1.08487 0.986249
3400 pop2 1.08157 0.983244
3500 pop1 1.08097 0.9827
3500 pop2 1.08856 0.9896
3600 pop1 1.08397 0.985424
3600 pop2 1.08468 0.986073
3700 pop1 1.08658 0.987804
3700 pop2 1.0841 0.985543
3800 pop1 1.08538 0.986711
3800 pop2 1.08498 0.986347
3900 pop1 1.08577 0.987059
3900 pop2 1.08794 0.989038
4000 pop1 1.08269 0.984268
4000 pop2 1.08311 0.984642
4100 pop1 1.08441 0.985828
4100 pop2 1.08395 0.985413
4200 pop1 1.08521 0.986555
4200 pop2 1.0849 0.986273
4300 pop1 1.08625 0.987501
4300 pop2 1.08443 0.985841
4400 pop1 1.0835 0.984997
4400 pop2 1.08605 0.987322
4500 pop1 1.0842 0.985637
4500 pop2 1.08757 0.988702
4600 pop1 1.08599 0.987265
4600 pop2 1.08238 0.983984
4700 pop1 1.08856 0.989603
4700 pop2 1.08306 0.984603
4800 pop1 1.08023 0.982032
4800 pop2 1.08536 0.986689
4900 pop1 1.08297 0.984517
4900 pop2 1.08406 0.98551
5000 pop1 1.08703 0.988208
5000 pop2 1.08419 0.985626
