1 pop1 1.0 0.909091
1 pop2 1.0 0.909091
100 pop1 1.03686 0.942598
100 pop2 1.02758 0.934165
200 pop1 1.02973 0.936119
200 pop2 1.0403 0.945723
300 pop1 1.03758 0.943258
300 pop2 1.03293 0.939028
400 pop1 1.03565 0.941503
400 pop2 1.03548 0.941346
500 pop1 1.03599 0.941808
500 pop2 1.03352 0.939567
600 pop1 1.02645 0.933134
600 pop2 1.03743 0.943118
700 pop1 1.03689 0.942631
700 pop2 1.0299 0.936269
800 pop1 1.03654 0.942313
800 pop2 1.03359 0.939629
900 pop1 1.03512 0.941018
900 pop2 1.03343 0.939482
1000 pop1 1.03685 0.942593
1000 pop2 1.03099 0.93726
1100 pop1 1.06445 0.967683
1100 pop2 1.05731 0.961191
1200 pop1 1.05772 0.961564
1200 pop2 1.06253 0.965936
1300 pop1 1.05592 0.959923
1300 pop2 1.06016 0.963782
1400 pop1 1.0495 0.954095
1400 pop2 1.0671 0.970088
1500 pop1 1.05927 0.962974
1500 pop2 1.06033 0.963938
1600 pop1 1.05846 0.962238
1600 pop2 1.06165 0.965133
1700 pop1 1.06115 0.964685
1700 pop2 1.06248 0.965892
1800 pop1 1.0508 0.95527
1800 pop2 1.06897 0.971787
1900 pop1 1.05512 0.959198
1900 pop2 1.06528 0.968438
2000 pop1 1.05195 0.956314
2000 pop2 1.06678 0.969796
2100 pop1 1.05427 0.958423
2100 pop2 1.06658 0.969621
2200 pop1 1.05989 0.963541
2200 pop2 1.06233 0.965751
2300 pop1 1.05921 0.962922
2300 pop2 1.06472 0.967929
2400 pop1 1.0536 0.957815
2400 pop2 1.06803 0.970935
2500 pop1 1.06157 0.965061
2500 pop2 1.06256 0.965959
2600 pop1 1.06515 0.968322
2600 pop2 1.05692 0.960834
2700 pop1 1.0617 0.965183
2700 pop2 1.05938 0.963072
2800 pop1 1.06685 0.969864
2800 pop2 1.05669 0.960623
2900 pop1 1.05612 0.960113
2900 pop2 1.06304 0.966397
3000 pop1 1.05661 0.960552
3000 pop2 1.06662 0.969653
3100 pop1 1.06162 0.965105
3100 pop2 1.06203 0.965478
3200 pop1 1.06198 0.965433
3200 pop2 1.0607 0.964272
3300 pop1 1.0558 0.95982
3300 pop2 1.06842 0.971291
3400 pop1 1.0562 0.960178
3400 pop2 1.0662 0.969275
3500 pop1 1.0627 0.966087
3500 pop2 1.06227 0.965701
3600 pop1 1.06697 0.969973
3600 pop2 1.05491 0.959013
3700 pop1 1.06129 0.964807
3700 pop2 1.0627 0.966089
3800 pop1 1.06312 0.966469
3800 pop2 1.06189 0.965351
3900 pop1 1.059 0.962728
3900 pop2 1.06256 0.965965
4000 pop1 1.06135 0.964864
4000 pop2 1.06142 0.964924
4100 pop1 1.06594 0.969038
4100 pop2 1.05923 0.962934
4200 pop1 1.0561 0.960087
4200 pop2 1.06561 0.968737
4300 pop1 1.06287 0.966245
4300 pop2 1.06256 0.965964
4400 pop1 1.06202 0.965474
4400 pop2 1.05918 0.962889
4500 pop1 1.06772 0.970654
4500 pop2 1.05833 0.962118
4600 pop1 1.0642 0.967456
4600 pop2 1.06153 0.965029
4700 pop1 1.0627 0.966095
4700 pop2 1.06154 0.965037
4800 pop1 1.05839 0.962173
4800 pop2 1.06175 0.96523
4900 pop1 1.06132 0.96484
4900 pop2 1.06217 0.965612
5000 pop1 1.06097 0.964522
5000 pop2 1.05898 0.962709
