1 pop1 1.0 0.833333
1 pop2 1.0 0.833333
100 pop1 1.18993 0.991611
100 pop2 1.18946 0.99122
200 pop1 1.19123 0.992693
200 pop2 1.18534 0.987786
300 pop1 1.18788 0.989902
300 pop2 1.18722 0.989353
400 pop1 1.19117 0.99264
400 pop2 1.19181 0.993177
500 pop1 1.19304 0.994199
500 pop2 1.18961 0.991338
600 pop1 1.18684 0.989034
600 pop2 1.19216 0.993463
700 pop1 1.18758 0.989649
700 pop2 1.18947 0.991225
800 pop1 1.19173 0.993107
800 pop2 1.19034 0.991946
900 pop1 1.18918 0.990979
900 pop2 1.19031 0.991921
1000 pop1 1.18698 0.98915
1000 pop2 1.18988 0.991564
1100 pop1 1.19298 0.994147
1100 pop2 1.19326 0.994387
1200 pop1 1.19118 0.992652
1200 pop2 1.18878 0.990649
1300 pop1 1.19131 0.992761
1300 pop2 1.18753 0.989608
1400 pop1 1.19587 0.996561
1400 pop2 1.19086 0.992383
1500 pop1 1.18784 0.989865
1500 pop2 1.19269 0.993904
1600 pop1 1.1863 0.988585
1600 pop2 1.19273 0.993938
1700 pop1 1.18818 0.990148
1700 pop2 1.19385 0.994872
1800 pop1 1.19012 0.991764
1800 pop2 1.19215 0.993458
1900 pop1 1.18863 0.990522
1900 pop2 1.1938 0.994834
2000 pop1 1.19149 0.992906
2000 pop2 1.18961 0.991345
2100 pop1 1.19247 0.993726
2100 pop2 1.18624 0.988534
2200 pop1 1.18701 0.989171
2200 pop2 1.19005 0.991707
2300 pop1 1.19323 0.994358
2300 pop2 1.18666 0.988881
2400 pop1 1.19214 0.993453
2400 pop2 1.19349 0.994576
2500 pop1 1.19263 0.993861
2500 pop2 1.19052 0.992102
2600 pop1 1.18845 0.990373
2600 pop2 1.18463 0.98719
2700 pop1 1.19277 0.993973
2700 pop2 1.18904 0.990863
2800 pop1 1.18991 0.991593
2800 pop2 1.19012 0.991764
2900 pop1 1.18719 0.989322
2900 pop2 1.18887 0.990728
3000 pop1 1.18964 0.991365
3000 pop2 1.18729 0.989405
3100 pop1 1.19473 0.995607
3100 pop2 1.19038 0.991986
3200 pop1 1.19323 0.994354
3200 pop2 1.18853 0.990438
3300 pop1 1.19021 0.991838
3300 pop2 1.19014 0.991783
3400 pop1 1.19104 0.992536
3400 pop2 1.19132 0.992764
3500 pop1 1.19052 0.992104
3500 pop2 1.18875 0.990626
3600 pop1 1.18629 0.988575
3600 pop2 1.18602 0.988348
3700 pop1 1.19259 0.993826
3700 pop2 1.19227 0.993561
3800 pop1 1.1907 0.99225
3800 pop2 1.19025 0.991871
3900 pop1 1.19028 0.991898
3900 pop2 1.19017 0.991804
4000 pop1 1.19476 0.99563
4000 pop2 1.1914 0.992835
4100 pop1 1.18757 0.989644
4100 pop2 1.1906 0.99217
4200 pop1 1.19189 0.993244
4200 pop2 1.1908 0.99233
4300 pop1 1.18999 0.991658
4300 pop2 1.1935 0.994582
4400 pop1 1.19094 0.992447
4400 pop2 1.18961 0.991342
4500 pop1 1.19465 0.995539
4500 pop2 1.19061 0.992177
4600 pop1 1.18968 0.991397
4600 pop2 1.19086 0.992383
4700 pop1 1.1897 0.991413
4700 pop2 1.19225 0.99354
4800 pop1 1.19495 0.995791
4800 pop2 1.18814 0.990118
4900 pop1 1.18843 0.990358
4900 pop2 1.19087 0.992393
5000 pop1 1.1904 0.991996
5000 pop2 1.19411 0.995089
