1 pop1 1.0 0.909091
1 pop2 1.0 0.909091
100 pop1 1.03704 0.942767
100 pop2 1.04301 0.948188
200 pop1 1.03708 0.942796
200 pop2 1.04166 0.94696
300 pop1 1.04385 0.948958
300 pop2 1.04127 0.946612
400 pop1 1.04453 0.949576
400 pop2 1.0347 0.940633
500 pop1 1.04011 0.945551
500 pop2 1.04719 0.951987
600 pop1 1.04239 0.947624
600 pop2 1.04223 0.947486
700 pop1 1.03769 0.943358
700 pop2 1.04092 0.946293
800 pop1 1.04236 0.947601
800 pop2 1.03874 0.944306
900 pop1 1.04049 0.945898
900 pop2 1.04253 0.947753
1000 pop1 1.04257 0.947792
1000 pop2 1.03941 0.944915
1100 pop1 1.09103 0.991844
1100 pop2 0.979383 0.890348
1200 pop1 1.09983 0.999844
1200 pop2 0.977152 0.88832
1300 pop1 1.10087 1.00079
1300 pop2 0.980393 0.891266
1400 pop1 1.10209 1.0019
1400 pop2 0.990105 0.900096
1500 pop1 1.10253 1.0023
1500 pop2 0.998104 0.907367
1600 pop1 1.10253 1.0023
1600 pop2 0.998143 0.907403
1700 pop1 1.1025 1.00227
1700 pop2 1.0 0.909091
1800 pop1 1.1025 1.00227
1800 pop2 1.0 0.909091
1900 pop1 1.1025 1.00227
1900 pop2 1.0 0.909091
2000 pop1 1.1025 1.00227
2000 pop2 1.0 0.909091
2100 pop1 1.1025 1.00227
2100 pop2 1.0 0.909091
2200 pop1 1.1025 1.00227
2200 pop2 1.0 0.909091
2300 pop1 1.1025 1.00227
2300 pop2 1.0 0.909091
2400 pop1 1.1025 1.00227
2400 pop2 1.0 0.909091
2500 pop1 1.1025 1.00227
2500 pop2 1.0 0.909091
2600 pop1 1.1025 1.00227
2600 pop2 1.0 0.909091
2700 pop1 1.1025 1.00227
2700 pop2 1.0 0.909091
2800 pop1 1.1025 1.00227
2800 pop2 1.0 0.909091
2900 pop1 1.1025 1.00227
2900 pop2 1.0 0.909091
3000 pop1 1.1025 1.00227
3000 pop2 1.0 0.909091
3100 pop1 1.1025 1.00227
3100 pop2 1.0 0.909091
3200 pop1 1.1025 1.00227
3200 pop2 1.0 0.909091
3300 pop1 1.1025 1.00227
3300 pop2 1.0 0.909091
3400 pop1 1.1025 1.00227
3400 pop2 1.0 0.909091
3500 pop1 1.1025 1.00227
3500 pop2 1.0 0.909091
3600 pop1 1.1025 1.00227
3600 pop2 1.0 0.909091
3700 pop1 1.1025 1.00227
3700 pop2 1.0 0.909091
3800 pop1 1.1025 1.00227
3800 pop2 1.0 0.909091
3900 pop1 1.1025 1.00227
3900 pop2 1.0 0.909091
4000 pop1 1.1025 1.00227
4000 pop2 1.0 0.909091
4100 pop1 1.1025 1.00227
4100 pop2 1.0 0.909091
4200 pop1 1.1025 1.00227
4200 pop2 1.0 0.909091
4300 pop1 1.1025 1.00227
4300 pop2 1.0 0.909091
4400 pop1 1.1025 1.00227
4400 pop2 1.0 0.909091
4500 pop1 1.1025 1.00227
4500 pop2 1.0 0.909091
4600 pop1 1.1025 1.00227
4600 pop2 1.0 0.909091
4700 pop1 1.1025 1.00227
4700 pop2 1.0 0.909091
4800 pop1 1.1025 1.00227
4800 pop2 1.0 0.909091
4900 pop1 1.1025 1.00227
4900 pop2 1.0 0.909091
5000 pop1 1.1025 1.00227
5000 pop2 1.0 0.909091
