1 pop1 1.0 0.909091
1 pop2 1.0 0.909091
100 pop1 1.02986 0.936238
100 pop2 1.01052 0.918651
200 pop1 1.02205 0.92914
200 pop2 1.0212 0.928366
300 pop1 1.0175 0.925002
300 pop2 1.0205 0.927728
400 pop1 1.01628 0.923887
400 pop2 1.02593 0.932665
500 pop1 1.01788 0.925343
500 pop2 1.02421 0.931098
600 pop1 1.01842 0.925835
600 pop2 1.01703 0.924577
700 pop1 1.01527 0.922974
700 pop2 1.02683 0.933479
800 pop1 1.0264 0.933095
800 pop2 1.01934 0.926672
900 pop1 1.03155 0.937772
900 pop2 1.00764 0.91604
1000 pop1 1.02258 0.929622
1000 pop2 1.01756 0.925057
1100 pop1 1.08859 0.989625
1100 pop2 0.963411 0.875828
1200 pop1 1.09454 0.995037
1200 pop2 0.965794 0.877994
1300 pop1 1.10098 1.00089
1300 pop2 0.985501 0.89591
1400 pop1 1.10253 1.0023
1400 pop2 0.997669 0.906972
1500 pop1 1.1025 1.00228
1500 pop2 0.999486 0.908624
1600 pop1 1.1025 1.00227
1600 pop2 0.999605 0.908732
1700 pop1 1.1025 1.00227
1700 pop2 0.999901 0.909001
1800 pop1 1.1025 1.00227
1800 pop2 1.0 0.909091
1900 pop1 1.1025 1.00227
1900 pop2 1.0 0.909091
2000 pop1 1.1025 1.00227
2000 pop2 1.0 0.909091
2100 pop1 1.1025 1.00227
2100 pop2 1.0 0.909091
2200 pop1 1.1025 1.00227
2200 pop2 1.0 0.909091
2300 pop1 1.1025 1.00227
2300 pop2 1.0 0.909091
2400 pop1 1.1025 1.00227
2400 pop2 1.0 0.909091
2500 pop1 1.1025 1.00227
2500 pop2 1.0 0.909091
2600 pop1 1.1025 1.00227
2600 pop2 1.0 0.909091
2700 pop1 1.1025 1.00227
2700 pop2 1.0 0.909091
2800 pop1 1.1025 1.00227
2800 pop2 1.0 0.909091
2900 pop1 1.1025 1.00227
2900 pop2 1.0 0.909091
3000 pop1 1.1025 1.00227
3000 pop2 1.0 0.909091
3100 pop1 1.1025 1.00227
3100 pop2 1.0 0.909091
3200 pop1 1.1025 1.00227
3200 pop2 1.0 0.909091
3300 pop1 1.1025 1.00227
3300 pop2 1.0 0.909091
3400 pop1 1.1025 1.00227
3400 pop2 1.0 0.909091
3500 pop1 1.1025 1.00227
3500 pop2 1.0 0.909091
3600 pop1 1.1025 1.00227
3600 pop2 1.0 0.909091
3700 pop1 1.1025 1.00227
3700 pop2 1.0 0.909091
3800 pop1 1.1025 1.00227
3800 pop2 1.0 0.909091
3900 pop1 1.1025 1.00227
3900 pop2 1.0 0.909091
4000 pop1 1.1025 1.00227
4000 pop2 1.0 0.909091
4100 pop1 1.1025 1.00227
4100 pop2 1.0 0.909091
4200 pop1 1.1025 1.00227
4200 pop2 1.0 0.909091
4300 pop1 1.1025 1.00227
4300 pop2 1.0 0.909091
4400 pop1 1.1025 1.00227
4400 pop2 1.0 0.909091
4500 pop1 1.1025 1.00227
4500 pop2 1.0 0.909091
4600 pop1 1.1025 1.00227
4600 pop2 1.0 0.909091
4700 pop1 1.1025 1.00227
4700 pop2 1.0 0.909091
4800 pop1 1.1025 1.00227
4800 pop2 1.0 0.909091
4900 pop1 1.1025 1.00227
4900 pop2 1.0 0.909091
5000 pop1 1.1025 1.00227
5000 pop2 1.0 0.909091
