1 pop1 1.0 0.980392
1 pop2 1.0 0.980392
100 pop1 1.00321 0.983537
100 pop2 1.0009 0.981271
200 pop1 0.999949 0.980342
200 pop2 1.00308 0.983416
300 pop1 0.999838 0.980233
300 pop2 1.00217 0.982522
400 pop1 0.99872 0.979137
400 pop2 1.00306 0.98339
500 pop1 0.998678 0.979096
500 pop2 1.00361 0.983933
600 pop1 0.999067 0.979477
600 pop2 1.00402 0.984334
700 pop1 0.999753 0.98015
700 pop2 1.00191 0.982261
800 pop1 0.998801 0.979216
800 pop2 1.00287 0.98321
900 pop1 0.997464 0.977906
900 pop2 1.00459 0.984888
1000 pop1 0.996383 0.976846
1000 pop2 1.00578 0.986057
1100 pop1 0.999909 0.980303
1100 pop2 1.00494 0.985239
1200 pop1 1.00529 0.985575
1200 pop2 1.00694 0.987199
1300 pop1 1.0082 0.988436
1300 pop2 1.01015 0.99034
1400 pop1 1.00926 0.989474
1400 pop2 1.01083 0.991013
1500 pop1 1.01089 0.991066
1500 pop2 1.00974 0.989945
1600 pop1 1.01319 0.993321
1600 pop2 1.00742 0.987665
1700 pop1 1.01043 0.990618
1700 pop2 1.00979 0.989986
1800 pop1 1.01223 0.992386
1800 pop2 1.00882 0.989036
1900 pop1 1.0106 0.99078
1900 pop2 1.00907 0.989284
2000 pop1 1.00957 0.989774
2000 pop2 1.01088 0.991055
2100 pop1 1.00957 0.98977
2100 pop2 1.01117 0.991342
2200 pop1 1.01047 0.99066
2200 pop2 1.01057 0.990755
2300 pop1 1.01087 0.991049
2300 pop2 1.01102 0.991197
2400 pop1 1.01226 0.992407
2400 pop2 1.00965 0.989852
2500 pop1 1.01153 0.991698
2500 pop2 1.00982 0.990018
2600 pop1 1.01278 0.992922
2600 pop2 1.0086 0.988827
2700 pop1 1.0131 0.99324
2700 pop2 1.00781 0.988052
2800 pop1 1.01157 0.991739
2800 pop2 1.00933 0.989542
2900 pop1 1.01255 0.992701
2900 pop2 1.00837 0.988599
3000 pop1 1.01276 0.992899
3000 pop2 1.00824 0.988466
3100 pop1 1.01348 0.993608
3100 pop2 1.00774 0.987977
3200 pop1 1.01304 0.99318
3200 pop2 1.00794 0.988174
3300 pop1 1.01239 0.992543
3300 pop2 1.0084 0.988624
3400 pop1 1.01368 0.993806
3400 pop2 1.00767 0.987914
3500 pop1 1.01435 0.99446
3500 pop2 1.00616 0.986428
3600 pop1 1.01465 0.99475
3600 pop2 1.00594 0.986216
3700 pop1 1.01424 0.994353
3700 pop2 1.00723 0.987483
3800 pop1 1.01341 0.993536
3800 pop2 1.00672 0.986976
3900 pop1 1.01219 0.99234
3900 pop2 1.00871 0.988929
4000 pop1 1.01074 0.990926
4000 pop2 1.00914 0.989348
4100 pop1 1.01058 0.990768
4100 pop2 1.01027 0.99046
4200 pop1 1.01078 0.990962
4200 pop2 1.01016 0.990349
4300 pop1 1.01196 0.992119
4300 pop2 1.00843 0.988654
4400 pop1 1.01341 0.993537
4400 pop2 1.00734 0.987591
4500 pop1 1.01379 0.993914
4500 pop2 1.00739 0.987638
4600 pop1 1.01422 0.99433
4600 pop2 1.00694 0.9872
4700 pop1 1.01235 0.992503
4700 pop2 1.00789 0.988131
4800 pop1 1.01204 0.992194
4800 pop2 1.00839 0.988619
4900 pop1 1.01363 0.993759
4900 pop2 1.00694 0.987201
5000 pop1 1.01158 0.991747
5000 pop2 1.0094 0.989604
