1 pop1 1.0 0.833333
1 pop2 1.0 0.833333
100 pop1 1.0567 0.880582
100 pop2 1.07294 0.894118
200 pop1 1.07066 0.89222
200 pop2 1.06744 0.889532
300 pop1 1.07363 0.894696
300 pop2 1.06959 0.891324
400 pop1 1.07153 0.892942
400 pop2 1.0745 0.89542
500 pop1 1.06366 0.886383
500 pop2 1.07855 0.89879
600 pop1 1.07898 0.899146
600 pop2 1.07631 0.896927
700 pop1 1.07225 0.893542
700 pop2 1.06465 0.887205
800 pop1 1.05998 0.883314
800 pop2 1.07992 0.899933
900 pop1 1.06462 0.887186
900 pop2 1.07425 0.895205
1000 pop1 1.07497 0.895809
1000 pop2 1.07198 0.893318
1100 pop1 1.10972 0.924765
1100 pop2 1.11735 0.931127
1200 pop1 1.093 0.910833
1200 pop2 1.13953 0.94961
1300 pop1 1.10166 0.918054
1300 pop2 1.13365 0.944711
1400 pop1 1.10621 0.921845
1400 pop2 1.13902 0.949184
1500 pop1 1.10988 0.924902
1500 pop2 1.12714 0.939285
1600 pop1 1.11843 0.932025
1600 pop2 1.13004 0.941696
1700 pop1 1.11285 0.927373
1700 pop2 1.1289 0.94075
1800 pop1 1.12248 0.935402
1800 pop2 1.12237 0.935305
1900 pop1 1.12449 0.937075
1900 pop2 1.11244 0.927032
2000 pop1 1.12354 0.936282
2000 pop2 1.11869 0.932238
2100 pop1 1.12195 0.934959
2100 pop2 1.12068 0.933901
2200 pop1 1.12776 0.939798
2200 pop2 1.11783 0.931524
2300 pop1 1.12665 0.938877
2300 pop2 1.11649 0.930409
2400 pop1 1.12109 0.934245
2400 pop2 1.11831 0.931921
2500 pop1 1.12098 0.934147
2500 pop2 1.12457 0.93714
2600 pop1 1.12179 0.934825
2600 pop2 1.12105 0.934206
2700 pop1 1.12817 0.940138
2700 pop2 1.11238 0.926985
2800 pop1 1.12079 0.933989
2800 pop2 1.12193 0.934945
2900 pop1 1.12302 0.935849
2900 pop2 1.12013 0.933439
3000 pop1 1.12883 0.94069
3000 pop2 1.12133 0.934444
3100 pop1 1.11871 0.932255
3100 pop2 1.12408 0.93673
3200 pop1 1.11965 0.933042
3200 pop2 1.13118 0.942654
3300 pop1 1.11631 0.930258
3300 pop2 1.11893 0.93244
3400 pop1 1.11362 0.928015
3400 pop2 1.12583 0.938192
3500 pop1 1.13227 0.943558
3500 pop2 1.11173 0.926445
3600 pop1 1.12264 0.935534
3600 pop2 1.11742 0.93118
3700 pop1 1.12291 0.935757
3700 pop2 1.12525 0.937705
3800 pop1 1.12545 0.937873
3800 pop2 1.11816 0.931803
3900 pop1 1.12792 0.939934
3900 pop2 1.11963 0.933028
4000 pop1 1.11807 0.931726
4000 pop2 1.12815 0.940128
4100 pop1 1.12538 0.937813
4100 pop2 1.12487 0.937395
4200 pop1 1.12768 0.939737
4200 pop2 1.11814 0.931779
4300 pop1 1.12438 0.936981
4300 pop2 1.12326 0.936053
4400 pop1 1.12864 0.940531
4400 pop2 1.1159 0.929916
4500 pop1 1.12304 0.935864
4500 pop2 1.12417 0.936809
4600 pop1 1.11683 0.930693
4600 pop2 1.12637 0.938639
4700 pop1 1.12991 0.941591
4700 pop2 1.11248 0.927065
4800 pop1 1.11726 0.931047
4800 pop2 1.13001 0.941671
4900 pop1 1.12639 0.938662
4900 pop2 1.11195 0.926624
5000 pop1 1.1276 0.939669
5000 pop2 1.11913 0.932611
