1 pop1 1.0 0.909091
1 pop2 1.0 0.909091
100 pop1 1.04033 0.945753
100 pop2 1.03555 0.94141
200 pop1 1.0455 0.950451
200 pop2 1.03968 0.945166
300 pop1 1.04755 0.952316
300 pop2 1.03589 0.941721
400 pop1 1.0348 0.940724
400 pop2 1.04298 0.948161
500 pop1 1.03794 0.943585
500 pop2 1.04246 0.947694
600 pop1 1.03579 0.941631
600 pop2 1.04354 0.948671
700 pop1 1.03973 0.945213
700 pop2 1.04488 0.949891
800 pop1 1.04362 0.948744
800 pop2 1.03895 0.944498
900 pop1 1.03683 0.94257
900 pop2 1.03911 0.944646
1000 pop1 1.04166 0.946961
1000 pop2 1.03602 0.941838
1100 pop1 1.09019 0.991085
1100 pop2 0.971557 0.883234
1200 pop1 1.09528 0.995714
1200 pop2 0.974895 0.886268
1300 pop1 1.09765 0.997868
1300 pop2 0.986319 0.896654
1400 pop1 1.10131 1.00119
1400 pop2 0.997195 0.906541
1500 pop1 1.10251 1.00228
1500 pop2 0.999565 0.908696
1600 pop1 1.1025 1.00228
1600 pop2 0.999625 0.90875
1700 pop1 1.1025 1.00227
1700 pop2 1.0 0.909091
1800 pop1 1.1025 1.00227
1800 pop2 1.0 0.909091
1900 pop1 1.1025 1.00227
1900 pop2 1.0 0.909091
2000 pop1 1.1025 1.00227
2000 pop2 1.0 0.909091
2100 pop1 1.1025 1.00227
2100 pop2 1.0 0.909091
2200 pop1 1.1025 1.00227
2200 pop2 1.0 0.909091
2300 pop1 1.1025 1.00227
2300 pop2 1.0 0.909091
2400 pop1 1.1025 1.00227
2400 pop2 1.0 0.909091
2500 pop1 1.1025 1.00227
2500 pop2 1.0 0.909091
2600 pop1 1.1025 1.00227
2600 pop2 1.0 0.909091
2700 pop1 1.1025 1.00227
2700 pop2 1.0 0.909091
2800 pop1 1.1025 1.00227
2800 pop2 1.0 0.909091
2900 pop1 1.1025 1.00227
2900 pop2 1.0 0.909091
3000 pop1 1.1025 1.00227
3000 pop2 1.0 0.909091
3100 pop1 1.1025 1.00227
3100 pop2 1.0 0.909091
3200 pop1 1.1025 1.00227
3200 pop2 1.0 0.909091
3300 pop1 1.1025 1.00227
3300 pop2 1.0 0.909091
3400 pop1 1.1025 1.00227
3400 pop2 1.0 0.909091
3500 pop1 1.1025 1.00227
3500 pop2 1.0 0.909091
3600 pop1 1.1025 1.00227
3600 pop2 1.0 0.909091
3700 pop1 1.1025 1.00227
3700 pop2 1.0 0.909091
3800 pop1 1.1025 1.00227
3800 pop2 1.0 0.909091
3900 pop1 1.1025 1.00227
3900 pop2 1.0 0.909091
4000 pop1 1.1025 1.00227
4000 pop2 1.0 0.909091
4100 pop1 1.1025 1.00227
4100 pop2 1.0 0.909091
4200 pop1 1.1025 1.00227
4200 pop2 1.0 0.909091
4300 pop1 1.1025 1.00227
4300 pop2 1.0 0.909091
4400 pop1 1.1025 1.00227
4400 pop2 1.0 0.909091
4500 pop1 1.1025 1.00227
4500 pop2 1.0 0.909091
4600 pop1 1.1025 1.00227
4600 pop2 1.0 0.909091
4700 pop1 1.1025 1.00227
4700 pop2 1.0 0.909091
4800 pop1 1.1025 1.00227
4800 pop2 1.0 0.909091
4900 pop1 1.1025 1.00227
4900 pop2 1.0 0.909091
5000 pop1 1.1025 1.00227
5000 pop2 1.0 0.909091
