1 pop1 1.0 0.909091
1 pop2 1.0 0.909091
100 pop1 1.03421 0.940192
100 pop2 1.03641 0.942189
200 pop1 1.02878 0.935254
200 pop2 1.03805 0.943684
300 pop1 1.03682 0.942566
300 pop2 1.03902 0.944565
400 pop1 1.0411 0.946454
400 pop2 1.02859 0.93508
500 pop1 1.03661 0.942371
500 pop2 1.02948 0.935887
600 pop1 1.01906 0.926417
600 pop2 1.04272 0.94793
700 pop1 1.02282 0.92984
700 pop2 1.03405 0.940049
800 pop1 1.02984 0.936219
800 pop2 1.04324 0.948404
900 pop1 1.03357 0.93961
900 pop2 1.0381 0.943723
1000 pop1 1.03761 0.943281
1000 pop2 1.02944 0.935851
1100 pop1 1.0708 0.973459
1100 pop2 1.04117 0.946522
1200 pop1 1.06048 0.964071
1200 pop2 1.05947 0.963153
1300 pop1 1.04985 0.954407
1300 pop2 1.07049 0.973175
1400 pop1 1.04624 0.951124
1400 pop2 1.07005 0.972776
1500 pop1 1.05111 0.955553
1500 pop2 1.06888 0.971711
1600 pop1 1.05782 0.961653
1600 pop2 1.06637 0.969426
1700 pop1 1.0569 0.960819
1700 pop2 1.06333 0.966662
1800 pop1 1.05868 0.96244
1800 pop2 1.06775 0.970684
1900 pop1 1.05569 0.95972
1900 pop2 1.06798 0.970888
2000 pop1 1.05579 0.959808
2000 pop2 1.06305 0.966411
2100 pop1 1.06006 0.963692
2100 pop2 1.06674 0.969764
2200 pop1 1.05678 0.960706
2200 pop2 1.06461 0.96783
2300 pop1 1.05961 0.963284
2300 pop2 1.06079 0.964353
2400 pop1 1.06506 0.968238
2400 pop2 1.05578 0.959798
2500 pop1 1.06591 0.969007
2500 pop2 1.05596 0.959963
2600 pop1 1.07025 0.972951
2600 pop2 1.05194 0.95631
2700 pop1 1.07094 0.97358
2700 pop2 1.05147 0.955878
2800 pop1 1.06735 0.970317
2800 pop2 1.0574 0.961272
2900 pop1 1.05774 0.961578
2900 pop2 1.06479 0.967994
3000 pop1 1.06324 0.966584
3000 pop2 1.05745 0.961319
3100 pop1 1.06505 0.968228
3100 pop2 1.06042 0.964021
3200 pop1 1.06383 0.967122
3200 pop2 1.05533 0.959389
3300 pop1 1.0652 0.968363
3300 pop2 1.05671 0.960645
3400 pop1 1.05951 0.963192
3400 pop2 1.06627 0.969335
3500 pop1 1.05988 0.96353
3500 pop2 1.06324 0.966578
3600 pop1 1.06008 0.963711
3600 pop2 1.06315 0.966496
3700 pop1 1.06078 0.964345
3700 pop2 1.06373 0.967029
3800 pop1 1.06048 0.964075
3800 pop2 1.06407 0.967335
3900 pop1 1.05653 0.960486
3900 pop2 1.06279 0.966169
4000 pop1 1.05959 0.963263
4000 pop2 1.06358 0.966895
4100 pop1 1.05897 0.962702
4100 pop2 1.06697 0.969974
4200 pop1 1.05497 0.959061
4200 pop2 1.06905 0.971868
4300 pop1 1.06124 0.964765
4300 pop2 1.06049 0.964079
4400 pop1 1.06278 0.966159
4400 pop2 1.05771 0.961552
4500 pop1 1.06239 0.965811
4500 pop2 1.06614 0.969216
4600 pop1 1.06615 0.969231
4600 pop2 1.05572 0.959749
4700 pop1 1.06496 0.968145
4700 pop2 1.05654 0.960494
4800 pop1 1.06714 0.970128
4800 pop2 1.05578 0.959798
4900 pop1 1.06217 0.965613
4900 pop2 1.06231 0.965737
5000 pop1 1.05856 0.962329
5000 pop2 1.06621 0.969285
