1 pop1 1.0 0.833333
1 pop2 1.0 0.833333
100 pop1 1.11757 0.931311
100 pop2 1.12703 0.939195
200 pop1 1.1285 0.940419
200 pop2 1.11803 0.93169
300 pop1 1.12892 0.940766
300 pop2 1.11878 0.932316
400 pop1 1.1233 0.936085
400 pop2 1.1258 0.938168
500 pop1 1.12146 0.934554
500 pop2 1.12148 0.934564
600 pop1 1.12677 0.938971
600 pop2 1.11257 0.927142
700 pop1 1.11729 0.931078
700 pop2 1.12641 0.938678
800 pop1 1.11806 0.931719
800 pop2 1.12806 0.940053
900 pop1 1.12588 0.938233
900 pop2 1.11554 0.929615
1000 pop1 1.12488 0.937399
1000 pop2 1.12639 0.938659
1100 pop1 1.13133 0.942779
1100 pop2 1.14608 0.955067
1200 pop1 1.14119 0.950988
1200 pop2 1.14475 0.953961
1300 pop1 1.13562 0.946348
1300 pop2 1.1473 0.956084
1400 pop1 1.14126 0.951047
1400 pop2 1.14508 0.954237
1500 pop1 1.13985 0.949872
1500 pop2 1.14705 0.955874
1600 pop1 1.13962 0.949683
1600 pop2 1.14247 0.952058
1700 pop1 1.14804 0.956698
1700 pop2 1.14241 0.952005
1800 pop1 1.14268 0.952234
1800 pop2 1.14362 0.953019
1900 pop1 1.14193 0.95161
1900 pop2 1.14949 0.95791
2000 pop1 1.13636 0.946963
2000 pop2 1.15624 0.963532
2100 pop1 1.1363 0.946918
2100 pop2 1.14361 0.953006
2200 pop1 1.14657 0.955478
2200 pop2 1.13705 0.94754
2300 pop1 1.14619 0.95516
2300 pop2 1.14197 0.951645
2400 pop1 1.13542 0.946182
2400 pop2 1.14821 0.956843
2500 pop1 1.14267 0.952221
2500 pop2 1.14165 0.951373
2600 pop1 1.14129 0.951076
2600 pop2 1.14567 0.954726
2700 pop1 1.14664 0.955536
2700 pop2 1.13455 0.945459
2800 pop1 1.1462 0.95517
2800 pop2 1.14241 0.952007
2900 pop1 1.14235 0.95196
2900 pop2 1.14821 0.95684
3000 pop1 1.1347 0.945582
3000 pop2 1.1464 0.955336
3100 pop1 1.15154 0.959614
3100 pop2 1.13795 0.948288
3200 pop1 1.14819 0.956826
3200 pop2 1.13898 0.949153
3300 pop1 1.14578 0.954815
3300 pop2 1.14026 0.950213
3400 pop1 1.15066 0.958882
3400 pop2 1.13042 0.942016
3500 pop1 1.14625 0.955211
3500 pop2 1.1387 0.948914
3600 pop1 1.14811 0.956757
3600 pop2 1.13958 0.949648
3700 pop1 1.1437 0.953081
3700 pop2 1.13842 0.948682
3800 pop1 1.14708 0.955901
3800 pop2 1.14162 0.951349
3900 pop1 1.14998 0.958317
3900 pop2 1.14124 0.951032
4000 pop1 1.14178 0.951482
4000 pop2 1.14217 0.951811
4100 pop1 1.13663 0.947188
4100 pop2 1.1526 0.960496
4200 pop1 1.14942 0.957847
4200 pop2 1.13635 0.946956
4300 pop1 1.14684 0.955702
4300 pop2 1.14073 0.950611
4400 pop1 1.14464 0.953868
4400 pop2 1.14375 0.953121
4500 pop1 1.14689 0.955742
4500 pop2 1.14257 0.952138
4600 pop1 1.14219 0.951829
4600 pop2 1.14725 0.95604
4700 pop1 1.14106 0.950884
4700 pop2 1.13911 0.949257
4800 pop1 1.14466 0.953886
4800 pop2 1.14365 0.953046
4900 pop1 1.14455 0.953795
4900 pop2 1.13997 0.949975
5000 pop1 1.14605 0.955042
5000 pop2 1.14427 0.953558
