1 pop1 1.0 0.909091
1 pop2 1.0 0.909091
100 pop1 1.01301 0.920921
100 pop2 1.02098 0.92816
200 pop1 1.01208 0.920071
200 pop2 1.01803 0.925483
300 pop1 1.01741 0.924919
300 pop2 1.01384 0.921677
400 pop1 1.01071 0.918824
400 pop2 1.01254 0.92049
500 pop1 1.01188 0.919889
500 pop2 1.02178 0.92889
600 pop1 1.00744 0.915854
600 pop2 1.02201 0.929104
700 pop1 1.01 0.918178
700 pop2 1.0223 0.929361
800 pop1 1.01159 0.919632
800 pop2 1.01014 0.918314
900 pop1 1.02073 0.927937
900 pop2 1.0064 0.914906
1000 pop1 1.0131 0.920996
1000 pop2 1.01271 0.920646
1100 pop1 1.04683 0.951664
1100 pop2 1.05192 0.956294
1200 pop1 1.03845 0.944044
1200 pop2 1.0626 0.965996
1300 pop1 1.03641 0.942191
1300 pop2 1.06844 0.971312
1400 pop1 1.03555 0.941405
1400 pop2 1.07086 0.973506
1500 pop1 1.03854 0.944126
1500 pop2 1.06559 0.968716
1600 pop1 1.03613 0.94194
1600 pop2 1.06957 0.972341
1700 pop1 1.03651 0.942282
1700 pop2 1.07286 0.975329
1800 pop1 1.05137 0.955791
1800 pop2 1.05813 0.961934
1900 pop1 1.05937 0.963064
1900 pop2 1.05522 0.959287
2000 pop1 1.05927 0.962973
2000 pop2 1.05149 0.9559
2100 pop1 1.05407 0.95825
2100 pop2 1.05602 0.960021
2200 pop1 1.05889 0.962632
2200 pop2 1.05539 0.959447
2300 pop1 1.05181 0.956189
2300 pop2 1.05766 0.961506
2400 pop1 1.04958 0.954161
2400 pop2 1.05979 0.963441
2500 pop1 1.05655 0.960502
2500 pop2 1.0572 0.961087
2600 pop1 1.05363 0.957842
2600 pop2 1.05563 0.959668
2700 pop1 1.05647 0.960429
2700 pop2 1.05345 0.957678
2800 pop1 1.05486 0.958961
2800 pop2 1.05317 0.95743
2900 pop1 1.04687 0.951704
2900 pop2 1.06162 0.965108
3000 pop1 1.04923 0.953842
3000 pop2 1.05846 0.962239
3100 pop1 1.04163 0.946936
3100 pop2 1.06729 0.970268
3200 pop1 1.04796 0.952693
3200 pop2 1.06221 0.965646
3300 pop1 1.05272 0.957017
3300 pop2 1.05913 0.962848
3400 pop1 1.05536 0.959419
3400 pop2 1.05348 0.957711
3500 pop1 1.06348 0.966797
3500 pop2 1.04642 0.951287
3600 pop1 1.05324 0.95749
3600 pop2 1.05338 0.957622
3700 pop1 1.05996 0.963603
3700 pop2 1.05184 0.956222
3800 pop1 1.06223 0.965663
3800 pop2 1.04876 0.953416
3900 pop1 1.06215 0.96559
3900 pop2 1.04851 0.953191
4000 pop1 1.05935 0.963048
4000 pop2 1.0504 0.954911
4100 pop1 1.06155 0.965043
4100 pop2 1.04969 0.954268
4200 pop1 1.05872 0.962469
4200 pop2 1.04999 0.95454
4300 pop1 1.05562 0.959652
4300 pop2 1.05631 0.960279
4400 pop1 1.05474 0.958858
4400 pop2 1.05628 0.960255
4500 pop1 1.05117 0.955605
4500 pop2 1.05973 0.963395
4600 pop1 1.04619 0.951081
4600 pop2 1.06673 0.969751
4700 pop1 1.04005 0.945503
4700 pop2 1.06779 0.97072
4800 pop1 1.05327 0.957515
4800 pop2 1.05737 0.961243
4900 pop1 1.06047 0.964066
4900 pop2 1.04882 0.953477
5000 pop1 1.05675 0.960686
5000 pop2 1.05184 0.956214
