1 pop1 1.0 0.833333
1 pop2 1.0 0.833333
100 pop1 1.1237 0.936418
100 pop2 1.13495 0.945789
200 pop1 1.12634 0.938617
200 pop2 1.1145 0.928748
300 pop1 1.12466 0.93722
300 pop2 1.12807 0.940057
400 pop1 1.11864 0.932198
400 pop2 1.12198 0.934985
500 pop1 1.11572 0.92977
500 pop2 1.13542 0.946186
600 pop1 1.12092 0.934099
600 pop2 1.12501 0.937508
700 pop1 1.13485 0.945712
700 pop2 1.12822 0.940184
800 pop1 1.1232 0.935999
800 pop2 1.11782 0.93152
900 pop1 1.12106 0.934215
900 pop2 1.13353 0.94461
1000 pop1 1.13277 0.943979
1000 pop2 1.12058 0.93382
1100 pop1 1.13687 0.947389
1100 pop2 1.14943 0.95786
1200 pop1 1.13082 0.942354
1200 pop2 1.15499 0.962491
1300 pop1 1.13406 0.945047
1300 pop2 1.14989 0.958243
1400 pop1 1.13837 0.948645
1400 pop2 1.14098 0.950816
1500 pop1 1.12703 0.939189
1500 pop2 1.14215 0.951792
1600 pop1 1.13293 0.944108
1600 pop2 1.15193 0.959941
1700 pop1 1.1373 0.94775
1700 pop2 1.14226 0.951881
1800 pop1 1.13655 0.947125
1800 pop2 1.14538 0.954486
1900 pop1 1.14194 0.951619
1900 pop2 1.14052 0.950437
2000 pop1 1.14648 0.955402
2000 pop2 1.13813 0.948442
2100 pop1 1.13589 0.946578
2100 pop2 1.14313 0.952611
2200 pop1 1.15047 0.958728
2200 pop2 1.14235 0.951961
2300 pop1 1.14535 0.954457
2300 pop2 1.13856 0.9488
2400 pop1 1.14943 0.957855
2400 pop2 1.14782 0.956515
2500 pop1 1.1422 0.951832
2500 pop2 1.14226 0.95188
2600 pop1 1.14717 0.955979
2600 pop2 1.14433 0.953607
2700 pop1 1.14359 0.952989
2700 pop2 1.14731 0.956088
2800 pop1 1.14628 0.955234
2800 pop2 1.13932 0.949436
2900 pop1 1.14052 0.950437
2900 pop2 1.14516 0.954299
3000 pop1 1.14195 0.951623
3000 pop2 1.14732 0.9561
3100 pop1 1.14343 0.952862
3100 pop2 1.14013 0.950108
3200 pop1 1.13695 0.947462
3200 pop2 1.14339 0.952824
3300 pop1 1.14969 0.958073
3300 pop2 1.14559 0.954657
3400 pop1 1.13626 0.946886
3400 pop2 1.14625 0.955206
3500 pop1 1.13279 0.943988
3500 pop2 1.14145 0.951209
3600 pop1 1.13604 0.946702
3600 pop2 1.152 0.959996
3700 pop1 1.13457 0.945472
3700 pop2 1.14448 0.953736
3800 pop1 1.14508 0.954231
3800 pop2 1.14711 0.955923
3900 pop1 1.1471 0.955913
3900 pop2 1.14919 0.957655
4000 pop1 1.14314 0.952616
4000 pop2 1.14239 0.95199
4100 pop1 1.14573 0.954774
4100 pop2 1.13992 0.949934
4200 pop1 1.14727 0.95606
4200 pop2 1.14111 0.950927
4300 pop1 1.14286 0.952385
4300 pop2 1.14494 0.954113
4400 pop1 1.14103 0.950857
4400 pop2 1.14402 0.953351
4500 pop1 1.13687 0.94739
4500 pop2 1.14598 0.954984
4600 pop1 1.14503 0.954192
4600 pop2 1.14232 0.951933
4700 pop1 1.14705 0.955873
4700 pop2 1.13552 0.946269
4800 pop1 1.13602 0.946685
4800 pop2 1.14091 0.950755
4900 pop1 1.1391 0.949253
4900 pop2 1.14289 0.952412
5000 pop1 1.1451 0.95425
5000 pop2 1.14089 0.950743
