1 pop1 1.0 0.909091
1 pop2 1.0 0.909091
100 pop1 1.0787 0.980633
100 pop2 1.08304 0.984582
200 pop1 1.08592 0.987196
200 pop2 1.08532 0.986658
300 pop1 1.08018 0.981981
300 pop2 1.07982 0.981652
400 pop1 1.08336 0.984871
400 pop2 1.0816 0.983275
500 pop1 1.08176 0.98342
500 pop2 1.07957 0.981431
600 pop1 1.08129 0.982995
600 pop2 1.08334 0.984856
700 pop1 1.08284 0.984403
700 pop2 1.0811 0.982822
800 pop1 1.08361 0.985102
800 pop2 1.07973 0.981572
900 pop1 1.08322 0.984748
900 pop2 1.08232 0.983927
1000 pop1 1.08178 0.983434
1000 pop2 1.08287 0.984426
1100 pop1 1.08648 0.987712
1100 pop2 1.06971 0.972464
1200 pop1 1.08591 0.987191
1200 pop2 1.08127 0.982974
1300 pop1 1.08143 0.983115
1300 pop2 1.08644 0.987669
1400 pop1 1.0808 0.982541
1400 pop2 1.08945 0.990412
1500 pop1 1.08424 0.98567
1500 pop2 1.08424 0.985676
1600 pop1 1.08352 0.985014
1600 pop2 1.08296 0.98451
1700 pop1 1.08593 0.987208
1700 pop2 1.08869 0.989716
1800 pop1 1.08286 0.984418
1800 pop2 1.08679 0.987987
1900 pop1 1.08436 0.985784
1900 pop2 1.08327 0.98479
2000 pop1 1.0838 0.985268
2000 pop2 1.08682 0.988022
2100 pop1 1.08473 0.986116
2100 pop2 1.08779 0.988904
2200 pop1 1.08481 0.986195
2200 pop2 1.08824 0.989305
2300 pop1 1.08627 0.987516
2300 pop2 1.08202 0.983655
2400 pop1 1.07859 0.980534
2400 pop2 1.08747 0.988611
2500 pop1 1.08503 0.986387
2500 pop2 1.08326 0.984786
2600 pop1 1.08786 0.988965
2600 pop2 1.0864 0.987632
2700 pop1 1.08394 0.985399
2700 pop2 1.08034 0.982125
2800 pop1 1.08261 0.984188
2800 pop2 1.08609 0.987356
2900 pop1 1.08371 0.985188
2900 pop2 1.08407 0.985522
3000 pop1 1.08312 0.984654
3000 pop2 1.08538 0.986713
3100 pop1 1.08903 0.990028
3100 pop2 1.08406 0.985509
3200 pop1 1.08737 0.988522
3200 pop2 1.08172 0.983386
3300 pop1 1.08765 0.988775
3300 pop2 1.08561 0.986917
3400 pop1 1.0849 0.986274
3400 pop2 1.08681 0.988009
3500 pop1 1.0833 0.984819
3500 pop2 1.08749 0.988627
3600 pop1 1.08634 0.98758
3600 pop2 1.08719 0.988352
3700 pop1 1.08686 0.988058
3700 pop2 1.08501 0.986373
3800 pop1 1.0874 0.988542
3800 pop2 1.08487 0.986241
3900 pop1 1.08919 0.990176
3900 pop2 1.08286 0.984418
4000 pop1 1.08475 0.986133
4000 pop2 1.08445 0.98586
4100 pop1 1.08722 0.988384
4100 pop2 1.08402 0.985473
4200 pop1 1.08524 0.986579
4200 pop2 1.08364 0.985125
4300 pop1 1.08761 0.988732
4300 pop2 1.08428 0.985714
4400 pop1 1.08312 0.98465
4400 pop2 1.08757 0.988702
4500 pop1 1.08608 0.987344
4500 pop2 1.08486 0.98624
4600 pop1 1.08303 0.984572
4600 pop2 1.08755 0.988678
4700 pop1 1.08464 0.986038
4700 pop2 1.0809 0.982633
4800 pop1 1.08824 0.989311
4800 pop2 1.08388 0.985344
4900 pop1 1.08115 0.982863
4900 pop2 1.08716 0.988323
5000 pop1 1.08614 0.987404
5000 pop2 1.08796 0.989057
