1 pop1 1.0 0.980392
1 pop2 1.0 0.980392
100 pop1 1.00813 0.988359
100 pop2 1.00392 0.984234
200 pop1 1.00852 0.988741
200 pop2 1.00574 0.986022
300 pop1 1.00731 0.987558
300 pop2 1.00617 0.986445
400 pop1 1.00687 0.987126
400 pop2 1.0029 0.983237
500 pop1 1.00604 0.986315
500 pop2 1.00446 0.984762
600 pop1 1.00757 0.987814
600 pop2 1.00448 0.984781
700 pop1 1.00631 0.986579
700 pop2 1.00381 0.984124
800 pop1 1.00465 0.984953
800 pop2 1.00384 0.98416
900 pop1 1.00599 0.986269
900 pop2 1.00354 0.983858
1000 pop1 1.00624 0.986511
1000 pop2 1.00573 0.986012
1100 pop1 1.00733 0.98758
1100 pop2 1.00711 0.987363
1200 pop1 1.00957 0.989773
1200 pop2 1.01102 0.991199
1300 pop1 1.01106 0.991236
1300 pop2 1.01129 0.99146
1400 pop1 1.01025 0.990444
1400 pop2 1.01244 0.992585
1500 pop1 1.01084 0.991015
1500 pop2 1.01265 0.992797
1600 pop1 1.0108 0.990984
1600 pop2 1.0114 0.991568
1700 pop1 1.01083 0.99101
1700 pop2 1.01102 0.991201
1800 pop1 1.01075 0.990936
1800 pop2 1.01344 0.993567
1900 pop1 1.00786 0.988099
1900 pop2 1.01464 0.994747
2000 pop1 1.0062 0.986472
2000 pop2 1.0164 0.996466
2100 pop1 1.0066 0.986866
2100 pop2 1.01654 0.996611
2200 pop1 1.00657 0.986831
2200 pop2 1.01591 0.995988
2300 pop1 1.00708 0.987337
2300 pop2 1.01448 0.994589
2400 pop1 1.00624 0.98651
2400 pop2 1.01489 0.994992
2500 pop1 1.00823 0.988465
2500 pop2 1.01477 0.994876
2600 pop1 1.00966 0.989864
2600 pop2 1.01517 0.995262
2700 pop1 1.00777 0.988014
2700 pop2 1.01511 0.995205
2800 pop1 1.00958 0.989787
2800 pop2 1.0149 0.994999
2900 pop1 1.00874 0.988964
2900 pop2 1.01537 0.995459
3000 pop1 1.0071 0.987352
3000 pop2 1.01439 0.9945
3100 pop1 1.0082 0.988434
3100 pop2 1.01507 0.995171
3200 pop1 1.00918 0.989396
3200 pop2 1.01381 0.993934
3300 pop1 1.0083 0.988525
3300 pop2 1.01432 0.994429
3400 pop1 1.00935 0.989563
3400 pop2 1.01432 0.994427
3500 pop1 1.01005 0.990247
3500 pop2 1.01274 0.992885
3600 pop1 1.01071 0.990896
3600 pop2 1.01423 0.994345
3700 pop1 1.01096 0.991133
3700 pop2 1.01166 0.991822
3800 pop1 1.0112 0.991374
3800 pop2 1.01265 0.992793
3900 pop1 1.0098 0.989998
3900 pop2 1.01354 0.993666
4000 pop1 1.01036 0.99055
4000 pop2 1.01344 0.99357
4100 pop1 1.01101 0.991187
4100 pop2 1.01396 0.994075
4200 pop1 1.01092 0.991103
4200 pop2 1.0134 0.993528
4300 pop1 1.00928 0.989491
4300 pop2 1.01493 0.995034
4400 pop1 1.00953 0.989736
4400 pop2 1.01517 0.995267
4500 pop1 1.01094 0.991117
4500 pop2 1.01268 0.992828
4600 pop1 1.01249 0.992638
4600 pop2 1.01088 0.991058
4700 pop1 1.01238 0.992532
4700 pop2 1.01173 0.99189
4800 pop1 1.01204 0.992197
4800 pop2 1.01253 0.992681
4900 pop1 1.01245 0.992602
4900 pop2 1.01457 0.99468
5000 pop1 1.01221 0.992361
5000 pop2 1.01187 0.992027
