1 pop1 1.0 0.833333
1 pop2 1.0 0.833333
100 pop1 1.19217 0.993479
100 pop2 1.19643 0.997028
200 pop1 1.19129 0.992739
200 pop2 1.19081 0.992339
300 pop1 1.18846 0.990382
300 pop2 1.19038 0.991986
400 pop1 1.19012 0.991763
400 pop2 1.1929 0.99408
500 pop1 1.18757 0.989644
500 pop2 1.19 0.991666
600 pop1 1.18929 0.991076
600 pop2 1.19868 0.998897
700 pop1 1.18693 0.989112
700 pop2 1.19444 0.995369
800 pop1 1.18973 0.991439
800 pop2 1.1932 0.994336
900 pop1 1.19139 0.992823
900 pop2 1.19286 0.994046
1000 pop1 1.18954 0.991287
1000 pop2 1.18724 0.989367
1100 pop1 1.18956 0.9913
1100 pop2 1.19276 0.993969
1200 pop1 1.18871 0.990589
1200 pop2 1.19002 0.991683
1300 pop1 1.18911 0.990929
1300 pop2 1.19033 0.991941
1400 pop1 1.18925 0.991045
1400 pop2 1.18856 0.990465
1500 pop1 1.19096 0.992466
1500 pop2 1.19103 0.992523
1600 pop1 1.19378 0.994813
1600 pop2 1.18811 0.990093
1700 pop1 1.19034 0.991947
1700 pop2 1.19192 0.993265
1800 pop1 1.19158 0.992979
1800 pop2 1.19045 0.992042
1900 pop1 1.18829 0.990245
1900 pop2 1.18813 0.990109
2000 pop1 1.18731 0.989429
2000 pop2 1.18795 0.989956
2100 pop1 1.19092 0.992434
2100 pop2 1.19029 0.991905
2200 pop1 1.19102 0.992514
2200 pop2 1.18982 0.991513
2300 pop1 1.18972 0.99143
2300 pop2 1.18943 0.991192
2400 pop1 1.19115 0.992627
2400 pop2 1.19039 0.991993
2500 pop1 1.18984 0.991532
2500 pop2 1.18927 0.991062
2600 pop1 1.18949 0.991238
2600 pop2 1.18756 0.989637
2700 pop1 1.19155 0.992958
2700 pop2 1.19437 0.995306
2800 pop1 1.19033 0.991942
2800 pop2 1.19068 0.992231
2900 pop1 1.18908 0.9909
2900 pop2 1.18837 0.990304
3000 pop1 1.19218 0.993484
3000 pop2 1.19409 0.995074
3100 pop1 1.18661 0.988842
3100 pop2 1.18909 0.99091
3200 pop1 1.19173 0.993108
3200 pop2 1.18755 0.989625
3300 pop1 1.18781 0.989839
3300 pop2 1.18944 0.991197
3400 pop1 1.19307 0.994221
3400 pop2 1.18706 0.989218
3500 pop1 1.18938 0.991147
3500 pop2 1.18499 0.987492
3600 pop1 1.19375 0.994791
3600 pop2 1.19348 0.99457
3700 pop1 1.19119 0.992661
3700 pop2 1.18641 0.988671
3800 pop1 1.18666 0.98888
3800 pop2 1.1885 0.990413
3900 pop1 1.19091 0.992423
3900 pop2 1.18957 0.991311
4000 pop1 1.19351 0.994595
4000 pop2 1.19023 0.991862
4100 pop1 1.19114 0.992613
4100 pop2 1.18768 0.989734
4200 pop1 1.1915 0.992913
4200 pop2 1.18932 0.991099
4300 pop1 1.18942 0.991181
4300 pop2 1.19161 0.993006
4400 pop1 1.18745 0.98954
4400 pop2 1.19127 0.992724
4500 pop1 1.18956 0.991301
4500 pop2 1.18537 0.987809
4600 pop1 1.18559 0.98799
4600 pop2 1.19015 0.991791
4700 pop1 1.19015 0.991795
4700 pop2 1.18949 0.991239
4800 pop1 1.18821 0.990171
4800 pop2 1.19025 0.991874
4900 pop1 1.18867 0.99056
4900 pop2 1.1922 0.9935
5000 pop1 1.18965 0.991372
5000 pop2 1.18747 0.989555
