1 pop1 1.0 0.980392
1 pop2 1.0 0.980392
100 pop1 1.00516 0.985453
100 pop2 1.00851 0.988733
200 pop1 1.00728 0.987529
200 pop2 1.00595 0.986223
300 pop1 1.00719 0.987438
300 pop2 1.00509 0.985386
400 pop1 1.00723 0.987479
400 pop2 1.00629 0.986557
500 pop1 1.00748 0.987721
500 pop2 1.00636 0.98663
600 pop1 1.00826 0.988495
600 pop2 1.00235 0.982692
700 pop1 1.00861 0.988831
700 pop2 1.0013 0.981663
800 pop1 1.00597 0.986242
800 pop2 1.00509 0.985379
900 pop1 1.00396 0.984271
900 pop2 1.00683 0.987093
1000 pop1 1.00504 0.985329
1000 pop2 1.00718 0.987431
1100 pop1 1.00818 0.988416
1100 pop2 1.00446 0.984762
1200 pop1 1.00982 0.990018
1200 pop2 1.00863 0.988857
1300 pop1 1.01166 0.991827
1300 pop2 1.01045 0.990635
1400 pop1 1.0123 0.99245
1400 pop2 1.01245 0.992594
1500 pop1 1.01186 0.992019
1500 pop2 1.01221 0.992358
1600 pop1 1.01021 0.990397
1600 pop2 1.01302 0.993153
1700 pop1 1.01145 0.991619
1700 pop2 1.01353 0.993659
1800 pop1 1.01218 0.992331
1800 pop2 1.0137 0.993819
1900 pop1 1.01304 0.993175
1900 pop2 1.01298 0.993119
2000 pop1 1.01351 0.993635
2000 pop2 1.01188 0.992042
2100 pop1 1.01271 0.992858
2100 pop2 1.0117 0.991861
2200 pop1 1.01235 0.992497
2200 pop2 1.01158 0.991742
2300 pop1 1.01197 0.992125
2300 pop2 1.01048 0.990662
2400 pop1 1.01463 0.994738
2400 pop2 1.01077 0.990946
2500 pop1 1.01321 0.993341
2500 pop2 1.0097 0.989898
2600 pop1 1.01261 0.992751
2600 pop2 1.01173 0.991893
2700 pop1 1.01246 0.992604
2700 pop2 1.01227 0.992417
2800 pop1 1.01191 0.992073
2800 pop2 1.01162 0.991786
2900 pop1 1.01314 0.993271
2900 pop2 1.01026 0.990446
3000 pop1 1.01157 0.991733
3000 pop2 1.01201 0.992168
3100 pop1 1.01185 0.992014
3100 pop2 1.01223 0.992385
3200 pop1 1.01188 0.992038
3200 pop2 1.01299 0.993131
3300 pop1 1.01236 0.992505
3300 pop2 1.01165 0.991814
3400 pop1 1.01373 0.993849
3400 pop2 1.01209 0.992243
3500 pop1 1.01315 0.993286
3500 pop2 1.01148 0.991652
3600 pop1 1.01353 0.993659
3600 pop2 1.01161 0.991774
3700 pop1 1.01278 0.992921
3700 pop2 1.01167 0.991829
3800 pop1 1.01276 0.992906
3800 pop2 1.01243 0.992579
3900 pop1 1.0125 0.992648
3900 pop2 1.01121 0.99138
4000 pop1 1.0134 0.993528
4000 pop2 1.01224 0.992393
4100 pop1 1.01076 0.990944
4100 pop2 1.01348 0.993604
4200 pop1 1.01143 0.991594
4200 pop2 1.0141 0.994216
4300 pop1 1.00879 0.989011
4300 pop2 1.01344 0.993568
4400 pop1 1.01141 0.991582
4400 pop2 1.01499 0.995088
4500 pop1 1.00965 0.989851
4500 pop2 1.0135 0.993624
4600 pop1 1.0109 0.991075
4600 pop2 1.01428 0.994397
4700 pop1 1.01136 0.99153
4700 pop2 1.01548 0.995569
4800 pop1 1.01026 0.990449
4800 pop2 1.01468 0.994784
4900 pop1 1.01099 0.991162
4900 pop2 1.01532 0.995411
5000 pop1 1.01061 0.990794
5000 pop2 1.01356 0.993686
