1 pop1 1.0 0.980392
1 pop2 1.0 0.980392
100 pop1 0.999857 0.980252
100 pop2 1.00104 0.981409
200 pop1 1.00103 0.981406
200 pop2 1.0003 0.980691
300 pop1 1.00148 0.981844
300 pop2 1.00155 0.981907
400 pop1 1.00058 0.980962
400 pop2 1.00258 0.982926
500 pop1 0.999434 0.979837
500 pop2 1.00247 0.982819
600 pop1 0.999291 0.979697
600 pop2 1.00291 0.983243
700 pop1 1.0024 0.982746
700 pop2 0.999792 0.980189
800 pop1 1.00047 0.980852
800 pop2 1.00205 0.982401
900 pop1 1.00037 0.980758
900 pop2 1.00174 0.982102
1000 pop1 0.999899 0.980293
1000 pop2 1.00049 0.980875
1100 pop1 1.00347 0.983792
1100 pop2 1.00457 0.984874
1200 pop1 1.00392 0.984237
1200 pop2 1.00841 0.988634
1300 pop1 1.00602 0.986293
1300 pop2 1.00992 0.990121
1400 pop1 1.00492 0.985212
1400 pop2 1.01272 0.992864
1500 pop1 1.0067 0.986957
1500 pop2 1.01336 0.993494
1600 pop1 1.00482 0.98512
1600 pop2 1.01566 0.995744
1700 pop1 1.00307 0.983405
1700 pop2 1.0171 0.997161
1800 pop1 1.00334 0.983665
1800 pop2 1.01676 0.996828
1900 pop1 1.00347 0.983792
1900 pop2 1.01696 0.997023
2000 pop1 1.00214 0.982489
2000 pop2 1.01782 0.997859
2100 pop1 1.0029 0.983232
2100 pop2 1.01687 0.996934
2200 pop1 1.00396 0.984276
2200 pop2 1.01549 0.99558
2300 pop1 1.0033 0.98363
2300 pop2 1.01693 0.99699
2400 pop1 1.00348 0.983806
2400 pop2 1.01633 0.996403
2500 pop1 1.00376 0.984078
2500 pop2 1.01599 0.996068
2600 pop1 1.0047 0.985003
2600 pop2 1.01551 0.995598
2700 pop1 1.00504 0.985334
2700 pop2 1.01483 0.994935
2800 pop1 1.00349 0.98381
2800 pop2 1.01616 0.996231
2900 pop1 1.00288 0.983213
2900 pop2 1.0174 0.997454
3000 pop1 1.00401 0.984321
3000 pop2 1.01642 0.996492
3100 pop1 1.00311 0.983443
3100 pop2 1.01684 0.996899
3200 pop1 1.00244 0.982788
3200 pop2 1.01704 0.997103
3300 pop1 1.00314 0.983475
3300 pop2 1.0168 0.996859
3400 pop1 1.00455 0.984857
3400 pop2 1.01592 0.996
3500 pop1 1.004 0.984317
3500 pop2 1.01618 0.996251
3600 pop1 1.00392 0.984234
3600 pop2 1.01572 0.9958
3700 pop1 1.00508 0.985372
3700 pop2 1.01464 0.994742
3800 pop1 1.00441 0.984714
3800 pop2 1.01517 0.995262
3900 pop1 1.00302 0.983353
3900 pop2 1.0169 0.996965
4000 pop1 1.00285 0.98319
4000 pop2 1.01747 0.997515
4100 pop1 1.00114 0.98151
4100 pop2 1.0188 0.998824
4200 pop1 1.00109 0.981463
4200 pop2 1.019 0.999021
4300 pop1 1.00146 0.98182
4300 pop2 1.01833 0.998366
4400 pop1 1.0018 0.982152
4400 pop2 1.01865 0.998679
4500 pop1 1.0022 0.982546
4500 pop2 1.01767 0.997713
4600 pop1 1.00313 0.983462
4600 pop2 1.01736 0.99741
4700 pop1 1.00259 0.982931
4700 pop2 1.01775 0.997795
4800 pop1 1.003 0.98333
4800 pop2 1.01678 0.996845
4900 pop1 1.0038 0.984121
4900 pop2 1.01606 0.996139
5000 pop1 1.00378 0.984094
5000 pop2 1.01632 0.99639
