1 pop1 1.0 0.980392
1 pop2 1.0 0.980392
100 pop1 1.0068 0.987063
100 pop2 1.00677 0.987032
200 pop1 1.00815 0.988383
200 pop2 1.00562 0.985901
300 pop1 1.00803 0.988261
300 pop2 1.0063 0.986566
400 pop1 1.00741 0.987658
400 pop2 1.00446 0.984766
500 pop1 1.00602 0.986298
500 pop2 1.00512 0.985411
600 pop1 1.00709 0.98734
600 pop2 1.00488 0.985176
700 pop1 1.00774 0.987976
700 pop2 1.00416 0.984468
800 pop1 1.00466 0.984964
800 pop2 1.00542 0.985703
900 pop1 1.00305 0.983383
900 pop2 1.00669 0.986953
1000 pop1 1.00635 0.986616
1000 pop2 1.00602 0.986294
1100 pop1 1.00676 0.987023
1100 pop2 1.0064 0.986668
1200 pop1 1.00908 0.989297
1200 pop2 1.00982 0.99002
1300 pop1 1.00976 0.989957
1300 pop2 1.01186 0.992016
1400 pop1 1.0099 0.9901
1400 pop2 1.01402 0.994135
1500 pop1 1.01009 0.990281
1500 pop2 1.01541 0.995501
1600 pop1 1.01163 0.991793
1600 pop2 1.01307 0.993204
1700 pop1 1.01244 0.992589
1700 pop2 1.01171 0.991871
1800 pop1 1.01177 0.991929
1800 pop2 1.01228 0.992427
1900 pop1 1.01136 0.991528
1900 pop2 1.01243 0.992575
2000 pop1 1.01244 0.992589
2000 pop2 1.01218 0.992335
2100 pop1 1.01067 0.990849
2100 pop2 1.01171 0.991871
2200 pop1 1.01176 0.991926
2200 pop2 1.01221 0.992367
2300 pop1 1.00976 0.989962
2300 pop2 1.01187 0.99203
2400 pop1 1.00881 0.989027
2400 pop2 1.01355 0.993675
2500 pop1 1.00978 0.98998
2500 pop2 1.01424 0.994352
2600 pop1 1.00717 0.987418
2600 pop2 1.01553 0.995619
2700 pop1 1.00652 0.98678
2700 pop2 1.01528 0.995373
2800 pop1 1.00825 0.988477
2800 pop2 1.01441 0.994515
2900 pop1 1.00772 0.987958
2900 pop2 1.01421 0.99432
3000 pop1 1.0076 0.987839
3000 pop2 1.01601 0.99609
3100 pop1 1.00686 0.987119
3100 pop2 1.01493 0.995029
3200 pop1 1.01106 0.991234
3200 pop2 1.01438 0.994487
3300 pop1 1.00997 0.99017
3300 pop2 1.01287 0.993007
3400 pop1 1.0112 0.991375
3400 pop2 1.01567 0.995755
3500 pop1 1.00976 0.989961
3500 pop2 1.01486 0.994965
3600 pop1 1.00673 0.986992
3600 pop2 1.01479 0.99489
3700 pop1 1.00677 0.987027
3700 pop2 1.0155 0.995589
3800 pop1 1.00623 0.986504
3800 pop2 1.01706 0.997116
3900 pop1 1.00769 0.987928
3900 pop2 1.01541 0.995505
4000 pop1 1.00863 0.988854
4000 pop2 1.01407 0.994189
4100 pop1 1.0091 0.989309
4100 pop2 1.01544 0.995525
4200 pop1 1.00913 0.98934
4200 pop2 1.0153 0.995389
4300 pop1 1.00995 0.990148
4300 pop2 1.01416 0.994276
4400 pop1 1.00926 0.989467
4400 pop2 1.01484 0.99494
4500 pop1 1.01052 0.990707
4500 pop2 1.01361 0.99374
4600 pop1 1.00953 0.989737
4600 pop2 1.01278 0.992925
4700 pop1 1.00971 0.989907
4700 pop2 1.01355 0.993675
4800 pop1 1.00958 0.989784
4800 pop2 1.0135 0.993629
4900 pop1 1.00945 0.989661
4900 pop2 1.01401 0.994131
5000 pop1 1.01009 0.990287
5000 pop2 1.01268 0.992828
