1 pop1 1.0 0.833333
1 pop2 1.0 0.833333
100 pop1 1.18764 0.9897
100 pop2 1.18982 0.991515
200 pop1 1.1874 0.989498
200 pop2 1.18932 0.991096
300 pop1 1.1922 0.9935
300 pop2 1.18668 0.988902
400 pop1 1.19024 0.991866
400 pop2 1.19195 0.993293
500 pop1 1.19426 0.995218
500 pop2 1.19328 0.994397
600 pop1 1.1941 0.995085
600 pop2 1.18693 0.989111
700 pop1 1.19226 0.993553
700 pop2 1.19237 0.99364
800 pop1 1.19333 0.994444
800 pop2 1.19188 0.993231
900 pop1 1.19576 0.996464
900 pop2 1.19184 0.993199
1000 pop1 1.19459 0.99549
1000 pop2 1.18808 0.990065
1100 pop1 1.19083 0.992359
1100 pop2 1.19313 0.994279
1200 pop1 1.19239 0.993659
1200 pop2 1.19032 0.991933
1300 pop1 1.19162 0.993013
1300 pop2 1.19257 0.993808
1400 pop1 1.1924 0.993664
1400 pop2 1.18889 0.990742
1500 pop1 1.1901 0.991751
1500 pop2 1.18813 0.99011
1600 pop1 1.19288 0.994069
1600 pop2 1.19237 0.993644
1700 pop1 1.18985 0.991543
1700 pop2 1.19294 0.994118
1800 pop1 1.18939 0.991156
1800 pop2 1.18932 0.991096
1900 pop1 1.19246 0.993714
1900 pop2 1.18785 0.989877
2000 pop1 1.19458 0.995483
2000 pop2 1.19163 0.993023
2100 pop1 1.1913 0.992747
2100 pop2 1.19017 0.991807
2200 pop1 1.18777 0.989811
2200 pop2 1.18867 0.990558
2300 pop1 1.19037 0.991972
2300 pop2 1.18793 0.989939
2400 pop1 1.18884 0.990701
2400 pop2 1.19048 0.992066
2500 pop1 1.19308 0.994229
2500 pop2 1.18953 0.991277
2600 pop1 1.1882 0.990168
2600 pop2 1.1893 0.991083
2700 pop1 1.18685 0.989045
2700 pop2 1.18851 0.990422
2800 pop1 1.19312 0.994267
2800 pop2 1.19419 0.995154
2900 pop1 1.18632 0.988601
2900 pop2 1.1895 0.991248
3000 pop1 1.18936 0.991133
3000 pop2 1.19138 0.992815
3100 pop1 1.18966 0.991385
3100 pop2 1.18565 0.98804
3200 pop1 1.19266 0.993884
3200 pop2 1.19188 0.993235
3300 pop1 1.18767 0.989726
3300 pop2 1.19 0.991663
3400 pop1 1.18936 0.99113
3400 pop2 1.18978 0.991479
3500 pop1 1.19202 0.993352
3500 pop2 1.19363 0.99469
3600 pop1 1.18965 0.991372
3600 pop2 1.19044 0.992037
3700 pop1 1.19449 0.995412
3700 pop2 1.1869 0.989086
3800 pop1 1.18773 0.989779
3800 pop2 1.18797 0.989978
3900 pop1 1.19313 0.994275
3900 pop2 1.19078 0.992317
4000 pop1 1.18901 0.990838
4000 pop2 1.19264 0.993868
4100 pop1 1.18985 0.991542
4100 pop2 1.19346 0.99455
4200 pop1 1.19133 0.992774
4200 pop2 1.18981 0.991507
4300 pop1 1.18921 0.991012
4300 pop2 1.18969 0.991409
4400 pop1 1.18909 0.990908
4400 pop2 1.1882 0.990164
4500 pop1 1.18787 0.989889
4500 pop2 1.19404 0.995034
4600 pop1 1.19092 0.99243
4600 pop2 1.18876 0.990632
4700 pop1 1.18368 0.986402
4700 pop2 1.19437 0.995312
4800 pop1 1.18741 0.989507
4800 pop2 1.18644 0.988698
4900 pop1 1.19296 0.994132
4900 pop2 1.19266 0.993883
5000 pop1 1.18843 0.990361
5000 pop2 1.18766 0.989719
