1 pop1 1.0 0.980392
1 pop2 1.0 0.980392
100 pop1 0.999827 0.980223
100 pop2 1.00082 0.981194
200 pop1 1.00158 0.981943
200 pop2 1.0003 0.980682
300 pop1 1.00107 0.981445
300 pop2 0.999538 0.979939
400 pop1 0.999424 0.979828
400 pop2 1.00064 0.981023
500 pop1 1.00085 0.981225
500 pop2 0.999755 0.980151
600 pop1 1.0003 0.980684
600 pop2 1.00049 0.980873
700 pop1 1.00367 0.983987
700 pop2 0.997035 0.977486
800 pop1 1.00525 0.985542
800 pop2 0.995145 0.975632
900 pop1 1.00535 0.985638
900 pop2 0.995267 0.975752
1000 pop1 1.00474 0.98504
1000 pop2 0.995739 0.976214
1100 pop1 1.0071 0.987355
1100 pop2 1.01079 0.990969
1200 pop1 1.00657 0.986837
1200 pop2 1.01281 0.992951
1300 pop1 1.00527 0.985562
1300 pop2 1.01425 0.994366
1400 pop1 1.00413 0.98444
1400 pop2 1.01439 0.994501
1500 pop1 1.00351 0.983835
1500 pop2 1.01516 0.995256
1600 pop1 1.00381 0.984128
1600 pop2 1.01589 0.995971
1700 pop1 1.00449 0.984797
1700 pop2 1.01515 0.995246
1800 pop1 1.00549 0.985776
1800 pop2 1.01412 0.994232
1900 pop1 1.00581 0.986086
1900 pop2 1.01358 0.99371
2000 pop1 1.00692 0.987174
2000 pop2 1.01267 0.992811
2100 pop1 1.00645 0.986712
2100 pop2 1.0131 0.993236
2200 pop1 1.00756 0.987802
2200 pop2 1.01274 0.992883
2300 pop1 1.00784 0.988082
2300 pop2 1.0119 0.992059
2400 pop1 1.00692 0.987177
2400 pop2 1.01302 0.993157
2500 pop1 1.00592 0.9862
2500 pop2 1.01413 0.994248
2600 pop1 1.00681 0.987066
2600 pop2 1.01395 0.994068
2700 pop1 1.00632 0.986588
2700 pop2 1.01428 0.994396
2800 pop1 1.00626 0.986527
2800 pop2 1.01429 0.994404
2900 pop1 1.00732 0.987571
2900 pop2 1.01343 0.993561
3000 pop1 1.00708 0.987328
3000 pop2 1.01371 0.993837
3100 pop1 1.0084 0.988623
3100 pop2 1.01221 0.992361
3200 pop1 1.0088 0.989019
3200 pop2 1.01132 0.991486
3300 pop1 1.00783 0.988072
3300 pop2 1.01214 0.992294
3400 pop1 1.00804 0.98827
3400 pop2 1.01243 0.992582
3500 pop1 1.0082 0.988428
3500 pop2 1.01213 0.992281
3600 pop1 1.0074 0.987649
3600 pop2 1.01277 0.992913
3700 pop1 1.00763 0.987874
3700 pop2 1.01275 0.992893
3800 pop1 1.00755 0.987791
3800 pop2 1.01228 0.992431
3900 pop1 1.00736 0.987605
3900 pop2 1.01269 0.992829
4000 pop1 1.0081 0.988337
4000 pop2 1.01173 0.991895
4100 pop1 1.00751 0.987755
4100 pop2 1.01267 0.992818
4200 pop1 1.00768 0.987922
4200 pop2 1.01324 0.993375
4300 pop1 1.00643 0.9867
4300 pop2 1.01392 0.994039
4400 pop1 1.00653 0.986794
4400 pop2 1.01435 0.994456
4500 pop1 1.00763 0.987875
4500 pop2 1.01248 0.992625
4600 pop1 1.00857 0.988799
4600 pop2 1.01191 0.992067
4700 pop1 1.00756 0.987805
4700 pop2 1.01266 0.992804
4800 pop1 1.0066 0.986859
4800 pop2 1.01384 0.99396
4900 pop1 1.00571 0.985985
4900 pop2 1.01469 0.994793
5000 pop1 1.00428 0.984593
5000 pop2 1.01597 0.996048
