1 pop1 1.0 0.833333
1 pop2 1.0 0.833333
100 pop1 1.18795 0.989962
100 pop2 1.18748 0.989569
200 pop1 1.18965 0.991372
200 pop2 1.19581 0.996509
300 pop1 1.19181 0.993174
300 pop2 1.18556 0.987967
400 pop1 1.18629 0.988573
400 pop2 1.1916 0.992997
500 pop1 1.18837 0.990312
500 pop2 1.18964 0.991367
600 pop1 1.19159 0.99299
600 pop2 1.1921 0.993414
700 pop1 1.18894 0.99078
700 pop2 1.19085 0.992372
800 pop1 1.18812 0.9901
800 pop2 1.18911 0.990925
900 pop1 1.18803 0.990029
900 pop2 1.19314 0.994286
1000 pop1 1.19236 0.993637
1000 pop2 1.19503 0.995855
1100 pop1 1.1922 0.993503
1100 pop2 1.19146 0.992881
1200 pop1 1.19135 0.992795
1200 pop2 1.19165 0.993043
1300 pop1 1.18973 0.991445
1300 pop2 1.19239 0.993656
1400 pop1 1.19307 0.994223
1400 pop2 1.18665 0.988873
1500 pop1 1.19185 0.993209
1500 pop2 1.19535 0.996123
1600 pop1 1.19443 0.995355
1600 pop2 1.18759 0.989662
1700 pop1 1.19232 0.993599
1700 pop2 1.19382 0.99485
1800 pop1 1.1911 0.992584
1800 pop2 1.1905 0.992083
1900 pop1 1.19337 0.994479
1900 pop2 1.1924 0.993669
2000 pop1 1.19011 0.991755
2000 pop2 1.1899 0.991586
2100 pop1 1.18793 0.989942
2100 pop2 1.19312 0.994268
2200 pop1 1.19302 0.994184
2200 pop2 1.18995 0.991624
2300 pop1 1.18657 0.988806
2300 pop2 1.19486 0.995717
2400 pop1 1.18844 0.990369
2400 pop2 1.19338 0.994483
2500 pop1 1.19227 0.993555
2500 pop2 1.18995 0.991627
2600 pop1 1.19149 0.992907
2600 pop2 1.19332 0.994435
2700 pop1 1.1916 0.993002
2700 pop2 1.19466 0.995551
2800 pop1 1.18956 0.991297
2800 pop2 1.19336 0.994467
2900 pop1 1.18851 0.990425
2900 pop2 1.18977 0.991475
3000 pop1 1.19191 0.993262
3000 pop2 1.19083 0.992356
3100 pop1 1.19063 0.992194
3100 pop2 1.19148 0.992897
3200 pop1 1.18788 0.989901
3200 pop2 1.19368 0.994733
3300 pop1 1.19181 0.993177
3300 pop2 1.19664 0.997203
3400 pop1 1.19434 0.99528
3400 pop2 1.19164 0.993035
3500 pop1 1.18918 0.990984
3500 pop2 1.19256 0.993799
3600 pop1 1.19294 0.994117
3600 pop2 1.19434 0.99528
3700 pop1 1.19186 0.993218
3700 pop2 1.19442 0.995353
3800 pop1 1.18628 0.988566
3800 pop2 1.19144 0.99287
3900 pop1 1.18979 0.991492
3900 pop2 1.1934 0.994498
4000 pop1 1.19132 0.992764
4000 pop2 1.19283 0.994026
4100 pop1 1.19176 0.993136
4100 pop2 1.19143 0.992858
4200 pop1 1.18987 0.991555
4200 pop2 1.19064 0.992204
4300 pop1 1.19136 0.992796
4300 pop2 1.1923 0.993582
4400 pop1 1.19083 0.99236
4400 pop2 1.19049 0.992073
4500 pop1 1.19287 0.994056
4500 pop2 1.18718 0.989317
4600 pop1 1.18985 0.991544
4600 pop2 1.18994 0.991621
4700 pop1 1.19 0.991666
4700 pop2 1.19034 0.99195
4800 pop1 1.18963 0.991362
4800 pop2 1.19062 0.992187
4900 pop1 1.19255 0.993791
4900 pop2 1.19063 0.99219
5000 pop1 1.1873 0.989413
5000 pop2 1.19169 0.993075
