1 pop1 1.0 0.980392
1 pop2 1.0 0.980392
100 pop1 0.999635 0.980034
100 pop2 1.00512 0.985415
200 pop1 1.00314 0.983474
200 pop2 1.00183 0.982186
300 pop1 1.00137 0.981736
300 pop2 1.00013 0.980523
400 pop1 1.00511 0.985399
400 pop2 0.9989 0.979314
500 pop1 1.00621 0.986485
500 pop2 0.997525 0.977965
600 pop1 1.00599 0.986266
600 pop2 0.996804 0.977259
700 pop1 1.00473 0.985032
700 pop2 0.997684 0.978121
800 pop1 1.00313 0.983457
800 pop2 1.00133 0.981695
900 pop1 1.00333 0.983657
900 pop2 1.00103 0.981399
1000 pop1 1.00429 0.984594
1000 pop2 0.999137 0.979546
1100 pop1 1.00922 0.989431
1100 pop2 0.995797 0.976271
1200 pop1 1.01368 0.993805
1200 pop2 0.99516 0.975647
1300 pop1 1.01682 0.996881
1300 pop2 0.994441 0.974942
1400 pop1 1.01804 0.998075
1400 pop2 0.994565 0.975064
1500 pop1 1.01905 0.999069
1500 pop2 0.994572 0.97507
1600 pop1 1.01977 0.99977
1600 pop2 0.995167 0.975654
1700 pop1 1.0198 0.999807
1700 pop2 0.996207 0.976674
1800 pop1 1.02007 1.00006
1800 pop2 0.998097 0.978526
1900 pop1 1.0201 1.0001
1900 pop2 0.998328 0.978753
2000 pop1 1.0201 1.0001
2000 pop2 0.999182 0.97959
2100 pop1 1.0201 1.0001
2100 pop2 0.999521 0.979923
2200 pop1 1.0201 1.0001
2200 pop2 0.999669 0.980067
2300 pop1 1.0201 1.0001
2300 pop2 0.99998 0.980373
2400 pop1 1.0201 1.0001
2400 pop2 1.0 0.980392
2500 pop1 1.0201 1.0001
2500 pop2 1.0 0.980392
2600 pop1 1.0201 1.0001
2600 pop2 1.0 0.980392
2700 pop1 1.0201 1.0001
2700 pop2 1.0 0.980392
2800 pop1 1.0201 1.0001
2800 pop2 1.0 0.980392
2900 pop1 1.0201 1.0001
2900 pop2 1.0 0.980392
3000 pop1 1.0201 1.0001
3000 pop2 1.0 0.980392
3100 pop1 1.0201 1.0001
3100 pop2 1.0 0.980392
3200 pop1 1.0201 1.0001
3200 pop2 1.0 0.980392
3300 pop1 1.0201 1.0001
3300 pop2 1.0 0.980392
3400 pop1 1.0201 1.0001
3400 pop2 1.0 0.980392
3500 pop1 1.0201 1.0001
3500 pop2 1.0 0.980392
3600 pop1 1.0201 1.0001
3600 pop2 1.0 0.980392
3700 pop1 1.0201 1.0001
3700 pop2 1.0 0.980392
3800 pop1 1.0201 1.0001
3800 pop2 1.0 0.980392
3900 pop1 1.0201 1.0001
3900 pop2 1.0 0.980392
4000 pop1 1.0201 1.0001
4000 pop2 1.0 0.980392
4100 pop1 1.0201 1.0001
4100 pop2 1.0 0.980392
4200 pop1 1.0201 1.0001
4200 pop2 1.0 0.980392
4300 pop1 1.0201 1.0001
4300 pop2 1.0 0.980392
4400 pop1 1.0201 1.0001
4400 pop2 1.0 0.980392
4500 pop1 1.0201 1.0001
4500 pop2 1.0 0.980392
4600 pop1 1.0201 1.0001
4600 pop2 1.0 0.980392
4700 pop1 1.0201 1.0001
4700 pop2 1.0 0.980392
4800 pop1 1.0201 1.0001
4800 pop2 1.0 0.980392
4900 pop1 1.0201 1.0001
4900 pop2 1.0 0.980392
5000 pop1 1.0201 1.0001
5000 pop2 1.0 0.980392
