1 pop1 1.0 0.980392
1 pop2 1.0 0.980392
100 pop1 1.00874 0.988961
100 pop2 1.00782 0.988054
200 pop1 1.00247 0.982813
200 pop2 1.01167 0.991836
300 pop1 1.0053 0.985587
300 pop2 1.01029 0.990482
400 pop1 1.00675 0.98701
400 pop2 1.00949 0.989692
500 pop1 1.00695 0.987207
500 pop2 1.00736 0.987611
600 pop1 1.00964 0.989845
600 pop2 1.00578 0.986059
700 pop1 1.00885 0.989065
700 pop2 1.0079 0.988141
800 pop1 1.00964 0.989844
800 pop2 1.00611 0.986381
900 pop1 1.00899 0.989208
900 pop2 1.00812 0.988351
1000 pop1 1.00928 0.989494
1000 pop2 1.006 0.986272
1100 pop1 1.01336 0.993487
1100 pop2 0.996118 0.976587
1200 pop1 1.01429 0.994402
1200 pop2 0.994459 0.97496
1300 pop1 1.01567 0.995759
1300 pop2 0.99407 0.974578
1400 pop1 1.0183 0.998332
1400 pop2 0.994842 0.975336
1500 pop1 1.01857 0.998597
1500 pop2 0.995172 0.975659
1600 pop1 1.01771 0.997759
1600 pop2 0.994898 0.975391
1700 pop1 1.01833 0.998366
1700 pop2 0.994393 0.974895
1800 pop1 1.01703 0.997085
1800 pop2 0.995985 0.976456
1900 pop1 1.01707 0.997125
1900 pop2 0.99641 0.976873
2000 pop1 1.01712 0.997179
2000 pop2 0.996028 0.976498
2100 pop1 1.0184 0.998427
2100 pop2 0.995827 0.976301
2200 pop1 1.0191 0.999115
2200 pop2 0.995918 0.976391
2300 pop1 1.01921 0.999225
2300 pop2 0.995858 0.976332
2400 pop1 1.01903 0.999051
2400 pop2 0.996126 0.976594
2500 pop1 1.01852 0.998553
2500 pop2 0.995962 0.976433
2600 pop1 1.01835 0.998379
2600 pop2 0.996517 0.976977
2700 pop1 1.01816 0.998198
2700 pop2 0.996401 0.976864
2800 pop1 1.01892 0.99894
2800 pop2 0.99611 0.976578
2900 pop1 1.01825 0.998289
2900 pop2 0.997167 0.977615
3000 pop1 1.01827 0.998304
3000 pop2 0.997095 0.977544
3100 pop1 1.01948 0.999488
3100 pop2 0.998117 0.978546
3200 pop1 1.01952 0.999534
3200 pop2 0.998388 0.978812
3300 pop1 1.01975 0.999751
3300 pop2 0.999753 0.98015
3400 pop1 1.01981 0.999814
3400 pop2 0.999733 0.98013
3500 pop1 1.01982 0.999822
3500 pop2 0.999964 0.980357
3600 pop1 1.01987 0.99987
3600 pop2 0.999864 0.980259
3700 pop1 1.02008 1.00008
3700 pop2 0.999952 0.980345
3800 pop1 1.02009 1.00009
3800 pop2 1.0 0.980392
3900 pop1 1.0201 1.0001
3900 pop2 1.0 0.980392
4000 pop1 1.0201 1.0001
4000 pop2 1.0 0.980392
4100 pop1 1.0201 1.0001
4100 pop2 1.0 0.980392
4200 pop1 1.0201 1.0001
4200 pop2 1.0 0.980392
4300 pop1 1.0201 1.0001
4300 pop2 1.0 0.980392
4400 pop1 1.0201 1.0001
4400 pop2 1.0 0.980392
4500 pop1 1.0201 1.0001
4500 pop2 1.0 0.980392
4600 pop1 1.0201 1.0001
4600 pop2 1.0 0.980392
4700 pop1 1.0201 1.0001
4700 pop2 1.0 0.980392
4800 pop1 1.0201 1.0001
4800 pop2 1.0 0.980392
4900 pop1 1.0201 1.0001
4900 pop2 1.0 0.980392
5000 pop1 1.0201 1.0001
5000 pop2 1.0 0.980392
