1 pop1 1.0 0.980392
1 pop2 1.0 0.980392
100 pop1 1.00077 0.98115
100 pop2 1.00029 0.980678
200 pop1 1.00409 0.984402
200 pop2 0.997271 0.977717
300 pop1 1.00351 0.983837
300 pop2 0.99834 0.978765
400 pop1 1.00282 0.983157
400 pop2 0.997564 0.978004
500 pop1 1.0005 0.980881
500 pop2 1.00148 0.981842
600 pop1 1.00009 0.980477
600 pop2 1.0005 0.980884
700 pop1 0.995979 0.97645
700 pop2 1.00563 0.985912
800 pop1 0.999213 0.979621
800 pop2 1.00186 0.98222
900 pop1 1.00057 0.980947
900 pop2 1.00218 0.982529
1000 pop1 0.999003 0.979415
1000 pop2 1.00354 0.98386
1100 pop1 1.00625 0.986516
1100 pop2 0.994694 0.97519
1200 pop1 1.01327 0.993399
1200 pop2 0.993354 0.973876
1300 pop1 1.01603 0.996106
1300 pop2 0.992172 0.972718
1400 pop1 1.01758 0.997632
1400 pop2 0.991077 0.971644
1500 pop1 1.01766 0.99771
1500 pop2 0.991319 0.971882
1600 pop1 1.01874 0.998761
1600 pop2 0.9911 0.971666
1700 pop1 1.01916 0.999177
1700 pop2 0.992835 0.973368
1800 pop1 1.01996 0.999957
1800 pop2 0.993067 0.973595
1900 pop1 1.01956 0.999568
1900 pop2 0.994255 0.97476
2000 pop1 1.01973 0.999733
2000 pop2 0.994427 0.974928
2100 pop1 1.01984 0.999841
2100 pop2 0.995321 0.975805
2200 pop1 1.01999 0.999991
2200 pop2 0.995819 0.976293
2300 pop1 1.02002 1.00002
2300 pop2 0.996445 0.976907
2400 pop1 1.02011 1.0001
2400 pop2 0.997526 0.977967
2500 pop1 1.0201 1.0001
2500 pop2 0.998871 0.979285
2600 pop1 1.0201 1.0001
2600 pop2 0.99927 0.979676
2700 pop1 1.0201 1.0001
2700 pop2 0.999637 0.980036
2800 pop1 1.0201 1.0001
2800 pop2 0.999409 0.979813
2900 pop1 1.0201 1.0001
2900 pop2 0.99988 0.980275
3000 pop1 1.0201 1.0001
3000 pop2 0.999677 0.980075
3100 pop1 1.0201 1.0001
3100 pop2 0.999856 0.980251
3200 pop1 1.0201 1.0001
3200 pop2 0.999872 0.980267
3300 pop1 1.0201 1.0001
3300 pop2 0.999773 0.980169
3400 pop1 1.0201 1.0001
3400 pop2 0.999928 0.980322
3500 pop1 1.0201 1.0001
3500 pop2 1.0 0.980392
3600 pop1 1.0201 1.0001
3600 pop2 1.0 0.980392
3700 pop1 1.0201 1.0001
3700 pop2 1.0 0.980392
3800 pop1 1.0201 1.0001
3800 pop2 1.0 0.980392
3900 pop1 1.0201 1.0001
3900 pop2 1.0 0.980392
4000 pop1 1.0201 1.0001
4000 pop2 1.0 0.980392
4100 pop1 1.0201 1.0001
4100 pop2 1.0 0.980392
4200 pop1 1.0201 1.0001
4200 pop2 1.0 0.980392
4300 pop1 1.0201 1.0001
4300 pop2 1.0 0.980392
4400 pop1 1.0201 1.0001
4400 pop2 1.0 0.980392
4500 pop1 1.0201 1.0001
4500 pop2 1.0 0.980392
4600 pop1 1.0201 1.0001
4600 pop2 1.0 0.980392
4700 pop1 1.0201 1.0001
4700 pop2 1.0 0.980392
4800 pop1 1.0201 1.0001
4800 pop2 1.0 0.980392
4900 pop1 1.0201 1.0001
4900 pop2 1.0 0.980392
5000 pop1 1.0201 1.0001
5000 pop2 1.0 0.980392
