1 pop1 1.0 0.909091
1 pop2 1.0 0.909091
100 pop1 1.08365 0.985136
100 pop2 1.08457 0.985977
200 pop1 1.08805 0.989132
200 pop2 1.08582 0.987106
300 pop1 1.08238 0.983983
300 pop2 1.08858 0.989618
400 pop1 1.08751 0.988649
400 pop2 1.08127 0.982972
500 pop1 1.08124 0.982944
500 pop2 1.08228 0.983891
600 pop1 1.08182 0.983473
600 pop2 1.08716 0.988326
700 pop1 1.08467 0.986062
700 pop2 1.08318 0.984708
800 pop1 1.08501 0.986369
800 pop2 1.08366 0.985148
900 pop1 1.08647 0.987696
900 pop2 1.08341 0.984919
1000 pop1 1.08346 0.984966
1000 pop2 1.08018 0.981986
1100 pop1 1.09449 0.99499
1100 pop2 0.988966 0.89906
1200 pop1 1.09517 0.99561
1200 pop2 0.987951 0.898137
1300 pop1 1.09622 0.996566
1300 pop2 0.99056 0.900509
1400 pop1 1.09612 0.996471
1400 pop2 0.995834 0.905303
1500 pop1 1.10061 1.00056
1500 pop2 0.998222 0.907475
1600 pop1 1.10232 1.00211
1600 pop2 0.999131 0.908301
1700 pop1 1.10247 1.00224
1700 pop2 1.0 0.909091
1800 pop1 1.1025 1.00227
1800 pop2 1.0 0.909091
1900 pop1 1.1025 1.00227
1900 pop2 1.0 0.909091
2000 pop1 1.1025 1.00227
2000 pop2 1.0 0.909091
2100 pop1 1.1025 1.00227
2100 pop2 1.0 0.909091
2200 pop1 1.1025 1.00227
2200 pop2 1.0 0.909091
2300 pop1 1.1025 1.00227
2300 pop2 1.0 0.909091
2400 pop1 1.1025 1.00227
2400 pop2 1.0 0.909091
2500 pop1 1.1025 1.00227
2500 pop2 1.0 0.909091
2600 pop1 1.1025 1.00227
2600 pop2 1.0 0.909091
2700 pop1 1.1025 1.00227
2700 pop2 1.0 0.909091
2800 pop1 1.1025 1.00227
2800 pop2 1.0 0.909091
2900 pop1 1.1025 1.00227
2900 pop2 1.0 0.909091
3000 pop1 1.1025 1.00227
3000 pop2 1.0 0.909091
3100 pop1 1.1025 1.00227
3100 pop2 1.0 0.909091
3200 pop1 1.1025 1.00227
3200 pop2 1.0 0.909091
3300 pop1 1.1025 1.00227
3300 pop2 1.0 0.909091
3400 pop1 1.1025 1.00227
3400 pop2 1.0 0.909091
3500 pop1 1.1025 1.00227
3500 pop2 1.0 0.909091
3600 pop1 1.1025 1.00227
3600 pop2 1.0 0.909091
3700 pop1 1.1025 1.00227
3700 pop2 1.0 0.909091
3800 pop1 1.1025 1.00227
3800 pop2 1.0 0.909091
3900 pop1 1.1025 1.00227
3900 pop2 1.0 0.909091
4000 pop1 1.1025 1.00227
4000 pop2 1.0 0.909091
4100 pop1 1.1025 1.00227
4100 pop2 1.0 0.909091
4200 pop1 1.1025 1.00227
4200 pop2 1.0 0.909091
4300 pop1 1.1025 1.00227
4300 pop2 1.0 0.909091
4400 pop1 1.1025 1.00227
4400 pop2 1.0 0.909091
4500 pop1 1.1025 1.00227
4500 pop2 1.0 0.909091
4600 pop1 1.1025 1.00227
4600 pop2 1.0 0.909091
4700 pop1 1.1025 1.00227
4700 pop2 1.0 0.909091
4800 pop1 1.1025 1.00227
4800 pop2 1.0 0.909091
4900 pop1 1.1025 1.00227
4900 pop2 1.0 0.909091
5000 pop1 1.1025 1.00227
5000 pop2 1.0 0.909091
