1 pop1 1.0 0.909091
1 pop2 1.0 0.909091
100 pop1 1.01421 0.922013
100 pop2 1.0229 0.929906
200 pop1 1.01256 0.92051
200 pop2 1.01306 0.920968
300 pop1 1.02184 0.928943
300 pop2 1.00668 0.915166
400 pop1 1.01466 0.922416
400 pop2 1.01404 0.92185
500 pop1 1.01501 0.922734
500 pop2 1.01043 0.918575
600 pop1 1.01276 0.920691
600 pop2 1.01614 0.923763
700 pop1 1.0071 0.915548
700 pop2 1.02095 0.928137
800 pop1 1.01555 0.923225
800 pop2 1.01631 0.923917
900 pop1 1.01394 0.921766
900 pop2 1.01482 0.922566
1000 pop1 1.01524 0.922942
1000 pop2 1.01585 0.923502
1100 pop1 1.04894 0.953584
1100 pop2 1.04982 0.954382
1200 pop1 1.03537 0.941249
1200 pop2 1.06595 0.969045
1300 pop1 1.02907 0.935514
1300 pop2 1.07352 0.975923
1400 pop1 1.03404 0.940035
1400 pop2 1.06944 0.97222
1500 pop1 1.02739 0.933987
1500 pop2 1.07414 0.976495
1600 pop1 1.03329 0.939351
1600 pop2 1.06973 0.972478
1700 pop1 1.03409 0.94008
1700 pop2 1.07291 0.975369
1800 pop1 1.03038 0.936705
1800 pop2 1.07722 0.979291
1900 pop1 1.03086 0.937146
1900 pop2 1.07734 0.979402
2000 pop1 1.0352 0.941094
2000 pop2 1.07397 0.976333
2100 pop1 1.04271 0.947918
2100 pop2 1.0667 0.969726
2200 pop1 1.04628 0.951166
2200 pop2 1.06107 0.964607
2300 pop1 1.04616 0.951055
2300 pop2 1.06225 0.965681
2400 pop1 1.05241 0.956739
2400 pop2 1.05916 0.962869
2500 pop1 1.05441 0.958554
2500 pop2 1.05524 0.959309
2600 pop1 1.05092 0.955384
2600 pop2 1.05685 0.960773
2700 pop1 1.06629 0.969358
2700 pop2 1.04715 0.951956
2800 pop1 1.06465 0.967866
2800 pop2 1.04534 0.950306
2900 pop1 1.06733 0.970297
2900 pop2 1.04403 0.949121
3000 pop1 1.0689 0.971723
3000 pop2 1.04231 0.947558
3100 pop1 1.06089 0.964441
3100 pop2 1.04899 0.953623
3200 pop1 1.06551 0.968645
3200 pop2 1.04359 0.948719
3300 pop1 1.06709 0.970081
3300 pop2 1.04419 0.949263
3400 pop1 1.06071 0.964286
3400 pop2 1.05355 0.957775
3500 pop1 1.06081 0.964372
3500 pop2 1.05111 0.955556
3600 pop1 1.05743 0.961303
3600 pop2 1.05474 0.958852
3700 pop1 1.06021 0.96383
3700 pop2 1.04781 0.952553
3800 pop1 1.06272 0.966105
3800 pop2 1.04662 0.951474
3900 pop1 1.06085 0.964412
3900 pop2 1.04918 0.953801
4000 pop1 1.06234 0.965761
4000 pop2 1.05087 0.955333
4100 pop1 1.05137 0.955793
4100 pop2 1.05927 0.962976
4200 pop1 1.05305 0.957314
4200 pop2 1.05966 0.963325
4300 pop1 1.05509 0.959172
4300 pop2 1.05503 0.959116
4400 pop1 1.05655 0.960503
4400 pop2 1.05403 0.958206
4500 pop1 1.06134 0.964858
4500 pop2 1.04848 0.953163
4600 pop1 1.06224 0.965671
4600 pop2 1.04509 0.95008
4700 pop1 1.05856 0.962328
4700 pop2 1.05224 0.956584
4800 pop1 1.05211 0.956462
4800 pop2 1.05983 0.963486
4900 pop1 1.05099 0.95545
4900 pop2 1.0571 0.961001
5000 pop1 1.05156 0.955967
5000 pop2 1.05836 0.962149
