1 pop1 1.0 0.980392
1 pop2 1.0 0.980392
100 pop1 0.999791 0.980187
100 pop2 1.00155 0.981909
200 pop1 0.995626 0.976104
200 pop2 1.00518 0.985466
300 pop1 0.995891 0.976364
300 pop2 1.00601 0.986287
400 pop1 0.99649 0.976951
400 pop2 1.00397 0.984281
500 pop1 0.996253 0.976719
500 pop2 1.0044 0.98471
600 pop1 0.994829 0.975323
600 pop2 1.00561 0.985897
700 pop1 0.994699 0.975195
700 pop2 1.006 0.986275
800 pop1 0.996706 0.977163
800 pop2 1.00456 0.984858
900 pop1 0.995642 0.97612
900 pop2 1.00486 0.985153
1000 pop1 0.99699 0.977442
1000 pop2 1.00354 0.983862
1100 pop1 1.0023 0.982651
1100 pop2 1.00544 0.985726
1200 pop1 1.00448 0.984788
1200 pop2 1.0099 0.990093
1300 pop1 1.00677 0.987033
1300 pop2 1.01083 0.991013
1400 pop1 1.00652 0.986787
1400 pop2 1.0126 0.99274
1500 pop1 1.00577 0.986051
1500 pop2 1.01381 0.993927
1600 pop1 1.00524 0.985527
1600 pop2 1.01482 0.994925
1700 pop1 1.0059 0.986179
1700 pop2 1.01371 0.993836
1800 pop1 1.00558 0.985867
1800 pop2 1.0146 0.994709
1900 pop1 1.00681 0.987069
1900 pop2 1.01349 0.99362
2000 pop1 1.0079 0.988138
2000 pop2 1.01215 0.992303
2100 pop1 1.00792 0.988162
2100 pop2 1.0119 0.992058
2200 pop1 1.00783 0.988066
2200 pop2 1.01184 0.992005
2300 pop1 1.00704 0.987298
2300 pop2 1.0128 0.992943
2400 pop1 1.0071 0.987352
2400 pop2 1.01297 0.993112
2500 pop1 1.00691 0.987168
2500 pop2 1.01328 0.99341
2600 pop1 1.0074 0.987643
2600 pop2 1.01282 0.992964
2700 pop1 1.00723 0.987482
2700 pop2 1.0134 0.993529
2800 pop1 1.00861 0.988834
2800 pop2 1.01193 0.992084
2900 pop1 1.00752 0.987766
2900 pop2 1.01266 0.992805
3000 pop1 1.00883 0.989048
3000 pop2 1.01154 0.991708
3100 pop1 1.00812 0.988348
3100 pop2 1.01237 0.992518
3200 pop1 1.00719 0.987438
3200 pop2 1.01322 0.993353
3300 pop1 1.00839 0.988618
3300 pop2 1.01159 0.991753
3400 pop1 1.00883 0.989049
3400 pop2 1.01199 0.992143
3500 pop1 1.00845 0.988678
3500 pop2 1.0123 0.992451
3600 pop1 1.00827 0.988495
3600 pop2 1.01212 0.992274
3700 pop1 1.0098 0.99
3700 pop2 1.01061 0.990795
3800 pop1 1.01013 0.990321
3800 pop2 1.00999 0.990185
3900 pop1 1.01016 0.990349
3900 pop2 1.0101 0.990291
4000 pop1 1.00978 0.989981
4000 pop2 1.01102 0.991198
4100 pop1 1.01098 0.99116
4100 pop2 1.00942 0.989628
4200 pop1 1.00911 0.989326
4200 pop2 1.01132 0.991489
4300 pop1 1.00703 0.987285
4300 pop2 1.01296 0.993095
4400 pop1 1.00855 0.988776
4400 pop2 1.01192 0.992077
4500 pop1 1.00944 0.989647
4500 pop2 1.01114 0.991311
4600 pop1 1.00971 0.989908
4600 pop2 1.01121 0.991386
4700 pop1 1.00961 0.989814
4700 pop2 1.01067 0.990854
4800 pop1 1.00712 0.987375
4800 pop2 1.01283 0.992968
4900 pop1 1.00899 0.989201
4900 pop2 1.01099 0.991162
5000 pop1 1.01213 0.992285
5000 pop2 1.00836 0.988592
