1 pop1 1.0 0.980392
1 pop2 1.0 0.980392
100 pop1 1.00158 0.981942
100 pop2 1.00191 0.982266
200 pop1 0.999204 0.979612
200 pop2 1.00483 0.985131
300 pop1 1.00103 0.981402
300 pop2 1.00152 0.981881
400 pop1 1.00138 0.981745
400 pop2 1.00141 0.981778
500 pop1 1.00114 0.981511
500 pop2 1.00165 0.982006
600 pop1 1.00199 0.982341
600 pop2 0.998862 0.979276
700 pop1 1.00071 0.981084
700 pop2 1.0019 0.982255
800 pop1 1.00265 0.98299
800 pop2 1.00111 0.981485
900 pop1 1.00482 0.985122
900 pop2 0.999244 0.979651
1000 pop1 1.00467 0.98497
1000 pop2 0.999469 0.979871
1100 pop1 1.01116 0.991329
1100 pop2 0.994938 0.975429
1200 pop1 1.01386 0.993979
1200 pop2 0.993867 0.974379
1300 pop1 1.01627 0.996346
1300 pop2 0.994114 0.974622
1400 pop1 1.0179 0.99794
1400 pop2 0.995249 0.975734
1500 pop1 1.01896 0.998981
1500 pop2 0.994771 0.975266
1600 pop1 1.0197 0.999703
1600 pop2 0.996969 0.977421
1700 pop1 1.02011 1.0001
1700 pop2 0.997455 0.977897
1800 pop1 1.0201 1.0001
1800 pop2 0.998221 0.978648
1900 pop1 1.0201 1.0001
1900 pop2 0.998193 0.978621
2000 pop1 1.0201 1.0001
2000 pop2 0.998819 0.979235
2100 pop1 1.0201 1.0001
2100 pop2 0.999066 0.979477
2200 pop1 1.0201 1.0001
2200 pop2 0.999509 0.979911
2300 pop1 1.0201 1.0001
2300 pop2 0.999709 0.980107
2400 pop1 1.0201 1.0001
2400 pop2 0.999505 0.979907
2500 pop1 1.0201 1.0001
2500 pop2 0.999864 0.980259
2600 pop1 1.0201 1.0001
2600 pop2 1.0 0.980392
2700 pop1 1.0201 1.0001
2700 pop2 1.0 0.980392
2800 pop1 1.0201 1.0001
2800 pop2 1.0 0.980392
2900 pop1 1.0201 1.0001
2900 pop2 1.0 0.980392
3000 pop1 1.0201 1.0001
3000 pop2 1.0 0.980392
3100 pop1 1.0201 1.0001
3100 pop2 1.0 0.980392
3200 pop1 1.0201 1.0001
3200 pop2 1.0 0.980392
3300 pop1 1.0201 1.0001
3300 pop2 1.0 0.980392
3400 pop1 1.0201 1.0001
3400 pop2 1.0 0.980392
3500 pop1 1.0201 1.0001
3500 pop2 1.0 0.980392
3600 pop1 1.0201 1.0001
3600 pop2 1.0 0.980392
3700 pop1 1.0201 1.0001
3700 pop2 1.0 0.980392
3800 pop1 1.0201 1.0001
3800 pop2 1.0 0.980392
3900 pop1 1.0201 1.0001
3900 pop2 1.0 0.980392
4000 pop1 1.0201 1.0001
4000 pop2 1.0 0.980392
4100 pop1 1.0201 1.0001
4100 pop2 1.0 0.980392
4200 pop1 1.0201 1.0001
4200 pop2 1.0 0.980392
4300 pop1 1.0201 1.0001
4300 pop2 1.0 0.980392
4400 pop1 1.0201 1.0001
4400 pop2 1.0 0.980392
4500 pop1 1.0201 1.0001
4500 pop2 1.0 0.980392
4600 pop1 1.0201 1.0001
4600 pop2 1.0 0.980392
4700 pop1 1.0201 1.0001
4700 pop2 1.0 0.980392
4800 pop1 1.0201 1.0001
4800 pop2 1.0 0.980392
4900 pop1 1.0201 1.0001
4900 pop2 1.0 0.980392
5000 pop1 1.0201 1.0001
5000 pop2 1.0 0.980392
