1 pop1 1.0 0.833333
1 pop2 1.0 0.833333
100 pop1 1.19084 0.99237
100 pop2 1.1945 0.995417
200 pop1 1.19145 0.992875
200 pop2 1.18751 0.989593
300 pop1 1.19178 0.99315
300 pop2 1.19336 0.994468
400 pop1 1.18793 0.989946
400 pop2 1.19244 0.993699
500 pop1 1.19269 0.993907
500 pop2 1.19279 0.993989
600 pop1 1.19302 0.994181
600 pop2 1.19219 0.993488
700 pop1 1.18596 0.988303
700 pop2 1.19235 0.993625
800 pop1 1.188 0.990003
800 pop2 1.19257 0.993808
900 pop1 1.19261 0.993841
900 pop2 1.19045 0.992038
1000 pop1 1.19124 0.992698
1000 pop2 1.19262 0.993852
1100 pop1 1.19058 0.992149
1100 pop2 1.18918 0.99098
1200 pop1 1.18974 0.991449
1200 pop2 1.19511 0.995927
1300 pop1 1.19286 0.99405
1300 pop2 1.19126 0.992718
1400 pop1 1.19196 0.993297
1400 pop2 1.18975 0.991456
1500 pop1 1.18851 0.990429
1500 pop2 1.1916 0.993004
1600 pop1 1.1904 0.992002
1600 pop2 1.19293 0.994108
1700 pop1 1.1905 0.992083
1700 pop2 1.19064 0.992197
1800 pop1 1.18787 0.989888
1800 pop2 1.18807 0.990061
1900 pop1 1.18966 0.991385
1900 pop2 1.1885 0.990419
2000 pop1 1.19245 0.993711
2000 pop2 1.1921 0.99342
2100 pop1 1.18837 0.990305
2100 pop2 1.18328 0.986066
2200 pop1 1.18976 0.99147
2200 pop2 1.19273 0.99394
2300 pop1 1.18927 0.991057
2300 pop2 1.19008 0.991737
2400 pop1 1.19436 0.995299
2400 pop2 1.19212 0.993436
2500 pop1 1.18789 0.989909
2500 pop2 1.19515 0.995955
2600 pop1 1.18861 0.990512
2600 pop2 1.19098 0.992483
2700 pop1 1.19173 0.993109
2700 pop2 1.18944 0.9912
2800 pop1 1.18778 0.989817
2800 pop2 1.19087 0.992393
2900 pop1 1.19037 0.991971
2900 pop2 1.19238 0.993652
3000 pop1 1.19343 0.994525
3000 pop2 1.191 0.992496
3100 pop1 1.19147 0.992891
3100 pop2 1.18795 0.989961
3200 pop1 1.18891 0.990758
3200 pop2 1.19173 0.993105
3300 pop1 1.18549 0.987905
3300 pop2 1.19235 0.993624
3400 pop1 1.18976 0.991464
3400 pop2 1.18867 0.99056
3500 pop1 1.19025 0.991876
3500 pop2 1.18809 0.990077
3600 pop1 1.19147 0.992889
3600 pop2 1.19249 0.993743
3700 pop1 1.19177 0.993139
3700 pop2 1.19188 0.993237
3800 pop1 1.18991 0.99159
3800 pop2 1.18884 0.990703
3900 pop1 1.19114 0.992619
3900 pop2 1.19283 0.994027
4000 pop1 1.18891 0.990754
4000 pop2 1.188 0.990001
4100 pop1 1.18857 0.990478
4100 pop2 1.19297 0.994144
4200 pop1 1.19074 0.992284
4200 pop2 1.19004 0.991699
4300 pop1 1.18868 0.990568
4300 pop2 1.18991 0.991593
4400 pop1 1.18937 0.991144
4400 pop2 1.18804 0.990029
4500 pop1 1.19067 0.992225
4500 pop2 1.18657 0.988808
4600 pop1 1.18926 0.991048
4600 pop2 1.18803 0.990025
4700 pop1 1.19034 0.991946
4700 pop2 1.19522 0.996018
4800 pop1 1.19316 0.994298
4800 pop2 1.18778 0.989813
4900 pop1 1.19181 0.993174
4900 pop2 1.19216 0.993466
5000 pop1 1.19142 0.992848
5000 pop2 1.19216 0.993465
