1 pop1 1.0 0.980392
1 pop2 1.0 0.980392
100 pop1 1.00668 0.98694
100 pop2 1.00696 0.987216
200 pop1 1.00786 0.988096
200 pop2 1.00863 0.988856
300 pop1 1.00838 0.988608
300 pop2 1.0062 0.986474
400 pop1 1.00838 0.988606
400 pop2 1.00951 0.989714
500 pop1 1.00875 0.988974
500 pop2 1.0079 0.988133
600 pop1 1.00944 0.989647
600 pop2 1.00622 0.98649
700 pop1 1.01036 0.990544
700 pop2 1.00789 0.988126
800 pop1 1.00735 0.987597
800 pop2 1.00773 0.987968
900 pop1 1.00417 0.984484
900 pop2 1.0098 0.989997
1000 pop1 1.00848 0.988702
1000 pop2 1.00891 0.989128
1100 pop1 1.01255 0.992698
1100 pop2 0.99704 0.97749
1200 pop1 1.01513 0.995222
1200 pop2 0.996857 0.977311
1300 pop1 1.01628 0.99635
1300 pop2 0.996689 0.977146
1400 pop1 1.01691 0.996974
1400 pop2 0.996298 0.976763
1500 pop1 1.01768 0.997723
1500 pop2 0.997016 0.977466
1600 pop1 1.01769 0.997739
1600 pop2 0.996429 0.976891
1700 pop1 1.01788 0.99792
1700 pop2 0.996612 0.977071
1800 pop1 1.01915 0.99917
1800 pop2 0.996221 0.976688
1900 pop1 1.01864 0.998664
1900 pop2 0.995563 0.976042
2000 pop1 1.019 0.99902
2000 pop2 0.995531 0.976011
2100 pop1 1.01898 0.998996
2100 pop2 0.995659 0.976136
2200 pop1 1.01999 0.999991
2200 pop2 0.995168 0.975655
2300 pop1 1.01996 0.99996
2300 pop2 0.995687 0.976164
2400 pop1 1.02002 1.00002
2400 pop2 0.995316 0.9758
2500 pop1 1.02002 1.00002
2500 pop2 0.995024 0.975514
2600 pop1 1.02011 1.00011
2600 pop2 0.995076 0.975565
2700 pop1 1.02011 1.00011
2700 pop2 0.99514 0.975628
2800 pop1 1.02011 1.00011
2800 pop2 0.994993 0.975483
2900 pop1 1.02011 1.00011
2900 pop2 0.994929 0.97542
3000 pop1 1.02011 1.00011
3000 pop2 0.995104 0.975592
3100 pop1 1.02011 1.00011
3100 pop2 0.995196 0.975682
3200 pop1 1.02011 1.00011
3200 pop2 0.996026 0.976496
3300 pop1 1.02011 1.00011
3300 pop2 0.996034 0.976504
3400 pop1 1.02011 1.00011
3400 pop2 0.996948 0.9774
3500 pop1 1.02011 1.00011
3500 pop2 0.996948 0.9774
3600 pop1 1.02011 1.00011
3600 pop2 0.996916 0.977368
3700 pop1 1.02011 1.00011
3700 pop2 0.997682 0.978119
3800 pop1 1.02011 1.00011
3800 pop2 0.99856 0.97898
3900 pop1 1.0201 1.0001
3900 pop2 0.99921 0.979618
4000 pop1 1.0201 1.0001
4000 pop2 0.999812 0.980208
4100 pop1 1.0201 1.0001
4100 pop2 0.999537 0.979938
4200 pop1 1.0201 1.0001
4200 pop2 0.999322 0.979727
4300 pop1 1.0201 1.0001
4300 pop2 0.999988 0.98038
4400 pop1 1.0201 1.0001
4400 pop2 1.0 0.980392
4500 pop1 1.0201 1.0001
4500 pop2 1.0 0.980392
4600 pop1 1.0201 1.0001
4600 pop2 1.0 0.980392
4700 pop1 1.0201 1.0001
4700 pop2 1.0 0.980392
4800 pop1 1.0201 1.0001
4800 pop2 1.0 0.980392
4900 pop1 1.0201 1.0001
4900 pop2 1.0 0.980392
5000 pop1 1.0201 1.0001
5000 pop2 1.0 0.980392
