1 pop1 1.0 0.980392
1 pop2 1.0 0.980392
100 pop1 1.00247 0.982814
100 pop2 1.00081 0.981185
200 pop1 1.00293 0.983261
200 pop2 1.00015 0.98054
300 pop1 1.00227 0.982617
300 pop2 0.999841 0.980237
400 pop1 1.00255 0.982896
400 pop2 1.00123 0.981602
500 pop1 1.00506 0.985352
500 pop2 0.998918 0.979331
600 pop1 1.0076 0.987842
600 pop2 0.995835 0.976309
700 pop1 1.00804 0.988273
700 pop2 0.996054 0.976524
800 pop1 1.00384 0.984156
800 pop2 0.99845 0.978873
900 pop1 1.00123 0.981596
900 pop2 1.00278 0.98312
1000 pop1 1.00096 0.981337
1000 pop2 1.00252 0.982859
1100 pop1 1.00884 0.989061
1100 pop2 0.996151 0.976619
1200 pop1 1.01509 0.99519
1200 pop2 0.996155 0.976622
1300 pop1 1.01685 0.996911
1300 pop2 0.995619 0.976097
1400 pop1 1.01785 0.997889
1400 pop2 0.99617 0.976637
1500 pop1 1.01823 0.998267
1500 pop2 0.996429 0.976891
1600 pop1 1.01888 0.998906
1600 pop2 0.996796 0.977251
1700 pop1 1.01919 0.999204
1700 pop2 0.997594 0.978033
1800 pop1 1.01947 0.999477
1800 pop2 0.998719 0.979136
1900 pop1 1.02008 1.00008
1900 pop2 0.998428 0.978851
2000 pop1 1.0201 1.0001
2000 pop2 0.998783 0.979199
2100 pop1 1.0201 1.0001
2100 pop2 0.999098 0.979508
2200 pop1 1.0201 1.0001
2200 pop2 0.999509 0.979911
2300 pop1 1.0201 1.0001
2300 pop2 0.999693 0.980091
2400 pop1 1.0201 1.0001
2400 pop2 0.999457 0.97986
2500 pop1 1.0201 1.0001
2500 pop2 0.999836 0.980232
2600 pop1 1.0201 1.0001
2600 pop2 0.999793 0.980189
2700 pop1 1.0201 1.0001
2700 pop2 1.0 0.980392
2800 pop1 1.0201 1.0001
2800 pop2 1.0 0.980392
2900 pop1 1.0201 1.0001
2900 pop2 1.0 0.980392
3000 pop1 1.0201 1.0001
3000 pop2 1.0 0.980392
3100 pop1 1.0201 1.0001
3100 pop2 1.0 0.980392
3200 pop1 1.0201 1.0001
3200 pop2 1.0 0.980392
3300 pop1 1.0201 1.0001
3300 pop2 1.0 0.980392
3400 pop1 1.0201 1.0001
3400 pop2 1.0 0.980392
3500 pop1 1.0201 1.0001
3500 pop2 1.0 0.980392
3600 pop1 1.0201 1.0001
3600 pop2 1.0 0.980392
3700 pop1 1.0201 1.0001
3700 pop2 1.0 0.980392
3800 pop1 1.0201 1.0001
3800 pop2 1.0 0.980392
3900 pop1 1.0201 1.0001
3900 pop2 1.0 0.980392
4000 pop1 1.0201 1.0001
4000 pop2 1.0 0.980392
4100 pop1 1.0201 1.0001
4100 pop2 1.0 0.980392
4200 pop1 1.0201 1.0001
4200 pop2 1.0 0.980392
4300 pop1 1.0201 1.0001
4300 pop2 1.0 0.980392
4400 pop1 1.0201 1.0001
4400 pop2 1.0 0.980392
4500 pop1 1.0201 1.0001
4500 pop2 1.0 0.980392
4600 pop1 1.0201 1.0001
4600 pop2 1.0 0.980392
4700 pop1 1.0201 1.0001
4700 pop2 1.0 0.980392
4800 pop1 1.0201 1.0001
4800 pop2 1.0 0.980392
4900 pop1 1.0201 1.0001
4900 pop2 1.0 0.980392
5000 pop1 1.0201 1.0001
5000 pop2 1.0 0.980392
