1 pop1 1.0 0.909091
1 pop2 1.0 0.909091
100 pop1 1.01985 0.927135
100 pop2 1.01074 0.918853
200 pop1 1.01085 0.918952
200 pop2 1.01732 0.92484
300 pop1 1.01547 0.923159
300 pop2 1.00709 0.915538
400 pop1 1.01932 0.926651
400 pop2 1.01135 0.919411
500 pop1 1.01308 0.920978
500 pop2 1.01594 0.92358
600 pop1 1.01489 0.922624
600 pop2 1.01326 0.921148
700 pop1 1.0196 0.926909
700 pop2 1.01821 0.925647
800 pop1 1.02044 0.927675
800 pop2 1.00792 0.916289
900 pop1 1.01305 0.920958
900 pop2 1.01942 0.926747
1000 pop1 1.01346 0.921324
1000 pop2 1.01394 0.921764
1100 pop1 1.04782 0.95256
1100 pop2 1.04797 0.952699
1200 pop1 1.03506 0.940963
1200 pop2 1.07138 0.973985
1300 pop1 1.03018 0.936526
1300 pop2 1.0716 0.974179
1400 pop1 1.02911 0.935552
1400 pop2 1.07673 0.978842
1500 pop1 1.03093 0.937205
1500 pop2 1.0762 0.978362
1600 pop1 1.03881 0.94437
1600 pop2 1.06692 0.96993
1700 pop1 1.04441 0.949466
1700 pop2 1.0634 0.966724
1800 pop1 1.04431 0.949372
1800 pop2 1.06579 0.968904
1900 pop1 1.04849 0.953177
1900 pop2 1.063 0.96636
2000 pop1 1.05532 0.959379
2000 pop2 1.05467 0.958795
2100 pop1 1.05512 0.959201
2100 pop2 1.05447 0.958607
2200 pop1 1.05872 0.962475
2200 pop2 1.05268 0.956985
2300 pop1 1.04942 0.954019
2300 pop2 1.06239 0.965811
2400 pop1 1.05033 0.954845
2400 pop2 1.06392 0.967196
2500 pop1 1.05678 0.96071
2500 pop2 1.05687 0.960791
2600 pop1 1.05887 0.962606
2600 pop2 1.05266 0.956966
2700 pop1 1.06558 0.968713
2700 pop2 1.04635 0.951231
2800 pop1 1.06371 0.967007
2800 pop2 1.04776 0.95251
2900 pop1 1.06579 0.968897
2900 pop2 1.04582 0.950747
3000 pop1 1.05316 0.957418
3000 pop2 1.05646 0.960422
3100 pop1 1.04686 0.951693
3100 pop2 1.06352 0.96684
3200 pop1 1.05659 0.960535
3200 pop2 1.0556 0.959637
3300 pop1 1.05996 0.963603
3300 pop2 1.05086 0.955324
3400 pop1 1.05944 0.963124
3400 pop2 1.04995 0.954504
3500 pop1 1.05916 0.962874
3500 pop2 1.05028 0.954803
3600 pop1 1.06412 0.967386
3600 pop2 1.04789 0.952627
3700 pop1 1.06204 0.965494
3700 pop2 1.04837 0.953064
3800 pop1 1.06126 0.964785
3800 pop2 1.0502 0.954727
3900 pop1 1.06433 0.967572
3900 pop2 1.04677 0.951609
4000 pop1 1.06164 0.965124
4000 pop2 1.04727 0.952066
4100 pop1 1.06326 0.966601
4100 pop2 1.04572 0.95065
4200 pop1 1.05818 0.961984
4200 pop2 1.04973 0.9543
4300 pop1 1.05842 0.9622
4300 pop2 1.05308 0.957341
4400 pop1 1.06136 0.964874
4400 pop2 1.0503 0.954816
4500 pop1 1.06531 0.968462
4500 pop2 1.04715 0.951952
4600 pop1 1.05629 0.960268
4600 pop2 1.0563 0.960268
4700 pop1 1.05622 0.960203
4700 pop2 1.0565 0.960456
4800 pop1 1.05969 0.963354
4800 pop2 1.05018 0.954707
4900 pop1 1.06053 0.964115
4900 pop2 1.0538 0.957996
5000 pop1 1.06269 0.966078
5000 pop2 1.04694 0.951763
