1 pop1 1.0 0.833333
1 pop2 1.0 0.833333
100 pop1 1.12478 0.937316
100 pop2 1.12117 0.934305
200 pop1 1.13197 0.943305
200 pop2 1.12878 0.940649
300 pop1 1.11863 0.932195
300 pop2 1.12616 0.938468
400 pop1 1.13219 0.943493
400 pop2 1.11793 0.931609
500 pop1 1.13348 0.94457
500 pop2 1.12371 0.936424
600 pop1 1.12183 0.934857
600 pop2 1.11578 0.929813
700 pop1 1.12438 0.936985
700 pop2 1.12565 0.938044
800 pop1 1.12391 0.93659
800 pop2 1.12618 0.93848
900 pop1 1.12387 0.936556
900 pop2 1.11584 0.92987
1000 pop1 1.12828 0.94023
1000 pop2 1.12565 0.93804
1100 pop1 1.14474 0.953953
1100 pop2 1.144 0.953335
1200 pop1 1.13384 0.944863
1200 pop2 1.1471 0.955919
1300 pop1 1.13266 0.94388
1300 pop2 1.14624 0.955201
1400 pop1 1.12365 0.936376
1400 pop2 1.15215 0.960126
1500 pop1 1.13298 0.944153
1500 pop2 1.14679 0.95566
1600 pop1 1.14072 0.9506
1600 pop2 1.14576 0.9548
1700 pop1 1.13781 0.948173
1700 pop2 1.14468 0.953901
1800 pop1 1.14761 0.956343
1800 pop2 1.1369 0.947414
1900 pop1 1.14548 0.954568
1900 pop2 1.14183 0.951524
2000 pop1 1.13724 0.947699
2000 pop2 1.1407 0.95058
2100 pop1 1.14233 0.951945
2100 pop2 1.13641 0.947012
2200 pop1 1.13836 0.948637
2200 pop2 1.14577 0.954805
2300 pop1 1.14566 0.954715
2300 pop2 1.14787 0.956554
2400 pop1 1.14514 0.954287
2400 pop2 1.13819 0.948489
2500 pop1 1.14717 0.955976
2500 pop2 1.14348 0.952903
2600 pop1 1.14662 0.955514
2600 pop2 1.14345 0.952874
2700 pop1 1.14394 0.953282
2700 pop2 1.13586 0.946547
2800 pop1 1.14627 0.955223
2800 pop2 1.1455 0.954581
2900 pop1 1.14452 0.953769
2900 pop2 1.14593 0.954941
3000 pop1 1.13767 0.948062
3000 pop2 1.15112 0.959265
3100 pop1 1.14187 0.951558
3100 pop2 1.14121 0.951011
3200 pop1 1.14724 0.956036
3200 pop2 1.14084 0.950699
3300 pop1 1.13598 0.94665
3300 pop2 1.14751 0.956257
3400 pop1 1.1476 0.956331
3400 pop2 1.14004 0.950037
3500 pop1 1.14243 0.952023
3500 pop2 1.14259 0.952162
3600 pop1 1.14419 0.953492
3600 pop2 1.13979 0.949823
3700 pop1 1.14005 0.950043
3700 pop2 1.144 0.953331
3800 pop1 1.14636 0.955301
3800 pop2 1.14115 0.950958
3900 pop1 1.1447 0.953915
3900 pop2 1.13873 0.948941
4000 pop1 1.14097 0.950806
4000 pop2 1.13653 0.947105
4100 pop1 1.14342 0.952848
4100 pop2 1.14172 0.951434
4200 pop1 1.14333 0.952777
4200 pop2 1.1444 0.953666
4300 pop1 1.14697 0.955812
4300 pop2 1.13638 0.946982
4400 pop1 1.14476 0.953963
4400 pop2 1.14219 0.951823
4500 pop1 1.14302 0.952519
4500 pop2 1.13721 0.947677
4600 pop1 1.14046 0.950385
4600 pop2 1.13491 0.945756
4700 pop1 1.14321 0.952676
4700 pop2 1.14143 0.951188
4800 pop1 1.14006 0.950054
4800 pop2 1.14382 0.953182
4900 pop1 1.14533 0.954445
4900 pop2 1.13761 0.948012
5000 pop1 1.14476 0.953963
5000 pop2 1.13969 0.949744
