1 pop1 1.0 0.833333
1 pop2 1.0 0.833333
100 pop1 1.13026 0.94188
100 pop2 1.12081 0.934009
200 pop1 1.12235 0.93529
200 pop2 1.12234 0.935287
300 pop1 1.13222 0.943513
300 pop2 1.11799 0.931656
400 pop1 1.12479 0.937328
400 pop2 1.1278 0.939835
500 pop1 1.12772 0.939763
500 pop2 1.12131 0.934428
600 pop1 1.12285 0.935707
600 pop2 1.12327 0.936055
700 pop1 1.12113 0.934278
700 pop2 1.1174 0.931166
800 pop1 1.12269 0.935571
800 pop2 1.11952 0.932936
900 pop1 1.12106 0.93422
900 pop2 1.12981 0.941509
1000 pop1 1.12957 0.941307
1000 pop2 1.12189 0.93491
1100 pop1 1.14167 0.951393
1100 pop2 1.14691 0.95576
1200 pop1 1.13838 0.94865
1200 pop2 1.14671 0.955588
1300 pop1 1.13711 0.947589
1300 pop2 1.14737 0.956143
1400 pop1 1.14526 0.954385
1400 pop2 1.13423 0.945195
1500 pop1 1.14411 0.953425
1500 pop2 1.1449 0.954087
1600 pop1 1.14483 0.954021
1600 pop2 1.13709 0.947577
1700 pop1 1.13585 0.946542
1700 pop2 1.14529 0.954407
1800 pop1 1.15149 0.959571
1800 pop2 1.137 0.947502
1900 pop1 1.14185 0.95154
1900 pop2 1.13955 0.949627
2000 pop1 1.14794 0.956621
2000 pop2 1.13575 0.946455
2100 pop1 1.14217 0.951805
2100 pop2 1.14523 0.95436
2200 pop1 1.13833 0.948612
2200 pop2 1.14963 0.958025
2300 pop1 1.14513 0.954272
2300 pop2 1.13972 0.949767
2400 pop1 1.14832 0.956936
2400 pop2 1.14113 0.950941
2500 pop1 1.14043 0.95036
2500 pop2 1.14698 0.955819
2600 pop1 1.14198 0.951649
2600 pop2 1.14573 0.954773
2700 pop1 1.15156 0.959634
2700 pop2 1.13494 0.945783
2800 pop1 1.14058 0.950483
2800 pop2 1.14571 0.954761
2900 pop1 1.14781 0.956505
2900 pop2 1.13852 0.948764
3000 pop1 1.1375 0.947917
3000 pop2 1.14978 0.958146
3100 pop1 1.15183 0.95986
3100 pop2 1.14022 0.950182
3200 pop1 1.13666 0.947216
3200 pop2 1.1453 0.954415
3300 pop1 1.14196 0.951631
3300 pop2 1.1456 0.954667
3400 pop1 1.13411 0.945091
3400 pop2 1.14282 0.952351
3500 pop1 1.14875 0.957292
3500 pop2 1.14108 0.950902
3600 pop1 1.13866 0.948885
3600 pop2 1.13926 0.949385
3700 pop1 1.14577 0.95481
3700 pop2 1.13999 0.949993
3800 pop1 1.14509 0.954238
3800 pop2 1.14168 0.951399
3900 pop1 1.13295 0.944125
3900 pop2 1.14914 0.957617
4000 pop1 1.13837 0.948641
4000 pop2 1.14573 0.954773
4100 pop1 1.148 0.956667
4100 pop2 1.13637 0.946976
4200 pop1 1.14322 0.952681
4200 pop2 1.14075 0.950629
4300 pop1 1.13987 0.949894
4300 pop2 1.13752 0.947932
4400 pop1 1.14324 0.952696
4400 pop2 1.13698 0.947485
4500 pop1 1.14571 0.954755
4500 pop2 1.14189 0.951577
4600 pop1 1.14347 0.952889
4600 pop2 1.13863 0.948856
4700 pop1 1.14763 0.956358
4700 pop2 1.13451 0.945427
4800 pop1 1.14674 0.95562
4800 pop2 1.13735 0.947793
4900 pop1 1.14682 0.95568
4900 pop2 1.14268 0.952232
5000 pop1 1.14237 0.951971
5000 pop2 1.13785 0.94821
