1 pop1 1.0 0.833333
1 pop2 1.0 0.833333
100 pop1 1.19002 0.991681
100 pop2 1.18914 0.990952
200 pop1 1.19073 0.992277
200 pop2 1.19129 0.992744
300 pop1 1.19001 0.991676
300 pop2 1.18984 0.991531
400 pop1 1.19136 0.992797
400 pop2 1.19252 0.993764
500 pop1 1.19052 0.992097
500 pop2 1.18577 0.988143
600 pop1 1.18991 0.991588
600 pop2 1.19296 0.994134
700 pop1 1.18847 0.990393
700 pop2 1.18903 0.990862
800 pop1 1.19198 0.993313
800 pop2 1.19203 0.993362
900 pop1 1.19024 0.991864
900 pop2 1.19099 0.992495
1000 pop1 1.18932 0.991103
1000 pop2 1.18904 0.990866
1100 pop1 1.19301 0.994173
1100 pop2 1.18992 0.991596
1200 pop1 1.18976 0.991469
1200 pop2 1.19243 0.993689
1300 pop1 1.1887 0.990583
1300 pop2 1.19319 0.994321
1400 pop1 1.19218 0.993483
1400 pop2 1.19426 0.995213
1500 pop1 1.18579 0.988158
1500 pop2 1.186 0.988329
1600 pop1 1.18806 0.99005
1600 pop2 1.18813 0.990107
1700 pop1 1.18808 0.990064
1700 pop2 1.1893 0.991081
1800 pop1 1.18751 0.989595
1800 pop2 1.18963 0.99136
1900 pop1 1.1886 0.990503
1900 pop2 1.19459 0.995488
2000 pop1 1.19051 0.992093
2000 pop2 1.18922 0.99102
2100 pop1 1.19021 0.991845
2100 pop2 1.19063 0.992192
2200 pop1 1.18773 0.989772
2200 pop2 1.19343 0.994524
2300 pop1 1.18994 0.991619
2300 pop2 1.19107 0.992556
2400 pop1 1.18748 0.98957
2400 pop2 1.1948 0.995665
2500 pop1 1.19083 0.992361
2500 pop2 1.19342 0.994516
2600 pop1 1.19381 0.994839
2600 pop2 1.1907 0.992249
2700 pop1 1.19643 0.997029
2700 pop2 1.18918 0.990982
2800 pop1 1.18821 0.990175
2800 pop2 1.19137 0.992812
2900 pop1 1.18838 0.990317
2900 pop2 1.18999 0.991662
3000 pop1 1.19194 0.993285
3000 pop2 1.19284 0.994032
3100 pop1 1.18882 0.990685
3100 pop2 1.19053 0.992109
3200 pop1 1.19234 0.993614
3200 pop2 1.19578 0.996481
3300 pop1 1.1919 0.993249
3300 pop2 1.18946 0.991214
3400 pop1 1.19174 0.993119
3400 pop2 1.19498 0.99582
3500 pop1 1.18778 0.989819
3500 pop2 1.19377 0.994806
3600 pop1 1.19368 0.994733
3600 pop2 1.19156 0.992965
3700 pop1 1.18907 0.990889
3700 pop2 1.18959 0.991325
3800 pop1 1.19304 0.994201
3800 pop2 1.19185 0.993206
3900 pop1 1.19115 0.992625
3900 pop2 1.18987 0.991556
4000 pop1 1.19349 0.994572
4000 pop2 1.19041 0.992007
4100 pop1 1.19127 0.992729
4100 pop2 1.19066 0.992215
4200 pop1 1.18457 0.987144
4200 pop2 1.1931 0.994253
4300 pop1 1.1904 0.991998
4300 pop2 1.1906 0.992166
4400 pop1 1.19306 0.994218
4400 pop2 1.1921 0.993413
4500 pop1 1.19177 0.993142
4500 pop2 1.19248 0.993736
4600 pop1 1.19177 0.99314
4600 pop2 1.18836 0.990297
4700 pop1 1.1879 0.989918
4700 pop2 1.19055 0.992127
4800 pop1 1.19415 0.995124
4800 pop2 1.19298 0.994147
4900 pop1 1.18889 0.990743
4900 pop2 1.19038 0.99198
5000 pop1 1.19143 0.992857
5000 pop2 1.18957 0.991306
