1 pop1 1.0 0.980392
1 pop2 1.0 0.980392
100 pop1 1.00548 0.985764
100 pop2 1.00497 0.985266
200 pop1 1.00428 0.984587
200 pop2 1.00693 0.987187
300 pop1 1.00548 0.985765
300 pop2 1.00711 0.987358
400 pop1 1.00184 0.982196
400 pop2 1.00721 0.987457
500 pop1 1.00145 0.981811
500 pop2 1.00797 0.988205
600 pop1 1.00173 0.982093
600 pop2 1.00762 0.98786
700 pop1 1.0022 0.982546
700 pop2 1.00474 0.985041
800 pop1 1.00291 0.983242
800 pop2 1.00567 0.985953
900 pop1 1.00559 0.985877
900 pop2 1.0042 0.98451
1000 pop1 1.00581 0.986084
1000 pop2 1.00447 0.98477
1100 pop1 1.00865 0.988868
1100 pop2 1.00664 0.986898
1200 pop1 1.01116 0.991333
1200 pop2 1.00701 0.987268
1300 pop1 1.01122 0.991395
1300 pop2 1.00796 0.9882
1400 pop1 1.01174 0.991903
1400 pop2 1.01048 0.99067
1500 pop1 1.01099 0.99117
1500 pop2 1.01061 0.990792
1600 pop1 1.01112 0.991297
1600 pop2 1.01181 0.991972
1700 pop1 1.00966 0.989865
1700 pop2 1.01279 0.992934
1800 pop1 1.01028 0.990471
1800 pop2 1.01238 0.992528
1900 pop1 1.01139 0.99156
1900 pop2 1.01157 0.991731
2000 pop1 1.0118 0.991965
2000 pop2 1.01255 0.992692
2100 pop1 1.01142 0.991592
2100 pop2 1.01154 0.991702
2200 pop1 1.01243 0.992582
2200 pop2 1.01027 0.990463
2300 pop1 1.01339 0.993522
2300 pop2 1.01011 0.990301
2400 pop1 1.01367 0.993794
2400 pop2 1.01207 0.992225
2500 pop1 1.01316 0.993294
2500 pop2 1.01089 0.991069
2600 pop1 1.01354 0.993665
2600 pop2 1.01025 0.990445
2700 pop1 1.01289 0.993028
2700 pop2 1.0108 0.990982
2800 pop1 1.01187 0.992028
2800 pop2 1.01216 0.992311
2900 pop1 1.01198 0.992141
2900 pop2 1.01212 0.992274
3000 pop1 1.0108 0.990978
3000 pop2 1.01502 0.99512
3100 pop1 1.00949 0.989699
3100 pop2 1.01286 0.993
3200 pop1 1.00978 0.989977
3200 pop2 1.01352 0.993651
3300 pop1 1.00892 0.989134
3300 pop2 1.01452 0.994629
3400 pop1 1.00957 0.989775
3400 pop2 1.01486 0.994959
3500 pop1 1.00994 0.990138
3500 pop2 1.01532 0.995411
3600 pop1 1.00891 0.989124
3600 pop2 1.01517 0.995261
3700 pop1 1.00991 0.990106
3700 pop2 1.01429 0.994406
3800 pop1 1.0101 0.990293
3800 pop2 1.01486 0.994961
3900 pop1 1.01143 0.991601
3900 pop2 1.01289 0.993026
4000 pop1 1.01166 0.991826
4000 pop2 1.01224 0.992394
4100 pop1 1.01115 0.991324
4100 pop2 1.01301 0.993149
4200 pop1 1.01142 0.991589
4200 pop2 1.01261 0.992756
4300 pop1 1.01159 0.991756
4300 pop2 1.01218 0.992333
4400 pop1 1.01248 0.992623
4400 pop2 1.01333 0.993462
4500 pop1 1.0108 0.99098
4500 pop2 1.01336 0.993489
4600 pop1 1.01138 0.991551
4600 pop2 1.01381 0.993931
4700 pop1 1.01208 0.992236
4700 pop2 1.01322 0.993354
4800 pop1 1.00972 0.989926
4800 pop2 1.01372 0.993848
4900 pop1 1.01223 0.992378
4900 pop2 1.01354 0.993665
5000 pop1 1.01238 0.992529
5000 pop2 1.01245 0.992593
