1 pop1 1.0 0.909091
1 pop2 1.0 0.909091
100 pop1 1.03718 0.942891
100 pop2 1.0347 0.940637
200 pop1 1.03337 0.939425
200 pop2 1.0404 0.945814
300 pop1 1.03913 0.94466
300 pop2 1.03484 0.940761
400 pop1 1.03146 0.937693
400 pop2 1.03828 0.943888
500 pop1 1.03664 0.942398
500 pop2 1.03458 0.940523
600 pop1 1.03294 0.939033
600 pop2 1.03498 0.940888
700 pop1 1.0392 0.944725
700 pop2 1.0299 0.936271
800 pop1 1.03797 0.943612
800 pop2 1.02973 0.936123
900 pop1 1.03847 0.944067
900 pop2 1.02579 0.932538
1000 pop1 1.03462 0.940567
1000 pop2 1.0351 0.941002
1100 pop1 1.06463 0.967845
1100 pop2 1.04707 0.951878
1200 pop1 1.05259 0.956903
1200 pop2 1.06083 0.964388
1300 pop1 1.04981 0.954374
1300 pop2 1.06564 0.968767
1400 pop1 1.05883 0.962576
1400 pop2 1.06105 0.964587
1500 pop1 1.05211 0.956466
1500 pop2 1.06693 0.969933
1600 pop1 1.04761 0.95237
1600 pop2 1.07136 0.973965
1700 pop1 1.05001 0.954551
1700 pop2 1.06598 0.969074
1800 pop1 1.05562 0.959654
1800 pop2 1.06689 0.969898
1900 pop1 1.05761 0.961468
1900 pop2 1.06221 0.965648
2000 pop1 1.05573 0.959759
2000 pop2 1.06965 0.972409
2100 pop1 1.05669 0.960628
2100 pop2 1.06607 0.969154
2200 pop1 1.04954 0.954123
2200 pop2 1.07269 0.975177
2300 pop1 1.05569 0.959716
2300 pop2 1.06594 0.969036
2400 pop1 1.05732 0.961201
2400 pop2 1.06417 0.967427
2500 pop1 1.06334 0.966673
2500 pop2 1.06163 0.965116
2600 pop1 1.06213 0.96557
2600 pop2 1.05954 0.96322
2700 pop1 1.06151 0.965011
2700 pop2 1.06068 0.964255
2800 pop1 1.06632 0.969381
2800 pop2 1.05568 0.959708
2900 pop1 1.06667 0.969703
2900 pop2 1.06092 0.964469
3000 pop1 1.06633 0.969387
3000 pop2 1.05753 0.96139
3100 pop1 1.06091 0.964459
3100 pop2 1.05704 0.960948
3200 pop1 1.06475 0.967953
3200 pop2 1.05719 0.961085
3300 pop1 1.06427 0.967517
3300 pop2 1.05651 0.960462
3400 pop1 1.06686 0.969873
3400 pop2 1.05552 0.959565
3500 pop1 1.06921 0.972012
3500 pop2 1.04974 0.954313
3600 pop1 1.07359 0.975987
3600 pop2 1.05072 0.955203
3700 pop1 1.0662 0.969276
3700 pop2 1.05131 0.955736
3800 pop1 1.06745 0.97041
3800 pop2 1.05327 0.957514
3900 pop1 1.06358 0.96689
3900 pop2 1.06026 0.96387
4000 pop1 1.06271 0.966102
4000 pop2 1.05725 0.96114
4100 pop1 1.06595 0.969043
4100 pop2 1.06019 0.963807
4200 pop1 1.06165 0.96514
4200 pop2 1.05821 0.96201
4300 pop1 1.06348 0.966802
4300 pop2 1.06154 0.965035
4400 pop1 1.04878 0.953435
4400 pop2 1.06647 0.969521
4500 pop1 1.05949 0.963174
4500 pop2 1.06527 0.968423
4600 pop1 1.06491 0.968099
4600 pop2 1.05555 0.959588
4700 pop1 1.06611 0.969192
4700 pop2 1.0551 0.959179
4800 pop1 1.05701 0.960917
4800 pop2 1.06658 0.96962
4900 pop1 1.06393 0.967211
4900 pop2 1.05815 0.961952
5000 pop1 1.06516 0.968331
5000 pop2 1.0553 0.959363
