1 pop1 1.0 0.833333
1 pop2 1.0 0.833333
100 pop1 1.12538 0.937813
100 pop2 1.13044 0.942032
200 pop1 1.11445 0.92871
200 pop2 1.12903 0.940857
300 pop1 1.11695 0.93079
300 pop2 1.11577 0.929807
400 pop1 1.12582 0.938187
400 pop2 1.13313 0.944276
500 pop1 1.12964 0.941363
500 pop2 1.11708 0.930896
600 pop1 1.12813 0.940106
600 pop2 1.11769 0.93141
700 pop1 1.12219 0.935159
700 pop2 1.12938 0.941152
800 pop1 1.12028 0.933567
800 pop2 1.12631 0.938595
900 pop1 1.12488 0.937398
900 pop2 1.12407 0.936727
1000 pop1 1.12776 0.939796
1000 pop2 1.11723 0.931027
1100 pop1 1.13908 0.949232
1100 pop2 1.15056 0.958796
1200 pop1 1.14198 0.951651
1200 pop2 1.14433 0.953611
1300 pop1 1.13522 0.94602
1300 pop2 1.14305 0.952538
1400 pop1 1.13671 0.947262
1400 pop2 1.14741 0.956175
1500 pop1 1.13984 0.949863
1500 pop2 1.14793 0.956606
1600 pop1 1.13728 0.947734
1600 pop2 1.14354 0.952953
1700 pop1 1.13777 0.948138
1700 pop2 1.15099 0.959162
1800 pop1 1.13274 0.94395
1800 pop2 1.14996 0.958302
1900 pop1 1.14517 0.954305
1900 pop2 1.15103 0.959189
2000 pop1 1.13918 0.949317
2000 pop2 1.15055 0.95879
2100 pop1 1.13725 0.947708
2100 pop2 1.13983 0.949856
2200 pop1 1.13501 0.945842
2200 pop2 1.14984 0.958203
2300 pop1 1.14123 0.951022
2300 pop2 1.14074 0.950617
2400 pop1 1.14884 0.957369
2400 pop2 1.13172 0.943097
2500 pop1 1.14233 0.951939
2500 pop2 1.15059 0.958826
2600 pop1 1.14861 0.957171
2600 pop2 1.13997 0.949978
2700 pop1 1.14151 0.951261
2700 pop2 1.14368 0.953063
2800 pop1 1.14477 0.953979
2800 pop2 1.14559 0.954657
2900 pop1 1.14322 0.952686
2900 pop2 1.13899 0.949157
3000 pop1 1.13771 0.948092
3000 pop2 1.14431 0.953593
3100 pop1 1.13871 0.948922
3100 pop2 1.14282 0.952351
3200 pop1 1.14228 0.951902
3200 pop2 1.14369 0.953076
3300 pop1 1.14582 0.95485
3300 pop2 1.13859 0.948822
3400 pop1 1.14015 0.950121
3400 pop2 1.14621 0.955172
3500 pop1 1.14705 0.955873
3500 pop2 1.14024 0.950201
3600 pop1 1.14211 0.951759
3600 pop2 1.13844 0.948701
3700 pop1 1.1418 0.951502
3700 pop2 1.14133 0.951108
3800 pop1 1.14879 0.957326
3800 pop2 1.13704 0.94753
3900 pop1 1.13594 0.946617
3900 pop2 1.1477 0.956417
4000 pop1 1.14944 0.95787
4000 pop2 1.13847 0.948727
4100 pop1 1.13917 0.949309
4100 pop2 1.13991 0.949925
4200 pop1 1.13965 0.949712
4200 pop2 1.14175 0.951456
4300 pop1 1.14472 0.953935
4300 pop2 1.14223 0.95186
4400 pop1 1.13776 0.948131
4400 pop2 1.1505 0.958747
4500 pop1 1.14375 0.953123
4500 pop2 1.13178 0.943147
4600 pop1 1.14464 0.953868
4600 pop2 1.13995 0.949962
4700 pop1 1.13741 0.947845
4700 pop2 1.1472 0.956002
4800 pop1 1.13787 0.948227
4800 pop2 1.15059 0.958825
4900 pop1 1.14389 0.953238
4900 pop2 1.14038 0.950314
5000 pop1 1.14889 0.957406
5000 pop2 1.13906 0.949217
