1 pop1 1.0 0.909091
1 pop2 1.0 0.909091
100 pop1 1.03129 0.937537
100 pop2 1.04156 0.946871
200 pop1 1.03675 0.942504
200 pop2 1.0322 0.938365
300 pop1 1.03507 0.940971
300 pop2 1.03349 0.939538
400 pop1 1.03616 0.941968
400 pop2 1.03104 0.93731
500 pop1 1.02975 0.936132
500 pop2 1.03705 0.94277
600 pop1 1.03461 0.940556
600 pop2 1.0351 0.941
700 pop1 1.03373 0.939753
700 pop2 1.03537 0.941249
800 pop1 1.04161 0.946917
800 pop2 1.02843 0.934935
900 pop1 1.03493 0.940843
900 pop2 1.03888 0.94444
1000 pop1 1.03785 0.943497
1000 pop2 1.0245 0.931361
1100 pop1 1.07038 0.973076
1100 pop2 1.0484 0.953088
1200 pop1 1.06335 0.966682
1200 pop2 1.05968 0.963348
1300 pop1 1.06382 0.967106
1300 pop2 1.05857 0.962337
1400 pop1 1.06878 0.971619
1400 pop2 1.05604 0.960035
1500 pop1 1.06854 0.9714
1500 pop2 1.05274 0.957037
1600 pop1 1.0666 0.96964
1600 pop2 1.06146 0.964963
1700 pop1 1.06806 0.970965
1700 pop2 1.05365 0.95786
1800 pop1 1.06552 0.968653
1800 pop2 1.06218 0.965619
1900 pop1 1.06149 0.964988
1900 pop2 1.06242 0.965839
2000 pop1 1.06074 0.964308
2000 pop2 1.06217 0.965609
2100 pop1 1.06517 0.968338
2100 pop2 1.05519 0.959265
2200 pop1 1.06363 0.966933
2200 pop2 1.05402 0.958201
2300 pop1 1.06548 0.968619
2300 pop2 1.0562 0.960185
2400 pop1 1.06734 0.970313
2400 pop2 1.05279 0.957083
2500 pop1 1.06329 0.966628
2500 pop2 1.059 0.962726
2600 pop1 1.06222 0.965651
2600 pop2 1.05929 0.962992
2700 pop1 1.05919 0.962897
2700 pop2 1.06395 0.967229
2800 pop1 1.06497 0.968153
2800 pop2 1.06143 0.964936
2900 pop1 1.05567 0.959699
2900 pop2 1.06448 0.967711
3000 pop1 1.06315 0.966501
3000 pop2 1.05841 0.962187
3100 pop1 1.06572 0.968838
3100 pop2 1.0546 0.958724
3200 pop1 1.06963 0.972392
3200 pop2 1.04965 0.954227
3300 pop1 1.07028 0.972982
3300 pop2 1.05229 0.956627
3400 pop1 1.05962 0.963291
3400 pop2 1.06474 0.967943
3500 pop1 1.06276 0.966148
3500 pop2 1.06205 0.965502
3600 pop1 1.06267 0.966062
3600 pop2 1.05828 0.962073
3700 pop1 1.06392 0.967197
3700 pop2 1.0594 0.963095
3800 pop1 1.05573 0.959751
3800 pop2 1.06462 0.967834
3900 pop1 1.05967 0.963336
3900 pop2 1.06461 0.96783
4000 pop1 1.06495 0.968138
4000 pop2 1.05786 0.961688
4100 pop1 1.06991 0.972646
4100 pop2 1.05079 0.95526
4200 pop1 1.06536 0.968511
4200 pop2 1.05796 0.961784
4300 pop1 1.06504 0.968217
4300 pop2 1.05794 0.961763
4400 pop1 1.06673 0.969758
4400 pop2 1.0589 0.962634
4500 pop1 1.05961 0.963285
4500 pop2 1.06211 0.965556
4600 pop1 1.05947 0.963152
4600 pop2 1.06342 0.96675
4700 pop1 1.06077 0.96434
4700 pop2 1.06333 0.966664
4800 pop1 1.05397 0.958156
4800 pop2 1.06618 0.969259
4900 pop1 1.05785 0.961682
4900 pop2 1.06475 0.967955
5000 pop1 1.06245 0.965861
5000 pop2 1.0612 0.964728
