1 pop1 1.0 0.909091
1 pop2 1.0 0.909091
100 pop1 1.0838 0.985271
100 pop2 1.08447 0.985881
200 pop1 1.08591 0.987189
200 pop2 1.08461 0.986007
300 pop1 1.07879 0.980719
300 pop2 1.08646 0.987695
400 pop1 1.082 0.983635
400 pop2 1.08618 0.987437
500 pop1 1.08355 0.985046
500 pop2 1.08604 0.987313
600 pop1 1.08564 0.986947
600 pop2 1.08491 0.986279
700 pop1 1.08502 0.986386
700 pop2 1.08153 0.983209
800 pop1 1.08659 0.987808
800 pop2 1.08822 0.989295
900 pop1 1.07886 0.980782
900 pop2 1.08646 0.987693
1000 pop1 1.08325 0.984769
1000 pop2 1.0848 0.986183
1100 pop1 1.09407 0.994605
1100 pop2 0.997116 0.906469
1200 pop1 1.09846 0.9986
1200 pop2 0.99684 0.906218
1300 pop1 1.10065 1.00059
1300 pop2 0.998459 0.90769
1400 pop1 1.10173 1.00157
1400 pop2 0.999111 0.908283
1500 pop1 1.10226 1.00206
1500 pop2 0.99998 0.909073
1600 pop1 1.10238 1.00216
1600 pop2 1.0 0.909091
1700 pop1 1.1025 1.00227
1700 pop2 1.0 0.909091
1800 pop1 1.1025 1.00227
1800 pop2 1.0 0.909091
1900 pop1 1.1025 1.00227
1900 pop2 1.0 0.909091
2000 pop1 1.1025 1.00227
2000 pop2 1.0 0.909091
2100 pop1 1.1025 1.00227
2100 pop2 1.0 0.909091
2200 pop1 1.1025 1.00227
2200 pop2 1.0 0.909091
2300 pop1 1.1025 1.00227
2300 pop2 1.0 0.909091
2400 pop1 1.1025 1.00227
2400 pop2 1.0 0.909091
2500 pop1 1.1025 1.00227
2500 pop2 1.0 0.909091
2600 pop1 1.1025 1.00227
2600 pop2 1.0 0.909091
2700 pop1 1.1025 1.00227
2700 pop2 1.0 0.909091
2800 pop1 1.1025 1.00227
2800 pop2 1.0 0.909091
2900 pop1 1.1025 1.00227
2900 pop2 1.0 0.909091
3000 pop1 1.1025 1.00227
3000 pop2 1.0 0.909091
3100 pop1 1.1025 1.00227
3100 pop2 1.0 0.909091
3200 pop1 1.1025 1.00227
3200 pop2 1.0 0.909091
3300 pop1 1.1025 1.00227
3300 pop2 1.0 0.909091
3400 pop1 1.1025 1.00227
3400 pop2 1.0 0.909091
3500 pop1 1.1025 1.00227
3500 pop2 1.0 0.909091
3600 pop1 1.1025 1.00227
3600 pop2 1.0 0.909091
3700 pop1 1.1025 1.00227
3700 pop2 1.0 0.909091
3800 pop1 1.1025 1.00227
3800 pop2 1.0 0.909091
3900 pop1 1.1025 1.00227
3900 pop2 1.0 0.909091
4000 pop1 1.1025 1.00227
4000 pop2 1.0 0.909091
4100 pop1 1.1025 1.00227
4100 pop2 1.0 0.909091
4200 pop1 1.1025 1.00227
4200 pop2 1.0 0.909091
4300 pop1 1.1025 1.00227
4300 pop2 1.0 0.909091
4400 pop1 1.1025 1.00227
4400 pop2 1.0 0.909091
4500 pop1 1.1025 1.00227
4500 pop2 1.0 0.909091
4600 pop1 1.1025 1.00227
4600 pop2 1.0 0.909091
4700 pop1 1.1025 1.00227
4700 pop2 1.0 0.909091
4800 pop1 1.1025 1.00227
4800 pop2 1.0 0.909091
4900 pop1 1.1025 1.00227
4900 pop2 1.0 0.909091
5000 pop1 1.1025 1.00227
5000 pop2 1.0 0.909091
