1 pop1 1.0 0.833333
1 pop2 1.0 0.833333
100 pop1 1.18836 0.990301
100 pop2 1.1887 0.990583
200 pop1 1.19529 0.996072
200 pop2 1.19106 0.992549
300 pop1 1.19045 0.99204
300 pop2 1.18943 0.991192
400 pop1 1.191 0.992499
400 pop2 1.18878 0.990651
500 pop1 1.19216 0.993465
500 pop2 1.18819 0.990156
600 pop1 1.19313 0.994278
600 pop2 1.19144 0.99287
700 pop1 1.19207 0.993389
700 pop2 1.18941 0.991175
800 pop1 1.19078 0.992316
800 pop2 1.18815 0.990126
900 pop1 1.19563 0.996362
900 pop2 1.19463 0.995529
1000 pop1 1.19568 0.996404
1000 pop2 1.19297 0.994143
1100 pop1 1.19959 0.999662
1100 pop2 0.991762 0.826469
1200 pop1 1.19797 0.998307
1200 pop2 0.990135 0.825112
1300 pop1 1.20283 1.00235
1300 pop2 0.993837 0.828197
1400 pop1 1.20321 1.00268
1400 pop2 0.997172 0.830977
1500 pop1 1.20716 1.00597
1500 pop2 0.996143 0.830119
1600 pop1 1.20786 1.00655
1600 pop2 0.998206 0.831838
1700 pop1 1.20784 1.00653
1700 pop2 0.999961 0.833301
1800 pop1 1.20989 1.00824
1800 pop2 0.999844 0.833203
1900 pop1 1.20994 1.00828
1900 pop2 1.0 0.833333
2000 pop1 1.21 1.00833
2000 pop2 1.0 0.833333
2100 pop1 1.21 1.00833
2100 pop2 1.0 0.833333
2200 pop1 1.21 1.00833
2200 pop2 1.0 0.833333
2300 pop1 1.21 1.00833
2300 pop2 1.0 0.833333
2400 pop1 1.21 1.00833
2400 pop2 1.0 0.833333
2500 pop1 1.21 1.00833
2500 pop2 1.0 0.833333
2600 pop1 1.21 1.00833
2600 pop2 1.0 0.833333
2700 pop1 1.21 1.00833
2700 pop2 1.0 0.833333
2800 pop1 1.21 1.00833
2800 pop2 1.0 0.833333
2900 pop1 1.21 1.00833
2900 pop2 1.0 0.833333
3000 pop1 1.21 1.00833
3000 pop2 1.0 0.833333
3100 pop1 1.21 1.00833
3100 pop2 1.0 0.833333
3200 pop1 1.21 1.00833
3200 pop2 1.0 0.833333
3300 pop1 1.21 1.00833
3300 pop2 1.0 0.833333
3400 pop1 1.21 1.00833
3400 pop2 1.0 0.833333
3500 pop1 1.21 1.00833
3500 pop2 1.0 0.833333
3600 pop1 1.21 1.00833
3600 pop2 1.0 0.833333
3700 pop1 1.21 1.00833
3700 pop2 1.0 0.833333
3800 pop1 1.21 1.00833
3800 pop2 1.0 0.833333
3900 pop1 1.21 1.00833
3900 pop2 1.0 0.833333
4000 pop1 1.21 1.00833
4000 pop2 1.0 0.833333
4100 pop1 1.21 1.00833
4100 pop2 1.0 0.833333
4200 pop1 1.21 1.00833
4200 pop2 1.0 0.833333
4300 pop1 1.21 1.00833
4300 pop2 1.0 0.833333
4400 pop1 1.21 1.00833
4400 pop2 1.0 0.833333
4500 pop1 1.21 1.00833
4500 pop2 1.0 0.833333
4600 pop1 1.21 1.00833
4600 pop2 1.0 0.833333
4700 pop1 1.21 1.00833
4700 pop2 1.0 0.833333
4800 pop1 1.21 1.00833
4800 pop2 1.0 0.833333
4900 pop1 1.21 1.00833
4900 pop2 1.0 0.833333
5000 pop1 1.21 1.00833
5000 pop2 1.0 0.833333
