1 pop1 1.0 0.909091
1 pop2 1.0 0.909091
100 pop1 1.03853 0.944114
100 pop2 1.03746 0.943142
200 pop1 1.03532 0.941201
200 pop2 1.03931 0.944824
300 pop1 1.04077 0.946157
300 pop2 1.03332 0.939384
400 pop1 1.04322 0.948385
400 pop2 1.04004 0.945492
500 pop1 1.03615 0.941957
500 pop2 1.04587 0.950792
600 pop1 1.04156 0.946873
600 pop2 1.03642 0.942198
700 pop1 1.04072 0.946105
700 pop2 1.038 0.943635
800 pop1 1.03697 0.942704
800 pop2 1.0433 0.948453
900 pop1 1.03931 0.944825
900 pop2 1.04152 0.946832
1000 pop1 1.04002 0.945472
1000 pop2 1.03792 0.943567
1100 pop1 1.09667 0.996974
1100 pop2 0.975101 0.886455
1200 pop1 1.10269 1.00245
1200 pop2 0.984713 0.895194
1300 pop1 1.10253 1.0023
1300 pop2 0.99842 0.907654
1400 pop1 1.1025 1.00228
1400 pop2 0.999842 0.908947
1500 pop1 1.1025 1.00227
1500 pop2 1.0 0.909091
1600 pop1 1.1025 1.00227
1600 pop2 1.0 0.909091
1700 pop1 1.1025 1.00227
1700 pop2 1.0 0.909091
1800 pop1 1.1025 1.00227
1800 pop2 1.0 0.909091
1900 pop1 1.1025 1.00227
1900 pop2 1.0 0.909091
2000 pop1 1.1025 1.00227
2000 pop2 1.0 0.909091
2100 pop1 1.1025 1.00227
2100 pop2 1.0 0.909091
2200 pop1 1.1025 1.00227
2200 pop2 1.0 0.909091
2300 pop1 1.1025 1.00227
2300 pop2 1.0 0.909091
2400 pop1 1.1025 1.00227
2400 pop2 1.0 0.909091
2500 pop1 1.1025 1.00227
2500 pop2 1.0 0.909091
2600 pop1 1.1025 1.00227
2600 pop2 1.0 0.909091
2700 pop1 1.1025 1.00227
2700 pop2 1.0 0.909091
2800 pop1 1.1025 1.00227
2800 pop2 1.0 0.909091
2900 pop1 1.1025 1.00227
2900 pop2 1.0 0.909091
3000 pop1 1.1025 1.00227
3000 pop2 1.0 0.909091
3100 pop1 1.1025 1.00227
3100 pop2 1.0 0.909091
3200 pop1 1.1025 1.00227
3200 pop2 1.0 0.909091
3300 pop1 1.1025 1.00227
3300 pop2 1.0 0.909091
3400 pop1 1.1025 1.00227
3400 pop2 1.0 0.909091
3500 pop1 1.1025 1.00227
3500 pop2 1.0 0.909091
3600 pop1 1.1025 1.00227
3600 pop2 1.0 0.909091
3700 pop1 1.1025 1.00227
3700 pop2 1.0 0.909091
3800 pop1 1.1025 1.00227
3800 pop2 1.0 0.909091
3900 pop1 1.1025 1.00227
3900 pop2 1.0 0.909091
4000 pop1 1.1025 1.00227
4000 pop2 1.0 0.909091
4100 pop1 1.1025 1.00227
4100 pop2 1.0 0.909091
4200 pop1 1.1025 1.00227
4200 pop2 1.0 0.909091
4300 pop1 1.1025 1.00227
4300 pop2 1.0 0.909091
4400 pop1 1.1025 1.00227
4400 pop2 1.0 0.909091
4500 pop1 1.1025 1.00227
4500 pop2 1.0 0.909091
4600 pop1 1.1025 1.00227
4600 pop2 1.0 0.909091
4700 pop1 1.1025 1.00227
4700 pop2 1.0 0.909091
4800 pop1 1.1025 1.00227
4800 pop2 1.0 0.909091
4900 pop1 1.1025 1.00227
4900 pop2 1.0 0.909091
5000 pop1 1.1025 1.00227
5000 pop2 1.0 0.909091
