1 pop1 1.0 0.980392
1 pop2 1.0 0.980392
100 pop1 1.00854 0.988763
100 pop2 1.0075 0.987749
200 pop1 1.00761 0.987858
200 pop2 1.00847 0.988692
300 pop1 1.00793 0.988165
300 pop2 1.01007 0.990269
400 pop1 1.00887 0.989091
400 pop2 1.01004 0.990231
500 pop1 1.0074 0.987646
500 pop2 1.00873 0.988953
600 pop1 1.00923 0.989445
600 pop2 1.00808 0.988315
700 pop1 1.00954 0.989741
700 pop2 1.00527 0.985564
800 pop1 1.00937 0.989579
800 pop2 1.00518 0.985475
900 pop1 1.00854 0.98876
900 pop2 1.00622 0.986491
1000 pop1 1.00866 0.988887
1000 pop2 1.00604 0.986312
1100 pop1 1.0092 0.989416
1100 pop2 0.996558 0.977018
1200 pop1 1.01337 0.993503
1200 pop2 0.996557 0.977017
1300 pop1 1.01677 0.996833
1300 pop2 0.99649 0.976951
1400 pop1 1.01639 0.996461
1400 pop2 0.996309 0.976773
1500 pop1 1.01814 0.998172
1500 pop2 0.996454 0.976916
1600 pop1 1.01932 0.999336
1600 pop2 0.996004 0.976475
1700 pop1 1.01979 0.999798
1700 pop2 0.997076 0.977525
1800 pop1 1.0199 0.999906
1800 pop2 0.99773 0.978167
1900 pop1 1.01991 0.999914
1900 pop2 0.998879 0.979293
2000 pop1 1.02011 1.0001
2000 pop2 0.998396 0.97882
2100 pop1 1.0201 1.0001
2100 pop2 0.998759 0.979176
2200 pop1 1.0201 1.0001
2200 pop2 0.99905 0.979461
2300 pop1 1.0201 1.0001
2300 pop2 0.999605 0.980005
2400 pop1 1.0201 1.0001
2400 pop2 0.999976 0.980369
2500 pop1 1.0201 1.0001
2500 pop2 1.0 0.980392
2600 pop1 1.0201 1.0001
2600 pop2 1.0 0.980392
2700 pop1 1.0201 1.0001
2700 pop2 1.0 0.980392
2800 pop1 1.0201 1.0001
2800 pop2 1.0 0.980392
2900 pop1 1.0201 1.0001
2900 pop2 1.0 0.980392
3000 pop1 1.0201 1.0001
3000 pop2 1.0 0.980392
3100 pop1 1.0201 1.0001
3100 pop2 1.0 0.980392
3200 pop1 1.0201 1.0001
3200 pop2 1.0 0.980392
3300 pop1 1.0201 1.0001
3300 pop2 1.0 0.980392
3400 pop1 1.0201 1.0001
3400 pop2 1.0 0.980392
3500 pop1 1.0201 1.0001
3500 pop2 1.0 0.980392
3600 pop1 1.0201 1.0001
3600 pop2 1.0 0.980392
3700 pop1 1.0201 1.0001
3700 pop2 1.0 0.980392
3800 pop1 1.0201 1.0001
3800 pop2 1.0 0.980392
3900 pop1 1.0201 1.0001
3900 pop2 1.0 0.980392
4000 pop1 1.0201 1.0001
4000 pop2 1.0 0.980392
4100 pop1 1.0201 1.0001
4100 pop2 1.0 0.980392
4200 pop1 1.0201 1.0001
4200 pop2 1.0 0.980392
4300 pop1 1.0201 1.0001
4300 pop2 1.0 0.980392
4400 pop1 1.0201 1.0001
4400 pop2 1.0 0.980392
4500 pop1 1.0201 1.0001
4500 pop2 1.0 0.980392
4600 pop1 1.0201 1.0001
4600 pop2 1.0 0.980392
4700 pop1 1.0201 1.0001
4700 pop2 1.0 0.980392
4800 pop1 1.0201 1.0001
4800 pop2 1.0 0.980392
4900 pop1 1.0201 1.0001
4900 pop2 1.0 0.980392
5000 pop1 1.0201 1.0001
5000 pop2 1.0 0.980392
