1 pop1 1.0 0.980392
1 pop2 1.0 0.980392
100 pop1 1.00516 0.98545
100 pop2 0.99655 0.97701
200 pop1 1.00472 0.985021
200 pop2 0.995627 0.976105
300 pop1 1.00445 0.984755
300 pop2 0.996549 0.977009
400 pop1 1.0011 0.981466
400 pop2 0.999436 0.979839
500 pop1 1.00228 0.982627
500 pop2 0.999048 0.979459
600 pop1 1.00357 0.983896
600 pop2 0.997356 0.9778
700 pop1 1.00487 0.985167
700 pop2 0.997248 0.977694
800 pop1 1.0048 0.985093
800 pop2 0.996009 0.97648
900 pop1 1.00703 0.987284
900 pop2 0.993115 0.973642
1000 pop1 1.00907 0.989284
1000 pop2 0.991511 0.97207
1100 pop1 1.01057 0.990751
1100 pop2 1.00169 0.982052
1200 pop1 1.00973 0.989933
1200 pop2 1.00369 0.984006
1300 pop1 1.01039 0.990579
1300 pop2 1.00639 0.986655
1400 pop1 1.00773 0.987973
1400 pop2 1.00876 0.988977
1500 pop1 1.00649 0.986758
1500 pop2 1.01135 0.991524
1600 pop1 1.00605 0.986327
1600 pop2 1.01229 0.992443
1700 pop1 1.00611 0.986384
1700 pop2 1.01259 0.992737
1800 pop1 1.0075 0.987745
1800 pop2 1.01032 0.990514
1900 pop1 1.00661 0.986874
1900 pop2 1.01245 0.992599
2000 pop1 1.00375 0.984069
2000 pop2 1.01569 0.995777
2100 pop1 1.0047 0.985001
2100 pop2 1.01476 0.994867
2200 pop1 1.00549 0.985779
2200 pop2 1.01387 0.993989
2300 pop1 1.0058 0.986077
2300 pop2 1.0133 0.993431
2400 pop1 1.00692 0.987181
2400 pop2 1.01208 0.992237
2500 pop1 1.00723 0.987485
2500 pop2 1.01091 0.991083
2600 pop1 1.00614 0.986409
2600 pop2 1.01278 0.992918
2700 pop1 1.00496 0.98525
2700 pop2 1.01402 0.994139
2800 pop1 1.00494 0.985239
2800 pop2 1.0144 0.994505
2900 pop1 1.00454 0.984847
2900 pop2 1.01532 0.995409
3000 pop1 1.00383 0.984146
3000 pop2 1.016 0.996076
3100 pop1 1.00288 0.983211
3100 pop2 1.01735 0.997398
3200 pop1 1.00175 0.982109
3200 pop2 1.01806 0.9981
3300 pop1 1.0018 0.982154
3300 pop2 1.01824 0.998274
3400 pop1 1.00039 0.980771
3400 pop2 1.01942 0.999431
3500 pop1 1.00014 0.980534
3500 pop2 1.01993 0.999935
3600 pop1 1.00011 0.9805
3600 pop2 1.01984 0.999843
3700 pop1 1.0005 0.980881
3700 pop2 1.01964 0.999644
3800 pop1 1.00024 0.980632
3800 pop2 1.01958 0.999586
3900 pop1 1.00027 0.98066
3900 pop2 1.01989 0.999893
4000 pop1 1.00028 0.980671
4000 pop2 1.01973 0.999738
4100 pop1 1.00088 0.981251
4100 pop2 1.01928 0.999295
4200 pop1 1.00088 0.981251
4200 pop2 1.01904 0.999055
4300 pop1 1.00078 0.98116
4300 pop2 1.01934 0.999357
4400 pop1 1.00072 0.981094
4400 pop2 1.01928 0.999297
4500 pop1 1.0005 0.980879
4500 pop2 1.01953 0.999543
4600 pop1 1.00024 0.980629
4600 pop2 1.01981 0.999816
4700 pop1 0.999954 0.980347
4700 pop2 1.02011 1.00011
4800 pop1 0.999917 0.980311
4800 pop2 1.02012 1.00012
4900 pop1 0.999916 0.98031
4900 pop2 1.02012 1.00011
5000 pop1 0.999918 0.980312
5000 pop2 1.02012 1.00012
