1 pop1 1.0 0.909091
1 pop2 1.0 0.909091
100 pop1 1.00511 0.91374
100 pop2 1.02112 0.928289
200 pop1 1.0234 0.930368
200 pop2 1.0068 0.915271
300 pop1 1.01438 0.92216
300 pop2 1.01113 0.919208
400 pop1 1.01729 0.924809
400 pop2 1.01173 0.919754
500 pop1 1.00942 0.917656
500 pop2 1.01901 0.926373
600 pop1 1.00878 0.917069
600 pop2 1.02205 0.929141
700 pop1 1.01785 0.925323
700 pop2 1.01575 0.923411
800 pop1 1.00837 0.916697
800 pop2 1.02249 0.929539
900 pop1 1.01105 0.91914
900 pop2 1.0218 0.928912
1000 pop1 1.0168 0.92436
1000 pop2 1.01613 0.923751
1100 pop1 1.05544 0.959488
1100 pop2 1.04839 0.953079
1200 pop1 1.04581 0.950739
1200 pop2 1.06638 0.96944
1300 pop1 1.04143 0.946758
1300 pop2 1.06934 0.972124
1400 pop1 1.0442 0.949275
1400 pop2 1.06754 0.970486
1500 pop1 1.04599 0.950898
1500 pop2 1.06355 0.96686
1600 pop1 1.05175 0.956133
1600 pop2 1.06055 0.964138
1700 pop1 1.05516 0.959233
1700 pop2 1.05472 0.958839
1800 pop1 1.04928 0.953889
1800 pop2 1.06297 0.96634
1900 pop1 1.05504 0.959131
1900 pop2 1.05649 0.960447
2000 pop1 1.05481 0.95892
2000 pop2 1.05783 0.961667
2100 pop1 1.05921 0.962921
2100 pop2 1.05411 0.958283
2200 pop1 1.05059 0.955079
2200 pop2 1.05854 0.962312
2300 pop1 1.05239 0.95672
2300 pop2 1.05779 0.961626
2400 pop1 1.05425 0.958411
2400 pop2 1.05471 0.958823
2500 pop1 1.05664 0.960582
2500 pop2 1.05523 0.959301
2600 pop1 1.06125 0.964768
2600 pop2 1.04947 0.954066
2700 pop1 1.05942 0.963113
2700 pop2 1.05302 0.957293
2800 pop1 1.06377 0.967065
2800 pop2 1.0474 0.952178
2900 pop1 1.05588 0.95989
2900 pop2 1.05415 0.958322
3000 pop1 1.06143 0.964937
3000 pop2 1.05114 0.955586
3100 pop1 1.05884 0.962582
3100 pop2 1.0512 0.955639
3200 pop1 1.05631 0.960285
3200 pop2 1.05507 0.959158
3300 pop1 1.04652 0.951383
3300 pop2 1.06358 0.966892
3400 pop1 1.04944 0.954034
3400 pop2 1.06138 0.964891
3500 pop1 1.04862 0.953293
3500 pop2 1.0602 0.963814
3600 pop1 1.04445 0.949502
3600 pop2 1.06116 0.964688
3700 pop1 1.05482 0.958924
3700 pop2 1.05467 0.958795
3800 pop1 1.0606 0.96418
3800 pop2 1.0537 0.957912
3900 pop1 1.05748 0.961349
3900 pop2 1.05481 0.958917
4000 pop1 1.05394 0.958127
4000 pop2 1.05945 0.963133
4100 pop1 1.05828 0.96207
4100 pop2 1.05278 0.95707
4200 pop1 1.05024 0.954765
4200 pop2 1.05908 0.962804
4300 pop1 1.05615 0.960137
4300 pop2 1.05523 0.959299
4400 pop1 1.06172 0.9652
4400 pop2 1.05014 0.954674
4500 pop1 1.05556 0.959601
4500 pop2 1.05409 0.958262
4600 pop1 1.05978 0.963438
4600 pop2 1.04983 0.954394
4700 pop1 1.06206 0.96551
4700 pop2 1.05141 0.95583
4800 pop1 1.06586 0.968964
4800 pop2 1.04495 0.949951
4900 pop1 1.07043 0.973114
4900 pop2 1.0415 0.94682
5000 pop1 1.0659 0.968996
5000 pop2 1.04336 0.948512
