1 pop1 1.0 0.833333
1 pop2 1.0 0.833333
100 pop1 1.07041 0.892005
100 pop2 1.07355 0.894626
200 pop1 1.06567 0.88806
200 pop2 1.07077 0.892308
300 pop1 1.07465 0.895546
300 pop2 1.07333 0.894444
400 pop1 1.06597 0.888305
400 pop2 1.07431 0.895256
500 pop1 1.06875 0.890628
500 pop2 1.06747 0.88956
600 pop1 1.06811 0.890095
600 pop2 1.07653 0.897108
700 pop1 1.06892 0.890767
700 pop2 1.0689 0.89075
800 pop1 1.07362 0.894681
800 pop2 1.07862 0.898853
900 pop1 1.06674 0.888951
900 pop2 1.07079 0.892327
1000 pop1 1.07136 0.892799
1000 pop2 1.06475 0.887288
1100 pop1 1.13665 0.947209
1100 pop2 1.10583 0.921523
1200 pop1 1.13048 0.942064
1200 pop2 1.11645 0.930379
1300 pop1 1.13075 0.942288
1300 pop2 1.11353 0.927941
1400 pop1 1.13273 0.943942
1400 pop2 1.10799 0.923324
1500 pop1 1.12526 0.937718
1500 pop2 1.11616 0.930132
1600 pop1 1.13636 0.946968
1600 pop2 1.11179 0.926496
1700 pop1 1.12502 0.937515
1700 pop2 1.12166 0.93472
1800 pop1 1.12627 0.938559
1800 pop2 1.1114 0.926168
1900 pop1 1.117 0.930829
1900 pop2 1.12721 0.939344
2000 pop1 1.12076 0.933965
2000 pop2 1.12359 0.936322
2100 pop1 1.11618 0.930148
2100 pop2 1.1275 0.93958
2200 pop1 1.1334 0.9445
2200 pop2 1.10963 0.924694
2300 pop1 1.12567 0.938059
2300 pop2 1.11447 0.928727
2400 pop1 1.12077 0.933972
2400 pop2 1.11978 0.93315
2500 pop1 1.12134 0.934454
2500 pop2 1.11959 0.93299
2600 pop1 1.12858 0.940481
2600 pop2 1.12035 0.933624
2700 pop1 1.1278 0.939832
2700 pop2 1.11701 0.930845
2800 pop1 1.13031 0.941921
2800 pop2 1.11575 0.929791
2900 pop1 1.1213 0.934416
2900 pop2 1.12031 0.93359
3000 pop1 1.12228 0.935235
3000 pop2 1.12236 0.935304
3100 pop1 1.12427 0.936888
3100 pop2 1.11946 0.932884
3200 pop1 1.12924 0.941031
3200 pop2 1.11458 0.928817
3300 pop1 1.13647 0.947061
3300 pop2 1.1046 0.920498
3400 pop1 1.11763 0.931362
3400 pop2 1.12132 0.934437
3500 pop1 1.12439 0.936988
3500 pop2 1.11735 0.931127
3600 pop1 1.1215 0.934584
3600 pop2 1.11406 0.928381
3700 pop1 1.11732 0.931099
3700 pop2 1.1255 0.93792
3800 pop1 1.12741 0.939505
3800 pop2 1.11739 0.931157
3900 pop1 1.12524 0.937697
3900 pop2 1.12076 0.933963
4000 pop1 1.11904 0.932532
4000 pop2 1.12349 0.936241
4100 pop1 1.12178 0.934814
4100 pop2 1.11982 0.933183
4200 pop1 1.11611 0.930095
4200 pop2 1.13126 0.942721
4300 pop1 1.13526 0.946051
4300 pop2 1.11105 0.925872
4400 pop1 1.11984 0.933202
4400 pop2 1.12675 0.938957
4500 pop1 1.12538 0.937817
4500 pop2 1.11928 0.932735
4600 pop1 1.12765 0.939704
4600 pop2 1.11264 0.927197
4700 pop1 1.12757 0.939646
4700 pop2 1.11424 0.928529
4800 pop1 1.12228 0.935234
4800 pop2 1.12477 0.93731
4900 pop1 1.12022 0.933516
4900 pop2 1.12515 0.937628
5000 pop1 1.12569 0.938075
5000 pop2 1.11755 0.931291
