1 pop1 1.0 0.833333
1 pop2 1.0 0.833333
100 pop1 1.12853 0.940444
100 pop2 1.1166 0.930501
200 pop1 1.12549 0.937908
200 pop2 1.12172 0.934764
300 pop1 1.12008 0.933403
300 pop2 1.1217 0.934748
400 pop1 1.13382 0.944848
400 pop2 1.11687 0.930723
500 pop1 1.12685 0.939042
500 pop2 1.1288 0.940663
600 pop1 1.1154 0.929497
600 pop2 1.12768 0.939731
700 pop1 1.12239 0.935322
700 pop2 1.12799 0.939989
800 pop1 1.12872 0.940598
800 pop2 1.11109 0.925908
900 pop1 1.11372 0.928096
900 pop2 1.13424 0.945196
1000 pop1 1.12195 0.93496
1000 pop2 1.12909 0.940912
1100 pop1 1.14078 0.950651
1100 pop2 1.14539 0.954492
1200 pop1 1.14794 0.956613
1200 pop2 1.14025 0.950212
1300 pop1 1.139 0.949165
1300 pop2 1.14929 0.95774
1400 pop1 1.13816 0.94847
1400 pop2 1.14666 0.955548
1500 pop1 1.1356 0.94633
1500 pop2 1.14578 0.954816
1600 pop1 1.13864 0.94887
1600 pop2 1.13948 0.949564
1700 pop1 1.14539 0.954491
1700 pop2 1.14173 0.951445
1800 pop1 1.13699 0.94749
1800 pop2 1.15076 0.958966
1900 pop1 1.14296 0.952468
1900 pop2 1.14245 0.952042
2000 pop1 1.13482 0.945686
2000 pop2 1.14629 0.955241
2100 pop1 1.14346 0.952884
2100 pop2 1.15218 0.960149
2200 pop1 1.13754 0.947948
2200 pop2 1.14447 0.953728
2300 pop1 1.14098 0.950815
2300 pop2 1.14289 0.952412
2400 pop1 1.13535 0.946122
2400 pop2 1.14623 0.955193
2500 pop1 1.13861 0.948843
2500 pop2 1.15229 0.960243
2600 pop1 1.13859 0.948829
2600 pop2 1.1467 0.955581
2700 pop1 1.13276 0.943969
2700 pop2 1.14733 0.956108
2800 pop1 1.13553 0.946278
2800 pop2 1.14731 0.956092
2900 pop1 1.14481 0.954011
2900 pop2 1.14336 0.952797
3000 pop1 1.14678 0.95565
3000 pop2 1.14857 0.957141
3100 pop1 1.14818 0.956815
3100 pop2 1.14027 0.950226
3200 pop1 1.13828 0.948565
3200 pop2 1.14585 0.954872
3300 pop1 1.13387 0.944889
3300 pop2 1.14791 0.956589
3400 pop1 1.1412 0.951002
3400 pop2 1.15024 0.958536
3500 pop1 1.13637 0.946976
3500 pop2 1.14761 0.956346
3600 pop1 1.14972 0.958099
3600 pop2 1.14183 0.951523
3700 pop1 1.13679 0.947322
3700 pop2 1.14689 0.95574
3800 pop1 1.13757 0.947975
3800 pop2 1.15088 0.959067
3900 pop1 1.12931 0.941093
3900 pop2 1.15125 0.959372
4000 pop1 1.14064 0.950535
4000 pop2 1.14221 0.951839
4100 pop1 1.14344 0.952865
4100 pop2 1.14299 0.952492
4200 pop1 1.14457 0.953807
4200 pop2 1.14724 0.956034
4300 pop1 1.14212 0.951765
4300 pop2 1.14354 0.952952
4400 pop1 1.14218 0.951819
4400 pop2 1.14734 0.956117
4500 pop1 1.1419 0.951584
4500 pop2 1.14372 0.953099
4600 pop1 1.14359 0.952995
4600 pop2 1.13715 0.947628
4700 pop1 1.14187 0.95156
4700 pop2 1.13996 0.949964
4800 pop1 1.1379 0.948254
4800 pop2 1.14279 0.952324
4900 pop1 1.14693 0.955773
4900 pop2 1.14458 0.953815
5000 pop1 1.1508 0.959003
5000 pop2 1.13616 0.946797
