1 pop1 1.0 0.909091
1 pop2 1.0 0.909091
100 pop1 1.03497 0.940885
100 pop2 1.03485 0.940768
200 pop1 1.02716 0.933781
200 pop2 1.04366 0.948785
300 pop1 1.03943 0.944936
300 pop2 1.03514 0.941039
400 pop1 1.03375 0.939772
400 pop2 1.03416 0.940145
500 pop1 1.03669 0.942441
500 pop2 1.02786 0.934414
600 pop1 1.03567 0.941515
600 pop2 1.03253 0.938664
700 pop1 1.02763 0.934212
700 pop2 1.04001 0.945465
800 pop1 1.0399 0.945364
800 pop2 1.03165 0.937864
900 pop1 1.03311 0.939189
900 pop2 1.03563 0.941478
1000 pop1 1.03786 0.94351
1000 pop2 1.02961 0.936011
1100 pop1 1.06252 0.965928
1100 pop2 1.04383 0.948937
1200 pop1 1.05587 0.959883
1200 pop2 1.06365 0.966954
1300 pop1 1.06197 0.965424
1300 pop2 1.0573 0.961185
1400 pop1 1.0462 0.951091
1400 pop2 1.07069 0.973359
1500 pop1 1.04746 0.952235
1500 pop2 1.0703 0.973004
1600 pop1 1.05754 0.961403
1600 pop2 1.06401 0.967282
1700 pop1 1.05365 0.95786
1700 pop2 1.06896 0.971785
1800 pop1 1.05368 0.957888
1800 pop2 1.07038 0.973076
1900 pop1 1.05323 0.957478
1900 pop2 1.06874 0.971585
2000 pop1 1.05704 0.960946
2000 pop2 1.06387 0.967157
2100 pop1 1.05617 0.960153
2100 pop2 1.07123 0.973848
2200 pop1 1.05297 0.957242
2200 pop2 1.06995 0.972686
2300 pop1 1.05225 0.956595
2300 pop2 1.06685 0.969867
2400 pop1 1.05694 0.960857
2400 pop2 1.06189 0.965355
2500 pop1 1.059 0.962726
2500 pop2 1.06246 0.965872
2600 pop1 1.06434 0.967582
2600 pop2 1.06023 0.963846
2700 pop1 1.06394 0.967216
2700 pop2 1.06062 0.964203
2800 pop1 1.06252 0.965929
2800 pop2 1.05972 0.963383
2900 pop1 1.0664 0.969456
2900 pop2 1.0576 0.961453
3000 pop1 1.06486 0.968055
3000 pop2 1.05522 0.959292
3100 pop1 1.06714 0.970123
3100 pop2 1.05839 0.962174
3200 pop1 1.05996 0.963598
3200 pop2 1.06264 0.966038
3300 pop1 1.06297 0.966337
3300 pop2 1.0601 0.963724
3400 pop1 1.06202 0.965473
3400 pop2 1.06048 0.964072
3500 pop1 1.06694 0.969949
3500 pop2 1.05513 0.959205
3600 pop1 1.05627 0.960243
3600 pop2 1.06616 0.969236
3700 pop1 1.06118 0.964706
3700 pop2 1.06223 0.96566
3800 pop1 1.06546 0.968599
3800 pop2 1.05984 0.963487
3900 pop1 1.0652 0.968365
3900 pop2 1.05514 0.959216
4000 pop1 1.06587 0.968973
4000 pop2 1.05543 0.959478
4100 pop1 1.06518 0.968345
4100 pop2 1.06091 0.964464
4200 pop1 1.06275 0.966139
4200 pop2 1.06073 0.964304
4300 pop1 1.06244 0.965855
4300 pop2 1.06074 0.96431
4400 pop1 1.06268 0.966074
4400 pop2 1.06301 0.966372
4500 pop1 1.06814 0.971036
4500 pop2 1.05517 0.959248
4600 pop1 1.06325 0.966592
4600 pop2 1.05779 0.961629
4700 pop1 1.06355 0.966864
4700 pop2 1.06169 0.965175
4800 pop1 1.06326 0.9666
4800 pop2 1.06186 0.965327
4900 pop1 1.06065 0.964224
4900 pop2 1.06104 0.964578
5000 pop1 1.06537 0.968518
5000 pop2 1.05532 0.959384
