1 pop1 1.0 0.980392
1 pop2 1.0 0.980392
100 pop1 1.00198 0.98233
100 pop2 0.999387 0.979791
200 pop1 1.00264 0.982983
200 pop2 0.999981 0.980373
300 pop1 1.00139 0.981758
300 pop2 1.00044 0.980827
400 pop1 1.00168 0.982039
400 pop2 0.99902 0.979431
500 pop1 1.00092 0.981297
500 pop2 1.00114 0.981514
600 pop1 1.0008 0.98118
600 pop2 0.999971 0.980364
700 pop1 1.00275 0.983092
700 pop2 0.999132 0.979541
800 pop1 1.00257 0.982912
800 pop2 1.0 0.980396
900 pop1 1.00371 0.984034
900 pop2 0.998172 0.9786
1000 pop1 1.00327 0.983594
1000 pop2 0.998004 0.978435
1100 pop1 1.00661 0.986874
1100 pop2 1.00576 0.986042
1200 pop1 1.00674 0.987005
1200 pop2 1.00889 0.989112
1300 pop1 1.00738 0.987626
1300 pop2 1.00876 0.98898
1400 pop1 1.00813 0.988359
1400 pop2 1.01099 0.991166
1500 pop1 1.00851 0.988732
1500 pop2 1.01021 0.990403
1600 pop1 1.0091 0.989314
1600 pop2 1.01048 0.990663
1700 pop1 1.00858 0.988801
1700 pop2 1.01099 0.991171
1800 pop1 1.0083 0.988532
1800 pop2 1.01097 0.991142
1900 pop1 1.00831 0.988536
1900 pop2 1.01072 0.990902
2000 pop1 1.00812 0.988352
2000 pop2 1.01105 0.991228
2100 pop1 1.00716 0.987413
2100 pop2 1.01245 0.9926
2200 pop1 1.00823 0.988456
2200 pop2 1.01085 0.991027
2300 pop1 1.00827 0.9885
2300 pop2 1.01131 0.991476
2400 pop1 1.00965 0.989857
2400 pop2 1.01019 0.990386
2500 pop1 1.00988 0.990079
2500 pop2 1.01053 0.990711
2600 pop1 1.00753 0.987777
2600 pop2 1.01199 0.992152
2700 pop1 1.00831 0.988536
2700 pop2 1.01173 0.991893
2800 pop1 1.00744 0.987686
2800 pop2 1.01296 0.993101
2900 pop1 1.00819 0.988421
2900 pop2 1.01012 0.990312
3000 pop1 1.00594 0.986219
3000 pop2 1.01331 0.993438
3100 pop1 1.00588 0.986156
3100 pop2 1.01412 0.994233
3200 pop1 1.00377 0.984092
3200 pop2 1.01558 0.995664
3300 pop1 1.00363 0.983953
3300 pop2 1.01621 0.996281
3400 pop1 1.00416 0.984474
3400 pop2 1.01607 0.996148
3500 pop1 1.00275 0.983092
3500 pop2 1.01647 0.996542
3600 pop1 1.0036 0.983921
3600 pop2 1.0166 0.996665
3700 pop1 1.00356 0.983879
3700 pop2 1.01625 0.996319
3800 pop1 1.00329 0.983619
3800 pop2 1.01656 0.996628
3900 pop1 1.00366 0.983985
3900 pop2 1.01714 0.997192
4000 pop1 1.00268 0.983016
4000 pop2 1.01716 0.997212
4100 pop1 1.00451 0.984815
4100 pop2 1.01497 0.995072
4200 pop1 1.00396 0.984271
4200 pop2 1.01658 0.996644
4300 pop1 1.00456 0.984866
4300 pop2 1.01488 0.99498
4400 pop1 1.00425 0.984556
4400 pop2 1.01535 0.995443
4500 pop1 1.00461 0.984908
4500 pop2 1.01534 0.995436
4600 pop1 1.00443 0.984735
4600 pop2 1.01529 0.995378
4700 pop1 1.00323 0.983558
4700 pop2 1.01612 0.996193
4800 pop1 1.00344 0.983766
4800 pop2 1.0172 0.997254
4900 pop1 1.00268 0.983019
4900 pop2 1.0172 0.997251
5000 pop1 1.00195 0.982304
5000 pop2 1.0178 0.997845
