1 pop1 1.0 0.909091
1 pop2 1.0 0.909091
100 pop1 1.03378 0.939801
100 pop2 1.04139 0.946718
200 pop1 1.03631 0.942101
200 pop2 1.03292 0.939016
300 pop1 1.03389 0.939904
300 pop2 1.04108 0.946432
400 pop1 1.03314 0.939216
400 pop2 1.0363 0.94209
500 pop1 1.04386 0.94896
500 pop2 1.02978 0.936161
600 pop1 1.03446 0.940422
600 pop2 1.03138 0.937619
700 pop1 1.03787 0.943523
700 pop2 1.02615 0.932867
800 pop1 1.03574 0.941583
800 pop2 1.03316 0.939234
900 pop1 1.03371 0.939738
900 pop2 1.03359 0.939628
1000 pop1 1.03399 0.939988
1000 pop2 1.03524 0.941129
1100 pop1 1.06533 0.968483
1100 pop2 1.04353 0.948662
1200 pop1 1.05169 0.956082
1200 pop2 1.07026 0.972965
1300 pop1 1.05765 0.961503
1300 pop2 1.06167 0.965155
1400 pop1 1.05245 0.956772
1400 pop2 1.06575 0.968868
1500 pop1 1.05136 0.955782
1500 pop2 1.06993 0.972666
1600 pop1 1.05704 0.960947
1600 pop2 1.0624 0.965818
1700 pop1 1.05916 0.962873
1700 pop2 1.0611 0.964639
1800 pop1 1.06344 0.966767
1800 pop2 1.06059 0.964168
1900 pop1 1.05934 0.963032
1900 pop2 1.06442 0.967654
2000 pop1 1.05232 0.956655
2000 pop2 1.06585 0.968957
2100 pop1 1.06031 0.963916
2100 pop2 1.06238 0.9658
2200 pop1 1.06013 0.963752
2200 pop2 1.05963 0.963298
2300 pop1 1.0669 0.969909
2300 pop2 1.05478 0.958889
2400 pop1 1.06507 0.968246
2400 pop2 1.05799 0.961811
2500 pop1 1.06294 0.96631
2500 pop2 1.05984 0.963492
2600 pop1 1.0601 0.963724
2600 pop2 1.06601 0.969097
2700 pop1 1.05895 0.96268
2700 pop2 1.06352 0.966835
2800 pop1 1.0563 0.960272
2800 pop2 1.06812 0.971019
2900 pop1 1.05902 0.962748
2900 pop2 1.06803 0.970936
3000 pop1 1.06436 0.967604
3000 pop2 1.06092 0.964469
3100 pop1 1.06111 0.96465
3100 pop2 1.06157 0.965061
3200 pop1 1.05938 0.963077
3200 pop2 1.06423 0.967484
3300 pop1 1.05873 0.962482
3300 pop2 1.06479 0.967991
3400 pop1 1.06217 0.965613
3400 pop2 1.06485 0.96805
3500 pop1 1.06225 0.965683
3500 pop2 1.05934 0.963041
3600 pop1 1.06478 0.967986
3600 pop2 1.05706 0.960961
3700 pop1 1.06225 0.965683
3700 pop2 1.05454 0.958668
3800 pop1 1.05937 0.963064
3800 pop2 1.06235 0.965771
3900 pop1 1.06687 0.969881
3900 pop2 1.05473 0.958844
4000 pop1 1.06911 0.971916
4000 pop2 1.05517 0.95925
4100 pop1 1.07123 0.973843
4100 pop2 1.05036 0.954875
4200 pop1 1.06641 0.969466
4200 pop2 1.05586 0.959872
4300 pop1 1.06505 0.968228
4300 pop2 1.05779 0.961631
4400 pop1 1.06035 0.963956
4400 pop2 1.0633 0.966637
4500 pop1 1.06726 0.970235
4500 pop2 1.05443 0.958571
4600 pop1 1.06506 0.968238
4600 pop2 1.06068 0.964257
4700 pop1 1.06838 0.971253
4700 pop2 1.0547 0.958815
4800 pop1 1.06729 0.970263
4800 pop2 1.05834 0.962128
4900 pop1 1.06195 0.965411
4900 pop2 1.06297 0.966339
5000 pop1 1.06606 0.969149
5000 pop2 1.0564 0.960368
