1 pop1 1.0 0.909091
1 pop2 1.0 0.909091
100 pop1 1.02021 0.927461
100 pop2 1.00835 0.916679
200 pop1 1.02521 0.93201
200 pop2 1.00538 0.913985
300 pop1 1.01545 0.923135
300 pop2 1.01058 0.918706
400 pop1 1.02149 0.928628
400 pop2 1.00768 0.916073
500 pop1 1.01635 0.923957
500 pop2 1.01257 0.920519
600 pop1 1.02228 0.929346
600 pop2 1.00707 0.915516
700 pop1 1.01655 0.924135
700 pop2 1.01686 0.924419
800 pop1 1.02216 0.929234
800 pop2 1.0045 0.913182
900 pop1 1.02072 0.927923
900 pop2 1.00488 0.913531
1000 pop1 1.01319 0.921084
1000 pop2 1.01573 0.923389
1100 pop1 1.03808 0.943713
1100 pop2 1.05873 0.962486
1200 pop1 1.03284 0.938943
1200 pop2 1.07142 0.974015
1300 pop1 1.03492 0.940836
1300 pop2 1.06983 0.972577
1400 pop1 1.02684 0.933491
1400 pop2 1.07807 0.980064
1500 pop1 1.02853 0.935025
1500 pop2 1.07484 0.977123
1600 pop1 1.02803 0.934571
1600 pop2 1.07857 0.980514
1700 pop1 1.0269 0.933547
1700 pop2 1.07845 0.98041
1800 pop1 1.03099 0.937266
1800 pop2 1.0762 0.978361
1900 pop1 1.03822 0.943833
1900 pop2 1.06843 0.971299
2000 pop1 1.04319 0.948357
2000 pop2 1.06357 0.966878
2100 pop1 1.0413 0.946634
2100 pop2 1.06779 0.970718
2200 pop1 1.03959 0.945082
2200 pop2 1.06869 0.971534
2300 pop1 1.04236 0.947601
2300 pop2 1.06686 0.969872
2400 pop1 1.04721 0.952006
2400 pop2 1.06371 0.967012
2500 pop1 1.04517 0.950151
2500 pop2 1.06334 0.966677
2600 pop1 1.05893 0.962664
2600 pop2 1.0502 0.954726
2700 pop1 1.05283 0.957118
2700 pop2 1.05809 0.961897
2800 pop1 1.05732 0.961204
2800 pop2 1.05763 0.96148
2900 pop1 1.05885 0.96259
2900 pop2 1.05306 0.957326
3000 pop1 1.05465 0.958768
3000 pop2 1.05733 0.961212
3100 pop1 1.05627 0.960243
3100 pop2 1.05683 0.960752
3200 pop1 1.05623 0.960211
3200 pop2 1.05302 0.957287
3300 pop1 1.06401 0.967281
3300 pop2 1.04726 0.952052
3400 pop1 1.06368 0.96698
3400 pop2 1.04707 0.951885
3500 pop1 1.06265 0.966043
3500 pop2 1.04802 0.952741
3600 pop1 1.06136 0.964872
3600 pop2 1.0512 0.95564
3700 pop1 1.06092 0.964475
3700 pop2 1.05036 0.954869
3800 pop1 1.06065 0.964225
3800 pop2 1.05151 0.955916
3900 pop1 1.057 0.960909
3900 pop2 1.05336 0.957601
4000 pop1 1.05658 0.96053
4000 pop2 1.05471 0.958823
4100 pop1 1.0614 0.964907
4100 pop2 1.04951 0.954101
4200 pop1 1.06359 0.966904
4200 pop2 1.04596 0.950876
4300 pop1 1.06307 0.966428
4300 pop2 1.05032 0.954838
4400 pop1 1.06091 0.964462
4400 pop2 1.04801 0.952734
4500 pop1 1.05738 0.961251
4500 pop2 1.04863 0.953298
4600 pop1 1.05859 0.96235
4600 pop2 1.0553 0.959367
4700 pop1 1.05297 0.957244
4700 pop2 1.05788 0.961711
4800 pop1 1.05847 0.962242
4800 pop2 1.05377 0.957971
4900 pop1 1.05837 0.962157
4900 pop2 1.05191 0.956281
5000 pop1 1.06022 0.96384
5000 pop2 1.05266 0.95696
