1 pop1 1.0 0.909091
1 pop2 1.0 0.909091
100 pop1 1.08586 0.987148
100 pop2 1.08311 0.984645
200 pop1 1.08464 0.986032
200 pop2 1.08475 0.986132
300 pop1 1.08794 0.989036
300 pop2 1.08119 0.982903
400 pop1 1.08718 0.988343
400 pop2 1.08442 0.985835
500 pop1 1.08061 0.982369
500 pop2 1.08112 0.982839
600 pop1 1.08707 0.988246
600 pop2 1.08491 0.986281
700 pop1 1.08769 0.988807
700 pop2 1.08205 0.983684
800 pop1 1.08534 0.986672
800 pop2 1.08442 0.985832
900 pop1 1.08614 0.987402
900 pop2 1.08472 0.986107
1000 pop1 1.0846 0.986002
1000 pop2 1.08594 0.987217
1100 pop1 1.09646 0.996778
1100 pop2 0.994377 0.903979
1200 pop1 1.10053 1.00048
1200 pop2 0.995619 0.905108
1300 pop1 1.10242 1.0022
1300 pop2 0.998837 0.908033
1400 pop1 1.1025 1.00227
1400 pop2 0.999012 0.908193
1500 pop1 1.10252 1.0023
1500 pop2 0.999091 0.908265
1600 pop1 1.10252 1.00229
1600 pop2 0.999427 0.90857
1700 pop1 1.10253 1.0023
1700 pop2 0.999743 0.908857
1800 pop1 1.10252 1.00229
1800 pop2 0.999427 0.90857
1900 pop1 1.10252 1.00229
1900 pop2 0.999802 0.908911
2000 pop1 1.1025 1.00227
2000 pop2 0.99998 0.909073
2100 pop1 1.1025 1.00227
2100 pop2 1.0 0.909091
2200 pop1 1.1025 1.00227
2200 pop2 1.0 0.909091
2300 pop1 1.1025 1.00227
2300 pop2 1.0 0.909091
2400 pop1 1.1025 1.00227
2400 pop2 1.0 0.909091
2500 pop1 1.1025 1.00227
2500 pop2 1.0 0.909091
2600 pop1 1.1025 1.00227
2600 pop2 1.0 0.909091
2700 pop1 1.1025 1.00227
2700 pop2 1.0 0.909091
2800 pop1 1.1025 1.00227
2800 pop2 1.0 0.909091
2900 pop1 1.1025 1.00227
2900 pop2 1.0 0.909091
3000 pop1 1.1025 1.00227
3000 pop2 1.0 0.909091
3100 pop1 1.1025 1.00227
3100 pop2 1.0 0.909091
3200 pop1 1.1025 1.00227
3200 pop2 1.0 0.909091
3300 pop1 1.1025 1.00227
3300 pop2 1.0 0.909091
3400 pop1 1.1025 1.00227
3400 pop2 1.0 0.909091
3500 pop1 1.1025 1.00227
3500 pop2 1.0 0.909091
3600 pop1 1.1025 1.00227
3600 pop2 1.0 0.909091
3700 pop1 1.1025 1.00227
3700 pop2 1.0 0.909091
3800 pop1 1.1025 1.00227
3800 pop2 1.0 0.909091
3900 pop1 1.1025 1.00227
3900 pop2 1.0 0.909091
4000 pop1 1.1025 1.00227
4000 pop2 1.0 0.909091
4100 pop1 1.1025 1.00227
4100 pop2 1.0 0.909091
4200 pop1 1.1025 1.00227
4200 pop2 1.0 0.909091
4300 pop1 1.1025 1.00227
4300 pop2 1.0 0.909091
4400 pop1 1.1025 1.00227
4400 pop2 1.0 0.909091
4500 pop1 1.1025 1.00227
4500 pop2 1.0 0.909091
4600 pop1 1.1025 1.00227
4600 pop2 1.0 0.909091
4700 pop1 1.1025 1.00227
4700 pop2 1.0 0.909091
4800 pop1 1.1025 1.00227
4800 pop2 1.0 0.909091
4900 pop1 1.1025 1.00227
4900 pop2 1.0 0.909091
5000 pop1 1.1025 1.00227
5000 pop2 1.0 0.909091
