1 pop1 1.0 0.833333
1 pop2 1.0 0.833333
100 pop1 1.18962 0.991347
100 pop2 1.19405 0.995044
200 pop1 1.19247 0.993727
200 pop2 1.19016 0.991799
300 pop1 1.19049 0.992077
300 pop2 1.18926 0.991051
400 pop1 1.19278 0.993982
400 pop2 1.19024 0.991865
500 pop1 1.19165 0.99304
500 pop2 1.19009 0.991738
600 pop1 1.19148 0.9929
600 pop2 1.18663 0.988856
700 pop1 1.19407 0.995055
700 pop2 1.18933 0.991108
800 pop1 1.18974 0.991453
800 pop2 1.19518 0.995982
900 pop1 1.18718 0.989316
900 pop2 1.19238 0.993647
1000 pop1 1.18818 0.990151
1000 pop2 1.19386 0.994886
1100 pop1 1.19986 0.999887
1100 pop2 0.996465 0.830388
1200 pop1 1.20277 1.00231
1200 pop2 0.996973 0.830811
1300 pop1 1.205 1.00416
1300 pop2 0.996685 0.830571
1400 pop1 1.20544 1.00453
1400 pop2 0.997699 0.831416
1500 pop1 1.20862 1.00718
1500 pop2 0.995944 0.829953
1600 pop1 1.20877 1.00731
1600 pop2 0.998752 0.832293
1700 pop1 1.21033 1.0086
1700 pop2 0.998635 0.832196
1800 pop1 1.21019 1.00849
1800 pop2 0.999688 0.833073
1900 pop1 1.21003 1.00836
1900 pop2 1.0 0.833333
2000 pop1 1.21 1.00833
2000 pop2 1.0 0.833333
2100 pop1 1.21 1.00833
2100 pop2 1.0 0.833333
2200 pop1 1.21 1.00833
2200 pop2 1.0 0.833333
2300 pop1 1.21 1.00833
2300 pop2 1.0 0.833333
2400 pop1 1.21 1.00833
2400 pop2 1.0 0.833333
2500 pop1 1.21 1.00833
2500 pop2 1.0 0.833333
2600 pop1 1.21 1.00833
2600 pop2 1.0 0.833333
2700 pop1 1.21 1.00833
2700 pop2 1.0 0.833333
2800 pop1 1.21 1.00833
2800 pop2 1.0 0.833333
2900 pop1 1.21 1.00833
2900 pop2 1.0 0.833333
3000 pop1 1.21 1.00833
3000 pop2 1.0 0.833333
3100 pop1 1.21 1.00833
3100 pop2 1.0 0.833333
3200 pop1 1.21 1.00833
3200 pop2 1.0 0.833333
3300 pop1 1.21 1.00833
3300 pop2 1.0 0.833333
3400 pop1 1.21 1.00833
3400 pop2 1.0 0.833333
3500 pop1 1.21 1.00833
3500 pop2 1.0 0.833333
3600 pop1 1.21 1.00833
3600 pop2 1.0 0.833333
3700 pop1 1.21 1.00833
3700 pop2 1.0 0.833333
3800 pop1 1.21 1.00833
3800 pop2 1.0 0.833333
3900 pop1 1.21 1.00833
3900 pop2 1.0 0.833333
4000 pop1 1.21 1.00833
4000 pop2 1.0 0.833333
4100 pop1 1.21 1.00833
4100 pop2 1.0 0.833333
4200 pop1 1.21 1.00833
4200 pop2 1.0 0.833333
4300 pop1 1.21 1.00833
4300 pop2 1.0 0.833333
4400 pop1 1.21 1.00833
4400 pop2 1.0 0.833333
4500 pop1 1.21 1.00833
4500 pop2 1.0 0.833333
4600 pop1 1.21 1.00833
4600 pop2 1.0 0.833333
4700 pop1 1.21 1.00833
4700 pop2 1.0 0.833333
4800 pop1 1.21 1.00833
4800 pop2 1.0 0.833333
4900 pop1 1.21 1.00833
4900 pop2 1.0 0.833333
5000 pop1 1.21 1.00833
5000 pop2 1.0 0.833333
