1 pop1 1.0 0.980392
1 pop2 1.0 0.980392
100 pop1 1.00128 0.981651
100 pop2 1.00235 0.982692
200 pop1 1.00466 0.98496
200 pop2 0.999796 0.980192
300 pop1 1.00313 0.983466
300 pop2 1.00063 0.981009
400 pop1 1.00522 0.985511
400 pop2 0.999621 0.98002
500 pop1 1.00309 0.983426
500 pop2 1.00091 0.981289
600 pop1 1.00503 0.985327
600 pop2 0.998081 0.97851
700 pop1 1.00354 0.983863
700 pop2 1.00081 0.98119
800 pop1 1.00473 0.985028
800 pop2 0.999542 0.979943
900 pop1 1.0048 0.985102
900 pop2 0.999693 0.980091
1000 pop1 1.00403 0.984339
1000 pop2 0.999354 0.979759
1100 pop1 1.00832 0.98855
1100 pop2 0.995501 0.975981
1200 pop1 1.01132 0.991488
1200 pop2 0.996029 0.976499
1300 pop1 1.01431 0.994424
1300 pop2 0.997218 0.977664
1400 pop1 1.01721 0.997261
1400 pop2 0.997376 0.97782
1500 pop1 1.01927 0.999289
1500 pop2 0.998241 0.978668
1600 pop1 1.02001 1.00001
1600 pop2 0.99862 0.979039
1700 pop1 1.0201 1.0001
1700 pop2 0.999182 0.97959
1800 pop1 1.0201 1.0001
1800 pop2 0.999326 0.979731
1900 pop1 1.0201 1.0001
1900 pop2 0.999493 0.979895
2000 pop1 1.0201 1.0001
2000 pop2 0.999493 0.979895
2100 pop1 1.0201 1.0001
2100 pop2 0.99988 0.980275
2200 pop1 1.0201 1.0001
2200 pop2 0.999852 0.980247
2300 pop1 1.0201 1.0001
2300 pop2 1.0 0.980392
2400 pop1 1.0201 1.0001
2400 pop2 1.0 0.980392
2500 pop1 1.0201 1.0001
2500 pop2 1.0 0.980392
2600 pop1 1.0201 1.0001
2600 pop2 1.0 0.980392
2700 pop1 1.0201 1.0001
2700 pop2 1.0 0.980392
2800 pop1 1.0201 1.0001
2800 pop2 1.0 0.980392
2900 pop1 1.0201 1.0001
2900 pop2 1.0 0.980392
3000 pop1 1.0201 1.0001
3000 pop2 1.0 0.980392
3100 pop1 1.0201 1.0001
3100 pop2 1.0 0.980392
3200 pop1 1.0201 1.0001
3200 pop2 1.0 0.980392
3300 pop1 1.0201 1.0001
3300 pop2 1.0 0.980392
3400 pop1 1.0201 1.0001
3400 pop2 1.0 0.980392
3500 pop1 1.0201 1.0001
3500 pop2 1.0 0.980392
3600 pop1 1.0201 1.0001
3600 pop2 1.0 0.980392
3700 pop1 1.0201 1.0001
3700 pop2 1.0 0.980392
3800 pop1 1.0201 1.0001
3800 pop2 1.0 0.980392
3900 pop1 1.0201 1.0001
3900 pop2 1.0 0.980392
4000 pop1 1.0201 1.0001
4000 pop2 1.0 0.980392
4100 pop1 1.0201 1.0001
4100 pop2 1.0 0.980392
4200 pop1 1.0201 1.0001
4200 pop2 1.0 0.980392
4300 pop1 1.0201 1.0001
4300 pop2 1.0 0.980392
4400 pop1 1.0201 1.0001
4400 pop2 1.0 0.980392
4500 pop1 1.0201 1.0001
4500 pop2 1.0 0.980392
4600 pop1 1.0201 1.0001
4600 pop2 1.0 0.980392
4700 pop1 1.0201 1.0001
4700 pop2 1.0 0.980392
4800 pop1 1.0201 1.0001
4800 pop2 1.0 0.980392
4900 pop1 1.0201 1.0001
4900 pop2 1.0 0.980392
5000 pop1 1.0201 1.0001
5000 pop2 1.0 0.980392
