1 pop1 1.0 0.909091
1 pop2 1.0 0.909091
100 pop1 1.0175 0.924999
100 pop2 1.00908 0.917346
200 pop1 1.02231 0.929376
200 pop2 1.0075 0.915913
300 pop1 1.00312 0.911928
300 pop2 1.02586 0.932598
400 pop1 1.00784 0.916219
400 pop2 1.02183 0.928941
500 pop1 1.01667 0.924249
500 pop2 1.0156 0.923275
600 pop1 1.01865 0.926041
600 pop2 1.01197 0.919971
700 pop1 1.00745 0.91586
700 pop2 1.0172 0.924729
800 pop1 1.00737 0.915787
800 pop2 1.02342 0.930382
900 pop1 1.02007 0.927335
900 pop2 1.00441 0.913104
1000 pop1 1.01942 0.926743
1000 pop2 1.00476 0.913416
1100 pop1 1.05551 0.959556
1100 pop2 1.03742 0.943108
1200 pop1 1.04569 0.950623
1200 pop2 1.05518 0.959257
1300 pop1 1.03511 0.94101
1300 pop2 1.07027 0.972976
1400 pop1 1.02908 0.935526
1400 pop2 1.07306 0.97551
1500 pop1 1.02518 0.931985
1500 pop2 1.0791 0.980997
1600 pop1 1.02671 0.93337
1600 pop2 1.0785 0.980451
1700 pop1 1.03069 0.936989
1700 pop2 1.07381 0.976188
1800 pop1 1.0254 0.932179
1800 pop2 1.07424 0.976578
1900 pop1 1.02997 0.93634
1900 pop2 1.07372 0.976108
2000 pop1 1.02458 0.931437
2000 pop2 1.08056 0.982326
2100 pop1 1.02796 0.934511
2100 pop2 1.07781 0.979831
2200 pop1 1.02849 0.934991
2200 pop2 1.07951 0.981371
2300 pop1 1.02887 0.935339
2300 pop2 1.07813 0.980116
2400 pop1 1.03909 0.944623
2400 pop2 1.0695 0.972268
2500 pop1 1.03788 0.943524
2500 pop2 1.06724 0.970216
2600 pop1 1.05182 0.956198
2600 pop2 1.05965 0.963316
2700 pop1 1.04922 0.95384
2700 pop2 1.05884 0.962582
2800 pop1 1.05703 0.960937
2800 pop2 1.05592 0.959925
2900 pop1 1.05483 0.958937
2900 pop2 1.05659 0.960539
3000 pop1 1.06109 0.964626
3000 pop2 1.04636 0.951241
3100 pop1 1.05253 0.956845
3100 pop2 1.05496 0.959053
3200 pop1 1.05992 0.96356
3200 pop2 1.05072 0.955198
3300 pop1 1.05451 0.958643
3300 pop2 1.05679 0.960718
3400 pop1 1.05479 0.958898
3400 pop2 1.05619 0.960174
3500 pop1 1.05918 0.962889
3500 pop2 1.05235 0.956679
3600 pop1 1.05936 0.963054
3600 pop2 1.04913 0.953753
3700 pop1 1.0626 0.965998
3700 pop2 1.04992 0.954472
3800 pop1 1.06584 0.968949
3800 pop2 1.04727 0.952062
3900 pop1 1.06478 0.967978
3900 pop2 1.04585 0.950772
4000 pop1 1.05507 0.959154
4000 pop2 1.05829 0.96208
4100 pop1 1.0493 0.953906
4100 pop2 1.05887 0.96261
4200 pop1 1.0465 0.951364
4200 pop2 1.06209 0.965537
4300 pop1 1.05385 0.958045
4300 pop2 1.05942 0.963113
4400 pop1 1.04915 0.953775
4400 pop2 1.06034 0.963949
4500 pop1 1.04984 0.954403
4500 pop2 1.06296 0.966329
4600 pop1 1.05726 0.961143
4600 pop2 1.05464 0.958765
4700 pop1 1.06139 0.964904
4700 pop2 1.05066 0.95515
4800 pop1 1.06566 0.968779
4800 pop2 1.04822 0.952931
4900 pop1 1.05677 0.960699
4900 pop2 1.05344 0.957669
5000 pop1 1.05459 0.958715
5000 pop2 1.05535 0.959408
