1 pop1 1.0 0.980392
1 pop2 1.0 0.980392
100 pop1 1.00397 0.984281
100 pop2 1.01027 0.990461
200 pop1 1.00765 0.987895
200 pop2 1.00933 0.989543
300 pop1 1.00718 0.987433
300 pop2 1.00896 0.989172
400 pop1 1.00752 0.987767
400 pop2 1.00961 0.989809
500 pop1 1.00826 0.988494
500 pop2 1.01151 0.991675
600 pop1 1.00627 0.986537
600 pop2 1.01117 0.991345
700 pop1 1.00859 0.988816
700 pop2 1.00687 0.987124
800 pop1 1.00733 0.987581
800 pop2 1.0079 0.988134
900 pop1 1.00789 0.988125
900 pop2 1.00776 0.987995
1000 pop1 1.00933 0.98954
1000 pop2 1.00963 0.989833
1100 pop1 1.01109 0.991264
1100 pop2 0.99688 0.977334
1200 pop1 1.01616 0.996232
1200 pop2 0.997538 0.977978
1300 pop1 1.01796 0.998001
1300 pop2 0.996836 0.97729
1400 pop1 1.01764 0.99769
1400 pop2 0.997911 0.978344
1500 pop1 1.01829 0.99832
1500 pop2 0.998432 0.978855
1600 pop1 1.01905 0.999067
1600 pop2 0.998771 0.979187
1700 pop1 1.01981 0.999811
1700 pop2 0.999346 0.979751
1800 pop1 1.02002 1.00002
1800 pop2 0.99905 0.979461
1900 pop1 1.0201 1.0001
1900 pop2 0.999625 0.980024
2000 pop1 1.0201 1.0001
2000 pop2 0.999793 0.980189
2100 pop1 1.0201 1.0001
2100 pop2 0.999705 0.980103
2200 pop1 1.0201 1.0001
2200 pop2 0.99986 0.980255
2300 pop1 1.0201 1.0001
2300 pop2 0.999908 0.980302
2400 pop1 1.0201 1.0001
2400 pop2 1.0 0.980392
2500 pop1 1.0201 1.0001
2500 pop2 1.0 0.980392
2600 pop1 1.0201 1.0001
2600 pop2 1.0 0.980392
2700 pop1 1.0201 1.0001
2700 pop2 1.0 0.980392
2800 pop1 1.0201 1.0001
2800 pop2 1.0 0.980392
2900 pop1 1.0201 1.0001
2900 pop2 1.0 0.980392
3000 pop1 1.0201 1.0001
3000 pop2 1.0 0.980392
3100 pop1 1.0201 1.0001
3100 pop2 1.0 0.980392
3200 pop1 1.0201 1.0001
3200 pop2 1.0 0.980392
3300 pop1 1.0201 1.0001
3300 pop2 1.0 0.980392
3400 pop1 1.0201 1.0001
3400 pop2 1.0 0.980392
3500 pop1 1.0201 1.0001
3500 pop2 1.0 0.980392
3600 pop1 1.0201 1.0001
3600 pop2 1.0 0.980392
3700 pop1 1.0201 1.0001
3700 pop2 1.0 0.980392
3800 pop1 1.0201 1.0001
3800 pop2 1.0 0.980392
3900 pop1 1.0201 1.0001
3900 pop2 1.0 0.980392
4000 pop1 1.0201 1.0001
4000 pop2 1.0 0.980392
4100 pop1 1.0201 1.0001
4100 pop2 1.0 0.980392
4200 pop1 1.0201 1.0001
4200 pop2 1.0 0.980392
4300 pop1 1.0201 1.0001
4300 pop2 1.0 0.980392
4400 pop1 1.0201 1.0001
4400 pop2 1.0 0.980392
4500 pop1 1.0201 1.0001
4500 pop2 1.0 0.980392
4600 pop1 1.0201 1.0001
4600 pop2 1.0 0.980392
4700 pop1 1.0201 1.0001
4700 pop2 1.0 0.980392
4800 pop1 1.0201 1.0001
4800 pop2 1.0 0.980392
4900 pop1 1.0201 1.0001
4900 pop2 1.0 0.980392
5000 pop1 1.0201 1.0001
5000 pop2 1.0 0.980392
