1 pop1 1.0 0.909091
1 pop2 1.0 0.909091
100 pop1 1.08612 0.987383
100 pop2 1.08668 0.987895
200 pop1 1.08158 0.983258
200 pop2 1.0843 0.98573
300 pop1 1.08365 0.985136
300 pop2 1.08211 0.983734
400 pop1 1.08434 0.985762
400 pop2 1.08503 0.986386
500 pop1 1.08326 0.984782
500 pop2 1.08131 0.98301
600 pop1 1.08341 0.984917
600 pop2 1.08686 0.988054
700 pop1 1.08111 0.982824
700 pop2 1.0846 0.986004
800 pop1 1.08181 0.983462
800 pop2 1.08432 0.985741
900 pop1 1.08387 0.985338
900 pop2 1.08469 0.986078
1000 pop1 1.08475 0.986139
1000 pop2 1.08779 0.988901
1100 pop1 1.08793 0.989026
1100 pop2 0.992811 0.902555
1200 pop1 1.09714 0.997401
1200 pop2 0.990085 0.900078
1300 pop1 1.09675 0.997048
1300 pop2 0.988723 0.898839
1400 pop1 1.09758 0.997803
1400 pop2 0.990283 0.900257
1500 pop1 1.09818 0.998346
1500 pop2 0.995181 0.90471
1600 pop1 1.10005 1.00004
1600 pop2 0.996998 0.906362
1700 pop1 1.10214 1.00195
1700 pop2 0.997156 0.906505
1800 pop1 1.10261 1.00237
1800 pop2 0.999012 0.908193
1900 pop1 1.10254 1.00231
1900 pop2 0.999427 0.90857
2000 pop1 1.10251 1.00228
2000 pop2 0.99998 0.909073
2100 pop1 1.1025 1.00227
2100 pop2 1.0 0.909091
2200 pop1 1.1025 1.00227
2200 pop2 1.0 0.909091
2300 pop1 1.1025 1.00227
2300 pop2 1.0 0.909091
2400 pop1 1.1025 1.00227
2400 pop2 1.0 0.909091
2500 pop1 1.1025 1.00227
2500 pop2 1.0 0.909091
2600 pop1 1.1025 1.00227
2600 pop2 1.0 0.909091
2700 pop1 1.1025 1.00227
2700 pop2 1.0 0.909091
2800 pop1 1.1025 1.00227
2800 pop2 1.0 0.909091
2900 pop1 1.1025 1.00227
2900 pop2 1.0 0.909091
3000 pop1 1.1025 1.00227
3000 pop2 1.0 0.909091
3100 pop1 1.1025 1.00227
3100 pop2 1.0 0.909091
3200 pop1 1.1025 1.00227
3200 pop2 1.0 0.909091
3300 pop1 1.1025 1.00227
3300 pop2 1.0 0.909091
3400 pop1 1.1025 1.00227
3400 pop2 1.0 0.909091
3500 pop1 1.1025 1.00227
3500 pop2 1.0 0.909091
3600 pop1 1.1025 1.00227
3600 pop2 1.0 0.909091
3700 pop1 1.1025 1.00227
3700 pop2 1.0 0.909091
3800 pop1 1.1025 1.00227
3800 pop2 1.0 0.909091
3900 pop1 1.1025 1.00227
3900 pop2 1.0 0.909091
4000 pop1 1.1025 1.00227
4000 pop2 1.0 0.909091
4100 pop1 1.1025 1.00227
4100 pop2 1.0 0.909091
4200 pop1 1.1025 1.00227
4200 pop2 1.0 0.909091
4300 pop1 1.1025 1.00227
4300 pop2 1.0 0.909091
4400 pop1 1.1025 1.00227
4400 pop2 1.0 0.909091
4500 pop1 1.1025 1.00227
4500 pop2 1.0 0.909091
4600 pop1 1.1025 1.00227
4600 pop2 1.0 0.909091
4700 pop1 1.1025 1.00227
4700 pop2 1.0 0.909091
4800 pop1 1.1025 1.00227
4800 pop2 1.0 0.909091
4900 pop1 1.1025 1.00227
4900 pop2 1.0 0.909091
5000 pop1 1.1025 1.00227
5000 pop2 1.0 0.909091
