1 pop1 1.0 0.980392
1 pop2 1.0 0.980392
100 pop1 1.00859 0.988817
100 pop2 1.00882 0.98904
200 pop1 1.00856 0.988786
200 pop2 1.01069 0.990874
300 pop1 1.00876 0.988981
300 pop2 1.0087 0.98892
400 pop1 1.00798 0.988216
400 pop2 1.00879 0.989014
500 pop1 1.00597 0.986249
500 pop2 1.01002 0.99022
600 pop1 1.00959 0.989795
600 pop2 1.00904 0.989251
700 pop1 1.00867 0.988889
700 pop2 1.00765 0.987889
800 pop1 1.00857 0.98879
800 pop2 1.00872 0.988942
900 pop1 1.00864 0.988866
900 pop2 1.00875 0.988975
1000 pop1 1.00757 0.987815
1000 pop2 1.00886 0.989078
1100 pop1 1.01454 0.994648
1100 pop2 0.998629 0.979048
1200 pop1 1.01837 0.998404
1200 pop2 0.999043 0.979454
1300 pop1 1.01955 0.999557
1300 pop2 0.998807 0.979223
1400 pop1 1.02009 1.00009
1400 pop2 0.999166 0.979575
1500 pop1 1.0201 1.0001
1500 pop2 0.999613 0.980013
1600 pop1 1.0201 1.0001
1600 pop2 0.999449 0.979852
1700 pop1 1.0201 1.0001
1700 pop2 0.99984 0.980236
1800 pop1 1.0201 1.0001
1800 pop2 1.0 0.980392
1900 pop1 1.0201 1.0001
1900 pop2 1.0 0.980392
2000 pop1 1.0201 1.0001
2000 pop2 1.0 0.980392
2100 pop1 1.0201 1.0001
2100 pop2 1.0 0.980392
2200 pop1 1.0201 1.0001
2200 pop2 1.0 0.980392
2300 pop1 1.0201 1.0001
2300 pop2 1.0 0.980392
2400 pop1 1.0201 1.0001
2400 pop2 1.0 0.980392
2500 pop1 1.0201 1.0001
2500 pop2 1.0 0.980392
2600 pop1 1.0201 1.0001
2600 pop2 1.0 0.980392
2700 pop1 1.0201 1.0001
2700 pop2 1.0 0.980392
2800 pop1 1.0201 1.0001
2800 pop2 1.0 0.980392
2900 pop1 1.0201 1.0001
2900 pop2 1.0 0.980392
3000 pop1 1.0201 1.0001
3000 pop2 1.0 0.980392
3100 pop1 1.0201 1.0001
3100 pop2 1.0 0.980392
3200 pop1 1.0201 1.0001
3200 pop2 1.0 0.980392
3300 pop1 1.0201 1.0001
3300 pop2 1.0 0.980392
3400 pop1 1.0201 1.0001
3400 pop2 1.0 0.980392
3500 pop1 1.0201 1.0001
3500 pop2 1.0 0.980392
3600 pop1 1.0201 1.0001
3600 pop2 1.0 0.980392
3700 pop1 1.0201 1.0001
3700 pop2 1.0 0.980392
3800 pop1 1.0201 1.0001
3800 pop2 1.0 0.980392
3900 pop1 1.0201 1.0001
3900 pop2 1.0 0.980392
4000 pop1 1.0201 1.0001
4000 pop2 1.0 0.980392
4100 pop1 1.0201 1.0001
4100 pop2 1.0 0.980392
4200 pop1 1.0201 1.0001
4200 pop2 1.0 0.980392
4300 pop1 1.0201 1.0001
4300 pop2 1.0 0.980392
4400 pop1 1.0201 1.0001
4400 pop2 1.0 0.980392
4500 pop1 1.0201 1.0001
4500 pop2 1.0 0.980392
4600 pop1 1.0201 1.0001
4600 pop2 1.0 0.980392
4700 pop1 1.0201 1.0001
4700 pop2 1.0 0.980392
4800 pop1 1.0201 1.0001
4800 pop2 1.0 0.980392
4900 pop1 1.0201 1.0001
4900 pop2 1.0 0.980392
5000 pop1 1.0201 1.0001
5000 pop2 1.0 0.980392
