1 pop1 1.0 0.980392
1 pop2 1.0 0.980392
100 pop1 1.00432 0.984629
100 pop2 0.998683 0.979101
200 pop1 1.00522 0.985512
200 pop2 0.997986 0.978417
300 pop1 1.00458 0.98488
300 pop2 0.999077 0.979488
400 pop1 1.00358 0.983905
400 pop2 1.00026 0.980642
500 pop1 1.00158 0.981943
500 pop2 1.00111 0.981477
600 pop1 1.00252 0.98286
600 pop2 1.00092 0.981298
700 pop1 1.00238 0.982727
700 pop2 1.00172 0.982083
800 pop1 0.999859 0.980254
800 pop2 1.00318 0.983506
900 pop1 1.00018 0.980569
900 pop2 1.00377 0.984086
1000 pop1 0.999938 0.980332
1000 pop2 1.00156 0.981917
1100 pop1 1.00686 0.987117
1100 pop2 0.996685 0.977142
1200 pop1 1.01303 0.99317
1200 pop2 0.996879 0.977332
1300 pop1 1.01698 0.997039
1300 pop2 0.997842 0.978277
1400 pop1 1.01867 0.998696
1400 pop2 0.998692 0.97911
1500 pop1 1.01965 0.999658
1500 pop2 0.999318 0.979723
1600 pop1 1.01983 0.999833
1600 pop2 0.998795 0.979211
1700 pop1 1.0201 1.0001
1700 pop2 0.998919 0.979332
1800 pop1 1.0201 1.0001
1800 pop2 0.998795 0.979211
1900 pop1 1.0201 1.0001
1900 pop2 0.999665 0.980064
2000 pop1 1.0201 1.0001
2000 pop2 0.99984 0.980236
2100 pop1 1.0201 1.0001
2100 pop2 0.999988 0.98038
2200 pop1 1.0201 1.0001
2200 pop2 1.0 0.980392
2300 pop1 1.0201 1.0001
2300 pop2 1.0 0.980392
2400 pop1 1.0201 1.0001
2400 pop2 1.0 0.980392
2500 pop1 1.0201 1.0001
2500 pop2 1.0 0.980392
2600 pop1 1.0201 1.0001
2600 pop2 1.0 0.980392
2700 pop1 1.0201 1.0001
2700 pop2 1.0 0.980392
2800 pop1 1.0201 1.0001
2800 pop2 1.0 0.980392
2900 pop1 1.0201 1.0001
2900 pop2 1.0 0.980392
3000 pop1 1.0201 1.0001
3000 pop2 1.0 0.980392
3100 pop1 1.0201 1.0001
3100 pop2 1.0 0.980392
3200 pop1 1.0201 1.0001
3200 pop2 1.0 0.980392
3300 pop1 1.0201 1.0001
3300 pop2 1.0 0.980392
3400 pop1 1.0201 1.0001
3400 pop2 1.0 0.980392
3500 pop1 1.0201 1.0001
3500 pop2 1.0 0.980392
3600 pop1 1.0201 1.0001
3600 pop2 1.0 0.980392
3700 pop1 1.0201 1.0001
3700 pop2 1.0 0.980392
3800 pop1 1.0201 1.0001
3800 pop2 1.0 0.980392
3900 pop1 1.0201 1.0001
3900 pop2 1.0 0.980392
4000 pop1 1.0201 1.0001
4000 pop2 1.0 0.980392
4100 pop1 1.0201 1.0001
4100 pop2 1.0 0.980392
4200 pop1 1.0201 1.0001
4200 pop2 1.0 0.980392
4300 pop1 1.0201 1.0001
4300 pop2 1.0 0.980392
4400 pop1 1.0201 1.0001
4400 pop2 1.0 0.980392
4500 pop1 1.0201 1.0001
4500 pop2 1.0 0.980392
4600 pop1 1.0201 1.0001
4600 pop2 1.0 0.980392
4700 pop1 1.0201 1.0001
4700 pop2 1.0 0.980392
4800 pop1 1.0201 1.0001
4800 pop2 1.0 0.980392
4900 pop1 1.0201 1.0001
4900 pop2 1.0 0.980392
5000 pop1 1.0201 1.0001
5000 pop2 1.0 0.980392
