1 pop1 1.0 0.833333
1 pop2 1.0 0.833333
100 pop1 1.19378 0.994817
100 pop2 1.18928 0.99107
200 pop1 1.19559 0.996328
200 pop2 1.1904 0.991999
300 pop1 1.19005 0.991712
300 pop2 1.18969 0.991405
400 pop1 1.19109 0.992576
400 pop2 1.19162 0.993014
500 pop1 1.19273 0.993943
500 pop2 1.19136 0.992803
600 pop1 1.1845 0.987085
600 pop2 1.19205 0.993373
700 pop1 1.19387 0.994889
700 pop2 1.19302 0.994187
800 pop1 1.19141 0.992844
800 pop2 1.19406 0.995053
900 pop1 1.18734 0.989446
900 pop2 1.19337 0.994472
1000 pop1 1.1916 0.992998
1000 pop2 1.19268 0.9939
1100 pop1 1.19251 0.99376
1100 pop2 1.19263 0.99386
1200 pop1 1.18955 0.991295
1200 pop2 1.19184 0.993199
1300 pop1 1.19223 0.993521
1300 pop2 1.19421 0.995171
1400 pop1 1.1868 0.989003
1400 pop2 1.19216 0.993468
1500 pop1 1.18765 0.989711
1500 pop2 1.1908 0.992336
1600 pop1 1.18992 0.991599
1600 pop2 1.19535 0.996126
1700 pop1 1.19241 0.993677
1700 pop2 1.18914 0.990953
1800 pop1 1.19333 0.994444
1800 pop2 1.19097 0.992476
1900 pop1 1.19231 0.993594
1900 pop2 1.19283 0.994022
2000 pop1 1.1884 0.990335
2000 pop2 1.19517 0.995972
2100 pop1 1.18976 0.99147
2100 pop2 1.18806 0.99005
2200 pop1 1.18994 0.991613
2200 pop2 1.18869 0.990572
2300 pop1 1.19506 0.995881
2300 pop2 1.19479 0.99566
2400 pop1 1.19043 0.992025
2400 pop2 1.19171 0.993094
2500 pop1 1.19311 0.994257
2500 pop2 1.19432 0.995264
2600 pop1 1.18953 0.991279
2600 pop2 1.1963 0.996917
2700 pop1 1.18946 0.991219
2700 pop2 1.19377 0.994807
2800 pop1 1.18876 0.990629
2800 pop2 1.19096 0.992463
2900 pop1 1.1913 0.99275
2900 pop2 1.19461 0.995504
3000 pop1 1.19111 0.992594
3000 pop2 1.19177 0.993138
3100 pop1 1.1925 0.993752
3100 pop2 1.19349 0.994573
3200 pop1 1.18538 0.98782
3200 pop2 1.1931 0.994249
3300 pop1 1.19098 0.992484
3300 pop2 1.19129 0.992738
3400 pop1 1.18869 0.990576
3400 pop2 1.1923 0.993582
3500 pop1 1.19069 0.992246
3500 pop2 1.18986 0.991552
3600 pop1 1.19436 0.995296
3600 pop2 1.19226 0.993552
3700 pop1 1.191 0.992501
3700 pop2 1.19232 0.993599
3800 pop1 1.1908 0.992336
3800 pop2 1.19144 0.992868
3900 pop1 1.18823 0.990195
3900 pop2 1.1887 0.990585
4000 pop1 1.18686 0.989048
4000 pop2 1.19354 0.994615
4100 pop1 1.18878 0.990652
4100 pop2 1.19213 0.993439
4200 pop1 1.188 0.990002
4200 pop2 1.19096 0.992463
4300 pop1 1.18886 0.990713
4300 pop2 1.19471 0.995595
4400 pop1 1.18855 0.990456
4400 pop2 1.19259 0.993823
4500 pop1 1.18801 0.990007
4500 pop2 1.1911 0.992584
4600 pop1 1.19079 0.992324
4600 pop2 1.19002 0.991686
4700 pop1 1.19034 0.991946
4700 pop2 1.19028 0.991903
4800 pop1 1.19136 0.992801
4800 pop2 1.18577 0.988142
4900 pop1 1.18916 0.990968
4900 pop2 1.18804 0.990035
5000 pop1 1.19233 0.993611
5000 pop2 1.18703 0.989191
