1 pop1 1.0 0.980392
1 pop2 1.0 0.980392
100 pop1 0.99934 0.979746
100 pop2 1.00168 0.982035
200 pop1 1.00045 0.980832
200 pop2 1.00167 0.982031
300 pop1 0.999808 0.980204
300 pop2 1.0028 0.983141
400 pop1 0.999277 0.979683
400 pop2 1.00335 0.983674
500 pop1 1.00118 0.981546
500 pop2 1.00092 0.981295
600 pop1 1.00301 0.983343
600 pop2 0.999495 0.979897
700 pop1 1.0011 0.981471
700 pop2 1.00002 0.98041
800 pop1 1.00076 0.981136
800 pop2 1.00121 0.981582
900 pop1 1.00165 0.982012
900 pop2 1.0003 0.980684
1000 pop1 1.00077 0.981144
1000 pop2 1.0001 0.980487
1100 pop1 1.00528 0.985566
1100 pop2 0.997656 0.978094
1200 pop1 1.00924 0.989452
1200 pop2 0.999074 0.979485
1300 pop1 1.0103 0.990495
1300 pop2 1.00075 0.98113
1400 pop1 1.01228 0.992429
1400 pop2 1.00506 0.985353
1500 pop1 1.01258 0.99273
1500 pop2 1.00769 0.987934
1600 pop1 1.01165 0.991819
1600 pop2 1.00883 0.989053
1700 pop1 1.01245 0.992598
1700 pop2 1.00851 0.988732
1800 pop1 1.01279 0.992931
1800 pop2 1.0076 0.98784
1900 pop1 1.01425 0.994361
1900 pop2 1.00622 0.986491
2000 pop1 1.01258 0.992721
2000 pop2 1.00902 0.989231
2100 pop1 1.01412 0.994231
2100 pop2 1.00754 0.987788
2200 pop1 1.01457 0.994675
2200 pop2 1.00715 0.987406
2300 pop1 1.01249 0.992641
2300 pop2 1.00832 0.988544
2400 pop1 1.01249 0.992641
2400 pop2 1.00821 0.988445
2500 pop1 1.01263 0.992776
2500 pop2 1.00767 0.98791
2600 pop1 1.0125 0.99265
2600 pop2 1.00811 0.988343
2700 pop1 1.01405 0.994167
2700 pop2 1.00749 0.98774
2800 pop1 1.01347 0.9936
2800 pop2 1.00738 0.987626
2900 pop1 1.01461 0.994718
2900 pop2 1.00587 0.986145
3000 pop1 1.01519 0.995285
3000 pop2 1.00555 0.98583
3100 pop1 1.01507 0.995169
3100 pop2 1.00577 0.986046
3200 pop1 1.01432 0.994436
3200 pop2 1.00592 0.9862
3300 pop1 1.01318 0.993314
3300 pop2 1.007 0.987251
3400 pop1 1.01362 0.993742
3400 pop2 1.00737 0.987621
3500 pop1 1.01269 0.992831
3500 pop2 1.00793 0.988166
3600 pop1 1.01356 0.993691
3600 pop2 1.00736 0.98761
3700 pop1 1.01346 0.993592
3700 pop2 1.00675 0.987011
3800 pop1 1.01365 0.99377
3800 pop2 1.00702 0.987274
3900 pop1 1.01343 0.993556
3900 pop2 1.00753 0.987775
4000 pop1 1.01543 0.995522
4000 pop2 1.00541 0.985699
4100 pop1 1.01634 0.996407
4100 pop2 1.00504 0.985329
4200 pop1 1.01542 0.995511
4200 pop2 1.00539 0.98568
4300 pop1 1.01604 0.996113
4300 pop2 1.00458 0.984884
4400 pop1 1.01584 0.995923
4400 pop2 1.004 0.984318
4500 pop1 1.01576 0.995844
4500 pop2 1.00479 0.985093
4600 pop1 1.01614 0.996217
4600 pop2 1.00453 0.984833
4700 pop1 1.01627 0.99634
4700 pop2 1.00413 0.98444
4800 pop1 1.01527 0.995363
4800 pop2 1.00577 0.986053
4900 pop1 1.01271 0.992854
4900 pop2 1.00753 0.987778
5000 pop1 1.01422 0.994329
5000 pop2 1.00766 0.9879
