1 pop1 1.0 0.909091
1 pop2 1.0 0.909091
100 pop1 1.08278 0.984348
100 pop2 1.08079 0.98254
200 pop1 1.08386 0.985331
200 pop2 1.08279 0.984355
300 pop1 1.08253 0.984119
300 pop2 1.08116 0.982872
400 pop1 1.08442 0.985837
400 pop2 1.08415 0.985588
500 pop1 1.08567 0.98697
500 pop2 1.08294 0.984493
600 pop1 1.08474 0.986124
600 pop2 1.08629 0.987535
700 pop1 1.08185 0.983503
700 pop2 1.07991 0.981734
800 pop1 1.08195 0.983593
800 pop2 1.08175 0.983406
900 pop1 1.08233 0.983938
900 pop2 1.08223 0.983847
1000 pop1 1.07802 0.980014
1000 pop2 1.08282 0.984379
1100 pop1 1.08875 0.98977
1100 pop2 1.07612 0.978293
1200 pop1 1.08658 0.987801
1200 pop2 1.08188 0.983526
1300 pop1 1.08681 0.988011
1300 pop2 1.08437 0.985793
1400 pop1 1.08392 0.98538
1400 pop2 1.08745 0.988587
1500 pop1 1.08637 0.987607
1500 pop2 1.08665 0.987861
1600 pop1 1.08688 0.988071
1600 pop2 1.08538 0.986706
1700 pop1 1.08573 0.987031
1700 pop2 1.08242 0.984016
1800 pop1 1.08507 0.986425
1800 pop2 1.08593 0.987212
1900 pop1 1.08594 0.987219
1900 pop2 1.08621 0.987465
2000 pop1 1.08636 0.987601
2000 pop2 1.08401 0.985466
2100 pop1 1.0872 0.988367
2100 pop2 1.0851 0.986456
2200 pop1 1.08917 0.990151
2200 pop2 1.08431 0.985736
2300 pop1 1.08702 0.988201
2300 pop2 1.08615 0.987406
2400 pop1 1.08676 0.987962
2400 pop2 1.08751 0.988641
2500 pop1 1.0856 0.986913
2500 pop2 1.08701 0.98819
2600 pop1 1.08574 0.98704
2600 pop2 1.08295 0.984498
2700 pop1 1.08731 0.98846
2700 pop2 1.08513 0.98648
2800 pop1 1.08583 0.987122
2800 pop2 1.08563 0.986934
2900 pop1 1.08377 0.98525
2900 pop2 1.08714 0.988309
3000 pop1 1.08582 0.98711
3000 pop2 1.08369 0.985168
3100 pop1 1.08608 0.987344
3100 pop2 1.08276 0.984323
3200 pop1 1.08409 0.985536
3200 pop2 1.08063 0.982389
3300 pop1 1.08045 0.982224
3300 pop2 1.08801 0.989099
3400 pop1 1.08371 0.985187
3400 pop2 1.08749 0.988625
3500 pop1 1.08128 0.982984
3500 pop2 1.0833 0.984814
3600 pop1 1.08662 0.987836
3600 pop2 1.08248 0.984073
3700 pop1 1.08432 0.985749
3700 pop2 1.08255 0.984132
3800 pop1 1.08735 0.988502
3800 pop2 1.08676 0.987968
3900 pop1 1.08197 0.983611
3900 pop2 1.08088 0.982619
4000 pop1 1.08457 0.985973
4000 pop2 1.08586 0.987147
4100 pop1 1.0864 0.987635
4100 pop2 1.0817 0.983365
4200 pop1 1.08534 0.986668
4200 pop2 1.08588 0.98716
4300 pop1 1.08659 0.987807
4300 pop2 1.08541 0.986733
4400 pop1 1.08559 0.986904
4400 pop2 1.08744 0.988583
4500 pop1 1.08466 0.986057
4500 pop2 1.08672 0.987931
4600 pop1 1.08745 0.988595
4600 pop2 1.08569 0.986994
4700 pop1 1.08475 0.986138
4700 pop2 1.08548 0.986803
4800 pop1 1.08206 0.983688
4800 pop2 1.08865 0.989681
4900 pop1 1.08549 0.986809
4900 pop2 1.08762 0.988742
5000 pop1 1.0868 0.988001
5000 pop2 1.08666 0.987871
