1 pop1 1.0 0.980392
1 pop2 1.0 0.980392
100 pop1 1.00012 0.980508
100 pop2 1.00254 0.982884
200 pop1 0.996608 0.977066
200 pop2 1.00679 0.987052
300 pop1 0.996745 0.977201
300 pop2 1.0067 0.986963
400 pop1 0.997807 0.978242
400 pop2 1.00572 0.986004
500 pop1 0.997723 0.97816
500 pop2 1.00504 0.985337
600 pop1 0.998188 0.978615
600 pop2 1.00492 0.985218
700 pop1 0.99978 0.980177
700 pop2 1.00464 0.98494
800 pop1 1.00342 0.983741
800 pop2 1.00062 0.981001
900 pop1 1.00372 0.984039
900 pop2 1.00099 0.981362
1000 pop1 1.00089 0.981268
1000 pop2 1.00285 0.983182
1100 pop1 1.00804 0.988277
1100 pop2 0.995087 0.975576
1200 pop1 1.01465 0.994756
1200 pop2 0.993153 0.973679
1300 pop1 1.01641 0.996484
1300 pop2 0.993211 0.973736
1400 pop1 1.01713 0.997187
1400 pop2 0.99328 0.973804
1500 pop1 1.01724 0.997295
1500 pop2 0.993858 0.974371
1600 pop1 1.01705 0.997111
1600 pop2 0.994617 0.975115
1700 pop1 1.01873 0.998751
1700 pop2 0.995301 0.975785
1800 pop1 1.02011 1.00011
1800 pop2 0.995849 0.976322
1900 pop1 1.02011 1.00011
1900 pop2 0.997742 0.978179
2000 pop1 1.0201 1.0001
2000 pop2 0.99846 0.978882
2100 pop1 1.0201 1.0001
2100 pop2 0.998939 0.979352
2200 pop1 1.0201 1.0001
2200 pop2 0.999334 0.979739
2300 pop1 1.0201 1.0001
2300 pop2 0.999904 0.980298
2400 pop1 1.0201 1.0001
2400 pop2 0.9999 0.980294
2500 pop1 1.0201 1.0001
2500 pop2 0.999832 0.980228
2600 pop1 1.0201 1.0001
2600 pop2 0.99992 0.980314
2700 pop1 1.0201 1.0001
2700 pop2 1.0 0.980392
2800 pop1 1.0201 1.0001
2800 pop2 1.0 0.980392
2900 pop1 1.0201 1.0001
2900 pop2 1.0 0.980392
3000 pop1 1.0201 1.0001
3000 pop2 1.0 0.980392
3100 pop1 1.0201 1.0001
3100 pop2 1.0 0.980392
3200 pop1 1.0201 1.0001
3200 pop2 1.0 0.980392
3300 pop1 1.0201 1.0001
3300 pop2 1.0 0.980392
3400 pop1 1.0201 1.0001
3400 pop2 1.0 0.980392
3500 pop1 1.0201 1.0001
3500 pop2 1.0 0.980392
3600 pop1 1.0201 1.0001
3600 pop2 1.0 0.980392
3700 pop1 1.0201 1.0001
3700 pop2 1.0 0.980392
3800 pop1 1.0201 1.0001
3800 pop2 1.0 0.980392
3900 pop1 1.0201 1.0001
3900 pop2 1.0 0.980392
4000 pop1 1.0201 1.0001
4000 pop2 1.0 0.980392
4100 pop1 1.0201 1.0001
4100 pop2 1.0 0.980392
4200 pop1 1.0201 1.0001
4200 pop2 1.0 0.980392
4300 pop1 1.0201 1.0001
4300 pop2 1.0 0.980392
4400 pop1 1.0201 1.0001
4400 pop2 1.0 0.980392
4500 pop1 1.0201 1.0001
4500 pop2 1.0 0.980392
4600 pop1 1.0201 1.0001
4600 pop2 1.0 0.980392
4700 pop1 1.0201 1.0001
4700 pop2 1.0 0.980392
4800 pop1 1.0201 1.0001
4800 pop2 1.0 0.980392
4900 pop1 1.0201 1.0001
4900 pop2 1.0 0.980392
5000 pop1 1.0201 1.0001
5000 pop2 1.0 0.980392
