1 pop1 1.0 0.909091
1 pop2 1.0 0.909091
100 pop1 1.08287 0.984428
100 pop2 1.0834 0.984905
200 pop1 1.08736 0.988508
200 pop2 1.08668 0.987888
300 pop1 1.08219 0.983811
300 pop2 1.0852 0.986545
400 pop1 1.08279 0.984358
400 pop2 1.08284 0.984402
500 pop1 1.08647 0.987703
500 pop2 1.08064 0.982402
600 pop1 1.08259 0.984171
600 pop2 1.08903 0.990023
700 pop1 1.08442 0.985836
700 pop2 1.08207 0.983704
800 pop1 1.08614 0.987396
800 pop2 1.08415 0.98559
900 pop1 1.08596 0.987238
900 pop2 1.0841 0.985547
1000 pop1 1.08348 0.984979
1000 pop2 1.08608 0.987349
1100 pop1 1.09449 0.994991
1100 pop2 0.998538 0.907762
1200 pop1 1.09892 0.999015
1200 pop2 0.997946 0.907224
1300 pop1 1.10051 1.00046
1300 pop2 0.999842 0.908947
1400 pop1 1.10175 1.00159
1400 pop2 1.0 0.909091
1500 pop1 1.10221 1.00201
1500 pop2 1.0 0.909091
1600 pop1 1.10246 1.00223
1600 pop2 1.0 0.909091
1700 pop1 1.1025 1.00227
1700 pop2 1.0 0.909091
1800 pop1 1.1025 1.00227
1800 pop2 1.0 0.909091
1900 pop1 1.1025 1.00227
1900 pop2 1.0 0.909091
2000 pop1 1.1025 1.00227
2000 pop2 1.0 0.909091
2100 pop1 1.1025 1.00227
2100 pop2 1.0 0.909091
2200 pop1 1.1025 1.00227
2200 pop2 1.0 0.909091
2300 pop1 1.1025 1.00227
2300 pop2 1.0 0.909091
2400 pop1 1.1025 1.00227
2400 pop2 1.0 0.909091
2500 pop1 1.1025 1.00227
2500 pop2 1.0 0.909091
2600 pop1 1.1025 1.00227
2600 pop2 1.0 0.909091
2700 pop1 1.1025 1.00227
2700 pop2 1.0 0.909091
2800 pop1 1.1025 1.00227
2800 pop2 1.0 0.909091
2900 pop1 1.1025 1.00227
2900 pop2 1.0 0.909091
3000 pop1 1.1025 1.00227
3000 pop2 1.0 0.909091
3100 pop1 1.1025 1.00227
3100 pop2 1.0 0.909091
3200 pop1 1.1025 1.00227
3200 pop2 1.0 0.909091
3300 pop1 1.1025 1.00227
3300 pop2 1.0 0.909091
3400 pop1 1.1025 1.00227
3400 pop2 1.0 0.909091
3500 pop1 1.1025 1.00227
3500 pop2 1.0 0.909091
3600 pop1 1.1025 1.00227
3600 pop2 1.0 0.909091
3700 pop1 1.1025 1.00227
3700 pop2 1.0 0.909091
3800 pop1 1.1025 1.00227
3800 pop2 1.0 0.909091
3900 pop1 1.1025 1.00227
3900 pop2 1.0 0.909091
4000 pop1 1.1025 1.00227
4000 pop2 1.0 0.909091
4100 pop1 1.1025 1.00227
4100 pop2 1.0 0.909091
4200 pop1 1.1025 1.00227
4200 pop2 1.0 0.909091
4300 pop1 1.1025 1.00227
4300 pop2 1.0 0.909091
4400 pop1 1.1025 1.00227
4400 pop2 1.0 0.909091
4500 pop1 1.1025 1.00227
4500 pop2 1.0 0.909091
4600 pop1 1.1025 1.00227
4600 pop2 1.0 0.909091
4700 pop1 1.1025 1.00227
4700 pop2 1.0 0.909091
4800 pop1 1.1025 1.00227
4800 pop2 1.0 0.909091
4900 pop1 1.1025 1.00227
4900 pop2 1.0 0.909091
5000 pop1 1.1025 1.00227
5000 pop2 1.0 0.909091
