1 pop1 1.0 0.909091
1 pop2 1.0 0.909091
100 pop1 1.08256 0.984146
100 pop2 1.08252 0.984108
200 pop1 1.0879 0.989002
200 pop2 1.08358 0.985076
300 pop1 1.08547 0.986791
300 pop2 1.08072 0.982474
400 pop1 1.08226 0.983871
400 pop2 1.08097 0.982704
500 pop1 1.08285 0.984409
500 pop2 1.0835 0.985001
600 pop1 1.0859 0.987181
600 pop2 1.08402 0.985477
700 pop1 1.08248 0.984074
700 pop2 1.07901 0.980918
800 pop1 1.08486 0.98624
800 pop2 1.0806 0.982361
900 pop1 1.08331 0.984825
900 pop2 1.0838 0.985268
1000 pop1 1.07734 0.979401
1000 pop2 1.08739 0.988538
1100 pop1 1.0907 0.991548
1100 pop2 1.06857 0.971424
1200 pop1 1.08119 0.982902
1200 pop2 1.086 0.987274
1300 pop1 1.08766 0.988783
1300 pop2 1.08877 0.989795
1400 pop1 1.08738 0.988526
1400 pop2 1.08777 0.98888
1500 pop1 1.08519 0.986541
1500 pop2 1.08098 0.98271
1600 pop1 1.08493 0.986297
1600 pop2 1.08573 0.987031
1700 pop1 1.08131 0.983011
1700 pop2 1.08546 0.986786
1800 pop1 1.08504 0.986403
1800 pop2 1.0864 0.98764
1900 pop1 1.08598 0.987251
1900 pop2 1.08774 0.988859
2000 pop1 1.08689 0.988083
2000 pop2 1.08348 0.984982
2100 pop1 1.0854 0.986725
2100 pop2 1.08308 0.984616
2200 pop1 1.08659 0.98781
2200 pop2 1.08542 0.986744
2300 pop1 1.08522 0.986561
2300 pop2 1.08556 0.986868
2400 pop1 1.08557 0.986884
2400 pop2 1.08778 0.988887
2500 pop1 1.0864 0.987637
2500 pop2 1.08547 0.986789
2600 pop1 1.08138 0.98307
2600 pop2 1.08694 0.988127
2700 pop1 1.08074 0.982493
2700 pop2 1.08544 0.986766
2800 pop1 1.08442 0.985839
2800 pop2 1.08585 0.987137
2900 pop1 1.08363 0.985118
2900 pop2 1.08602 0.987289
3000 pop1 1.0869 0.988092
3000 pop2 1.08234 0.983946
3100 pop1 1.086 0.987276
3100 pop2 1.08741 0.988554
3200 pop1 1.08693 0.98812
3200 pop2 1.08578 0.987069
3300 pop1 1.08611 0.987376
3300 pop2 1.08696 0.988141
3400 pop1 1.08369 0.985174
3400 pop2 1.0846 0.986003
3500 pop1 1.0878 0.988912
3500 pop2 1.08505 0.986406
3600 pop1 1.08294 0.984493
3600 pop2 1.08944 0.9904
3700 pop1 1.08619 0.987447
3700 pop2 1.08764 0.988768
3800 pop1 1.08787 0.98897
3800 pop2 1.08217 0.983795
3900 pop1 1.08518 0.986524
3900 pop2 1.08352 0.985017
4000 pop1 1.08586 0.987149
4000 pop2 1.08592 0.987198
4100 pop1 1.08334 0.98485
4100 pop2 1.08615 0.987412
4200 pop1 1.08316 0.98469
4200 pop2 1.08352 0.985022
4300 pop1 1.08724 0.988397
4300 pop2 1.0855 0.986818
4400 pop1 1.0866 0.987822
4400 pop2 1.08723 0.988392
4500 pop1 1.08583 0.987117
4500 pop2 1.08783 0.988941
4600 pop1 1.08707 0.988249
4600 pop2 1.08581 0.987098
4700 pop1 1.08252 0.984107
4700 pop2 1.08644 0.987673
4800 pop1 1.08267 0.984246
4800 pop2 1.08791 0.989013
4900 pop1 1.083 0.984547
4900 pop2 1.08699 0.988172
5000 pop1 1.08955 0.990502
5000 pop2 1.08719 0.988352
