1 pop1 1.0 0.980392
1 pop2 1.0 0.980392
100 pop1 1.01047 0.990654
100 pop2 1.00732 0.987571
200 pop1 1.00819 0.988423
200 pop2 1.00774 0.98798
300 pop1 1.00795 0.988186
300 pop2 1.0073 0.98755
400 pop1 1.00832 0.988551
400 pop2 1.00962 0.989827
500 pop1 1.00709 0.987344
500 pop2 1.00941 0.989614
600 pop1 1.01076 0.990937
600 pop2 1.00701 0.987269
700 pop1 1.01112 0.991296
700 pop2 1.00381 0.984123
800 pop1 1.00678 0.987037
800 pop2 1.00542 0.985704
900 pop1 1.00813 0.988366
900 pop2 1.00796 0.988191
1000 pop1 1.00812 0.988357
1000 pop2 1.00664 0.986906
1100 pop1 1.01371 0.993829
1100 pop2 0.997561 0.978001
1200 pop1 1.0175 0.997552
1200 pop2 0.998373 0.978797
1300 pop1 1.01842 0.998449
1300 pop2 0.999075 0.979485
1400 pop1 1.01958 0.999586
1400 pop2 0.999469 0.979872
1500 pop1 1.02009 1.00009
1500 pop2 0.99982 0.980216
1600 pop1 1.0201 1.0001
1600 pop2 0.999996 0.980388
1700 pop1 1.0201 1.0001
1700 pop2 1.0 0.980392
1800 pop1 1.0201 1.0001
1800 pop2 1.0 0.980392
1900 pop1 1.0201 1.0001
1900 pop2 1.0 0.980392
2000 pop1 1.0201 1.0001
2000 pop2 1.0 0.980392
2100 pop1 1.0201 1.0001
2100 pop2 1.0 0.980392
2200 pop1 1.0201 1.0001
2200 pop2 1.0 0.980392
2300 pop1 1.0201 1.0001
2300 pop2 1.0 0.980392
2400 pop1 1.0201 1.0001
2400 pop2 1.0 0.980392
2500 pop1 1.0201 1.0001
2500 pop2 1.0 0.980392
2600 pop1 1.0201 1.0001
2600 pop2 1.0 0.980392
2700 pop1 1.0201 1.0001
2700 pop2 1.0 0.980392
2800 pop1 1.0201 1.0001
2800 pop2 1.0 0.980392
2900 pop1 1.0201 1.0001
2900 pop2 1.0 0.980392
3000 pop1 1.0201 1.0001
3000 pop2 1.0 0.980392
3100 pop1 1.0201 1.0001
3100 pop2 1.0 0.980392
3200 pop1 1.0201 1.0001
3200 pop2 1.0 0.980392
3300 pop1 1.0201 1.0001
3300 pop2 1.0 0.980392
3400 pop1 1.0201 1.0001
3400 pop2 1.0 0.980392
3500 pop1 1.0201 1.0001
3500 pop2 1.0 0.980392
3600 pop1 1.0201 1.0001
3600 pop2 1.0 0.980392
3700 pop1 1.0201 1.0001
3700 pop2 1.0 0.980392
3800 pop1 1.0201 1.0001
3800 pop2 1.0 0.980392
3900 pop1 1.0201 1.0001
3900 pop2 1.0 0.980392
4000 pop1 1.0201 1.0001
4000 pop2 1.0 0.980392
4100 pop1 1.0201 1.0001
4100 pop2 1.0 0.980392
4200 pop1 1.0201 1.0001
4200 pop2 1.0 0.980392
4300 pop1 1.0201 1.0001
4300 pop2 1.0 0.980392
4400 pop1 1.0201 1.0001
4400 pop2 1.0 0.980392
4500 pop1 1.0201 1.0001
4500 pop2 1.0 0.980392
4600 pop1 1.0201 1.0001
4600 pop2 1.0 0.980392
4700 pop1 1.0201 1.0001
4700 pop2 1.0 0.980392
4800 pop1 1.0201 1.0001
4800 pop2 1.0 0.980392
4900 pop1 1.0201 1.0001
4900 pop2 1.0 0.980392
5000 pop1 1.0201 1.0001
5000 pop2 1.0 0.980392
