1 pop1 1.0 0.909091
1 pop2 1.0 0.909091
100 pop1 1.03062 0.93693
100 pop2 1.04529 0.950266
200 pop1 1.02939 0.935809
200 pop2 1.03771 0.943374
300 pop1 1.03417 0.940152
300 pop2 1.03589 0.941716
400 pop1 1.02932 0.935747
400 pop2 1.0375 0.943184
500 pop1 1.03308 0.939159
500 pop2 1.04441 0.949466
600 pop1 1.03376 0.939784
600 pop2 1.03828 0.943889
700 pop1 1.02699 0.933626
700 pop2 1.03983 0.945297
800 pop1 1.04133 0.946664
800 pop2 1.0337 0.939728
900 pop1 1.02735 0.933951
900 pop2 1.04011 0.945554
1000 pop1 1.03451 0.940467
1000 pop2 1.03437 0.940333
1100 pop1 1.05982 0.963475
1100 pop2 1.05029 0.95481
1200 pop1 1.0556 0.959636
1200 pop2 1.0582 0.961997
1300 pop1 1.05019 0.954716
1300 pop2 1.06424 0.967487
1400 pop1 1.05484 0.958943
1400 pop2 1.06742 0.970385
1500 pop1 1.04891 0.953554
1500 pop2 1.06864 0.971493
1600 pop1 1.05249 0.956805
1600 pop2 1.06961 0.972372
1700 pop1 1.05438 0.958526
1700 pop2 1.06243 0.965843
1800 pop1 1.05698 0.960893
1800 pop2 1.06467 0.967885
1900 pop1 1.05596 0.959959
1900 pop2 1.06495 0.96814
2000 pop1 1.06016 0.963779
2000 pop2 1.06089 0.964441
2100 pop1 1.06641 0.969465
2100 pop2 1.05498 0.959077
2200 pop1 1.06313 0.966481
2200 pop2 1.06059 0.964171
2300 pop1 1.05597 0.959972
2300 pop2 1.0617 0.965179
2400 pop1 1.06371 0.967008
2400 pop2 1.06091 0.964461
2500 pop1 1.06181 0.965285
2500 pop2 1.06383 0.967119
2600 pop1 1.06311 0.966464
2600 pop2 1.06213 0.965576
2700 pop1 1.06173 0.965208
2700 pop2 1.05752 0.961384
2800 pop1 1.06552 0.968652
2800 pop2 1.05379 0.957995
2900 pop1 1.06031 0.963919
2900 pop2 1.06064 0.964218
3000 pop1 1.0588 0.962546
3000 pop2 1.06283 0.966205
3100 pop1 1.06017 0.963787
3100 pop2 1.06606 0.969143
3200 pop1 1.06082 0.96438
3200 pop2 1.06197 0.965431
3300 pop1 1.06213 0.965571
3300 pop2 1.06225 0.965682
3400 pop1 1.06449 0.967716
3400 pop2 1.05611 0.960098
3500 pop1 1.06084 0.964402
3500 pop2 1.05835 0.962137
3600 pop1 1.05996 0.963598
3600 pop2 1.06332 0.966655
3700 pop1 1.0601 0.963724
3700 pop2 1.0621 0.965549
3800 pop1 1.0644 0.96764
3800 pop2 1.05594 0.959946
3900 pop1 1.0646 0.967823
3900 pop2 1.05643 0.96039
4000 pop1 1.06312 0.966472
4000 pop2 1.05904 0.962767
4100 pop1 1.06247 0.965884
4100 pop2 1.05884 0.962578
4200 pop1 1.06687 0.969886
4200 pop2 1.05694 0.960854
4300 pop1 1.06427 0.967521
4300 pop2 1.0554 0.959452
4400 pop1 1.06687 0.969881
4400 pop2 1.0586 0.962364
4500 pop1 1.06183 0.965296
4500 pop2 1.06073 0.9643
4600 pop1 1.06358 0.966892
4600 pop2 1.06221 0.965649
4700 pop1 1.06276 0.966145
4700 pop2 1.05868 0.962438
4800 pop1 1.0573 0.961181
4800 pop2 1.06172 0.965203
4900 pop1 1.05514 0.959215
4900 pop2 1.06579 0.968899
5000 pop1 1.05634 0.960313
5000 pop2 1.06695 0.969959
