1 pop1 1.0 0.980392
1 pop2 1.0 0.980392
100 pop1 1.00101 0.981387
100 pop2 1.001 0.981369
200 pop1 1.00112 0.981488
200 pop2 1.00089 0.981266
300 pop1 0.997526 0.977967
300 pop2 1.00411 0.984417
400 pop1 1.00115 0.981524
400 pop2 1.00129 0.981652
500 pop1 1.00159 0.981955
500 pop2 0.998962 0.979374
600 pop1 0.999364 0.979768
600 pop2 1.00124 0.981606
700 pop1 1.0 0.980394
700 pop2 1.00217 0.982516
800 pop1 0.99667 0.977128
800 pop2 1.00475 0.985047
900 pop1 0.997193 0.977641
900 pop2 1.00448 0.984782
1000 pop1 0.999148 0.979556
1000 pop2 1.00338 0.983707
1100 pop1 1.00663 0.986896
1100 pop2 0.99688 0.977333
1200 pop1 1.01529 0.995379
1200 pop2 0.996019 0.976489
1300 pop1 1.017 0.997058
1300 pop2 0.997064 0.977514
1400 pop1 1.01855 0.99858
1400 pop2 0.99706 0.97751
1500 pop1 1.01955 0.999558
1500 pop2 0.997909 0.978342
1600 pop1 1.01998 0.999978
1600 pop2 0.997439 0.977881
1700 pop1 1.02011 1.0001
1700 pop2 0.998017 0.978448
1800 pop1 1.0201 1.0001
1800 pop2 0.998169 0.978597
1900 pop1 1.0201 1.0001
1900 pop2 0.999122 0.979532
2000 pop1 1.0201 1.0001
2000 pop2 0.99939 0.979794
2100 pop1 1.0201 1.0001
2100 pop2 0.999449 0.979852
2200 pop1 1.0201 1.0001
2200 pop2 0.999769 0.980165
2300 pop1 1.0201 1.0001
2300 pop2 0.999789 0.980185
2400 pop1 1.0201 1.0001
2400 pop2 0.999577 0.979977
2500 pop1 1.0201 1.0001
2500 pop2 0.999557 0.979958
2600 pop1 1.0201 1.0001
2600 pop2 0.999637 0.980036
2700 pop1 1.0201 1.0001
2700 pop2 0.99986 0.980255
2800 pop1 1.0201 1.0001
2800 pop2 1.0 0.980392
2900 pop1 1.0201 1.0001
2900 pop2 1.0 0.980392
3000 pop1 1.0201 1.0001
3000 pop2 1.0 0.980392
3100 pop1 1.0201 1.0001
3100 pop2 1.0 0.980392
3200 pop1 1.0201 1.0001
3200 pop2 1.0 0.980392
3300 pop1 1.0201 1.0001
3300 pop2 1.0 0.980392
3400 pop1 1.0201 1.0001
3400 pop2 1.0 0.980392
3500 pop1 1.0201 1.0001
3500 pop2 1.0 0.980392
3600 pop1 1.0201 1.0001
3600 pop2 1.0 0.980392
3700 pop1 1.0201 1.0001
3700 pop2 1.0 0.980392
3800 pop1 1.0201 1.0001
3800 pop2 1.0 0.980392
3900 pop1 1.0201 1.0001
3900 pop2 1.0 0.980392
4000 pop1 1.0201 1.0001
4000 pop2 1.0 0.980392
4100 pop1 1.0201 1.0001
4100 pop2 1.0 0.980392
4200 pop1 1.0201 1.0001
4200 pop2 1.0 0.980392
4300 pop1 1.0201 1.0001
4300 pop2 1.0 0.980392
4400 pop1 1.0201 1.0001
4400 pop2 1.0 0.980392
4500 pop1 1.0201 1.0001
4500 pop2 1.0 0.980392
4600 pop1 1.0201 1.0001
4600 pop2 1.0 0.980392
4700 pop1 1.0201 1.0001
4700 pop2 1.0 0.980392
4800 pop1 1.0201 1.0001
4800 pop2 1.0 0.980392
4900 pop1 1.0201 1.0001
4900 pop2 1.0 0.980392
5000 pop1 1.0201 1.0001
5000 pop2 1.0 0.980392
