1 pop1 1.0 0.980392
1 pop2 1.0 0.980392
100 pop1 0.99899 0.979402
100 pop2 1.00212 0.982467
200 pop1 1.00027 0.980656
200 pop2 1.00174 0.982099
300 pop1 0.995396 0.975878
300 pop2 1.00703 0.987285
400 pop1 0.994093 0.974601
400 pop2 1.00825 0.988476
500 pop1 0.992031 0.972579
500 pop2 1.00901 0.989224
600 pop1 0.992452 0.972992
600 pop2 1.01002 0.990216
700 pop1 0.993101 0.973628
700 pop2 1.00737 0.987622
800 pop1 0.994158 0.974664
800 pop2 1.00788 0.988121
900 pop1 0.996264 0.97673
900 pop2 1.00618 0.986453
1000 pop1 0.997325 0.97777
1000 pop2 1.00418 0.984494
1100 pop1 1.00601 0.986283
1100 pop2 0.995251 0.975736
1200 pop1 1.01045 0.990639
1200 pop2 0.995014 0.975504
1300 pop1 1.01449 0.9946
1300 pop2 0.995328 0.975812
1400 pop1 1.01741 0.997456
1400 pop2 0.995051 0.97554
1500 pop1 1.01874 0.998762
1500 pop2 0.996931 0.977383
1600 pop1 1.01872 0.998745
1600 pop2 0.997727 0.978164
1700 pop1 1.01927 0.999288
1700 pop2 0.998875 0.979289
1800 pop1 1.01988 0.999879
1800 pop2 0.999031 0.979442
1900 pop1 1.01948 0.999494
1900 pop2 0.998097 0.978526
2000 pop1 1.02011 1.0001
2000 pop2 0.998228 0.978655
2100 pop1 1.0201 1.0001
2100 pop2 0.998611 0.979031
2200 pop1 1.0201 1.0001
2200 pop2 0.999569 0.97997
2300 pop1 1.0201 1.0001
2300 pop2 0.9998 0.980197
2400 pop1 1.0201 1.0001
2400 pop2 0.99988 0.980275
2500 pop1 1.0201 1.0001
2500 pop2 1.0 0.980392
2600 pop1 1.0201 1.0001
2600 pop2 1.0 0.980392
2700 pop1 1.0201 1.0001
2700 pop2 1.0 0.980392
2800 pop1 1.0201 1.0001
2800 pop2 1.0 0.980392
2900 pop1 1.0201 1.0001
2900 pop2 1.0 0.980392
3000 pop1 1.0201 1.0001
3000 pop2 1.0 0.980392
3100 pop1 1.0201 1.0001
3100 pop2 1.0 0.980392
3200 pop1 1.0201 1.0001
3200 pop2 1.0 0.980392
3300 pop1 1.0201 1.0001
3300 pop2 1.0 0.980392
3400 pop1 1.0201 1.0001
3400 pop2 1.0 0.980392
3500 pop1 1.0201 1.0001
3500 pop2 1.0 0.980392
3600 pop1 1.0201 1.0001
3600 pop2 1.0 0.980392
3700 pop1 1.0201 1.0001
3700 pop2 1.0 0.980392
3800 pop1 1.0201 1.0001
3800 pop2 1.0 0.980392
3900 pop1 1.0201 1.0001
3900 pop2 1.0 0.980392
4000 pop1 1.0201 1.0001
4000 pop2 1.0 0.980392
4100 pop1 1.0201 1.0001
4100 pop2 1.0 0.980392
4200 pop1 1.0201 1.0001
4200 pop2 1.0 0.980392
4300 pop1 1.0201 1.0001
4300 pop2 1.0 0.980392
4400 pop1 1.0201 1.0001
4400 pop2 1.0 0.980392
4500 pop1 1.0201 1.0001
4500 pop2 1.0 0.980392
4600 pop1 1.0201 1.0001
4600 pop2 1.0 0.980392
4700 pop1 1.0201 1.0001
4700 pop2 1.0 0.980392
4800 pop1 1.0201 1.0001
4800 pop2 1.0 0.980392
4900 pop1 1.0201 1.0001
4900 pop2 1.0 0.980392
5000 pop1 1.0201 1.0001
5000 pop2 1.0 0.980392
