1 pop1 1.0 0.909091
1 pop2 1.0 0.909091
100 pop1 1.04086 0.946238
100 pop2 1.02842 0.934924
200 pop1 1.03538 0.941256
200 pop2 1.03331 0.939375
300 pop1 1.03633 0.942119
300 pop2 1.03638 0.942162
400 pop1 1.03896 0.944513
400 pop2 1.03283 0.93894
500 pop1 1.03562 0.941472
500 pop2 1.03459 0.940532
600 pop1 1.0338 0.939818
600 pop2 1.03429 0.940268
700 pop1 1.03674 0.942487
700 pop2 1.03236 0.938513
800 pop1 1.03589 0.941722
800 pop2 1.04084 0.946215
900 pop1 1.037 0.94273
900 pop2 1.03512 0.941021
1000 pop1 1.03245 0.93859
1000 pop2 1.04325 0.948412
1100 pop1 1.06753 0.970477
1100 pop2 1.04801 0.952736
1200 pop1 1.0653 0.968454
1200 pop2 1.05671 0.960645
1300 pop1 1.06116 0.964693
1300 pop2 1.0631 0.966456
1400 pop1 1.05583 0.959849
1400 pop2 1.06129 0.964807
1500 pop1 1.06016 0.963783
1500 pop2 1.06429 0.967537
1600 pop1 1.0618 0.965273
1600 pop2 1.06053 0.964115
1700 pop1 1.06515 0.968323
1700 pop2 1.05686 0.960782
1800 pop1 1.06248 0.965888
1800 pop2 1.06008 0.963712
1900 pop1 1.06206 0.965506
1900 pop2 1.06589 0.968991
2000 pop1 1.06012 0.963743
2000 pop2 1.061 0.964546
2100 pop1 1.05774 0.961581
2100 pop2 1.06189 0.965359
2200 pop1 1.05195 0.956318
2200 pop2 1.06869 0.971538
2300 pop1 1.06611 0.969195
2300 pop2 1.05723 0.961118
2400 pop1 1.06085 0.964409
2400 pop2 1.06012 0.963745
2500 pop1 1.06521 0.968375
2500 pop2 1.05476 0.958875
2600 pop1 1.06498 0.968159
2600 pop2 1.05899 0.962717
2700 pop1 1.06074 0.964308
2700 pop2 1.05905 0.962769
2800 pop1 1.0669 0.969905
2800 pop2 1.05666 0.960596
2900 pop1 1.05285 0.957134
2900 pop2 1.06678 0.969796
3000 pop1 1.05273 0.957027
3000 pop2 1.06685 0.969865
3100 pop1 1.05833 0.962116
3100 pop2 1.06599 0.96908
3200 pop1 1.05967 0.963337
3200 pop2 1.06456 0.967781
3300 pop1 1.06139 0.964898
3300 pop2 1.05987 0.963516
3400 pop1 1.06012 0.963743
3400 pop2 1.06053 0.964121
3500 pop1 1.06278 0.966164
3500 pop2 1.06298 0.966342
3600 pop1 1.06288 0.966257
3600 pop2 1.05964 0.963312
3700 pop1 1.05836 0.962144
3700 pop2 1.06166 0.965147
3800 pop1 1.06132 0.964837
3800 pop2 1.06301 0.966377
3900 pop1 1.05387 0.958067
3900 pop2 1.06666 0.96969
4000 pop1 1.05507 0.959158
4000 pop2 1.06703 0.970027
4100 pop1 1.05568 0.95971
4100 pop2 1.06571 0.968827
4200 pop1 1.0633 0.966632
4200 pop2 1.0597 0.963361
4300 pop1 1.05995 0.963587
4300 pop2 1.06094 0.964494
4400 pop1 1.06395 0.967227
4400 pop2 1.05908 0.962798
4500 pop1 1.06581 0.968914
4500 pop2 1.06111 0.964643
4600 pop1 1.06881 0.971646
4600 pop2 1.0571 0.961004
4700 pop1 1.06976 0.972509
4700 pop2 1.05709 0.960994
4800 pop1 1.06025 0.96386
4800 pop2 1.05946 0.963142
4900 pop1 1.06343 0.966756
4900 pop2 1.05993 0.963575
5000 pop1 1.06523 0.968395
5000 pop2 1.05842 0.962201
