1 pop1 1.0 0.833333
1 pop2 1.0 0.833333
100 pop1 1.12688 0.939066
100 pop2 1.12533 0.937775
200 pop1 1.12399 0.936657
200 pop2 1.1168 0.930665
300 pop1 1.12076 0.933966
300 pop2 1.12472 0.937266
400 pop1 1.11501 0.929173
400 pop2 1.12522 0.937685
500 pop1 1.12705 0.93921
500 pop2 1.12541 0.937839
600 pop1 1.11777 0.931479
600 pop2 1.12976 0.941465
700 pop1 1.12067 0.933888
700 pop2 1.11582 0.929852
800 pop1 1.12402 0.936687
800 pop2 1.13144 0.942864
900 pop1 1.12713 0.939275
900 pop2 1.11934 0.932787
1000 pop1 1.11999 0.933326
1000 pop2 1.1215 0.93458
1100 pop1 1.13523 0.946027
1100 pop2 1.14895 0.957454
1200 pop1 1.13455 0.945461
1200 pop2 1.14496 0.954131
1300 pop1 1.13433 0.945271
1300 pop2 1.14778 0.956481
1400 pop1 1.13678 0.94732
1400 pop2 1.14109 0.950909
1500 pop1 1.13525 0.946044
1500 pop2 1.14872 0.957271
1600 pop1 1.13802 0.948351
1600 pop2 1.14769 0.956409
1700 pop1 1.14104 0.950866
1700 pop2 1.14502 0.954182
1800 pop1 1.13581 0.946509
1800 pop2 1.1454 0.954499
1900 pop1 1.14799 0.95666
1900 pop2 1.14224 0.951869
2000 pop1 1.14606 0.955048
2000 pop2 1.14996 0.958303
2100 pop1 1.14229 0.951904
2100 pop2 1.14445 0.953708
2200 pop1 1.1385 0.948753
2200 pop2 1.14724 0.956032
2300 pop1 1.13678 0.947314
2300 pop2 1.15218 0.960148
2400 pop1 1.14718 0.955981
2400 pop2 1.13869 0.948904
2500 pop1 1.14262 0.952185
2500 pop2 1.14182 0.951514
2600 pop1 1.14604 0.95503
2600 pop2 1.13881 0.949011
2700 pop1 1.13682 0.94735
2700 pop2 1.14943 0.95786
2800 pop1 1.15192 0.959937
2800 pop2 1.13874 0.948953
2900 pop1 1.14193 0.951606
2900 pop2 1.13843 0.94869
3000 pop1 1.14041 0.950343
3000 pop2 1.14006 0.950048
3100 pop1 1.1486 0.957169
3100 pop2 1.14144 0.951202
3200 pop1 1.14129 0.951077
3200 pop2 1.13252 0.943764
3300 pop1 1.14167 0.951395
3300 pop2 1.13782 0.948182
3400 pop1 1.14538 0.954487
3400 pop2 1.13686 0.947383
3500 pop1 1.13772 0.948097
3500 pop2 1.14087 0.950722
3600 pop1 1.1402 0.95017
3600 pop2 1.14175 0.951462
3700 pop1 1.13927 0.949394
3700 pop2 1.14629 0.955243
3800 pop1 1.14743 0.956192
3800 pop2 1.13501 0.945839
3900 pop1 1.14986 0.958216
3900 pop2 1.13224 0.943531
4000 pop1 1.13947 0.949559
4000 pop2 1.14667 0.955557
4100 pop1 1.14504 0.954197
4100 pop2 1.13768 0.948063
4200 pop1 1.1435 0.952914
4200 pop2 1.13834 0.94862
4300 pop1 1.13681 0.94734
4300 pop2 1.1439 0.953253
4400 pop1 1.13794 0.948286
4400 pop2 1.14537 0.954472
4500 pop1 1.14675 0.955626
4500 pop2 1.13759 0.947995
4600 pop1 1.13582 0.94652
4600 pop2 1.14658 0.955483
4700 pop1 1.14474 0.953947
4700 pop2 1.14183 0.951524
4800 pop1 1.15126 0.959384
4800 pop2 1.14164 0.951365
4900 pop1 1.14902 0.957519
4900 pop2 1.13664 0.947198
5000 pop1 1.14311 0.952594
5000 pop2 1.14269 0.952241
