1 pop1 1.0 0.980392
1 pop2 1.0 0.980392
100 pop1 0.998971 0.979383
100 pop2 1.00114 0.981513
200 pop1 0.998949 0.979362
200 pop2 1.0015 0.981863
300 pop1 0.998035 0.978466
300 pop2 1.00248 0.982821
400 pop1 0.999458 0.97986
400 pop2 1.00203 0.982386
500 pop1 1.00111 0.981476
500 pop2 1.00005 0.980444
600 pop1 1.00152 0.981886
600 pop2 0.998694 0.979112
700 pop1 1.0002 0.980592
700 pop2 1.00115 0.98152
800 pop1 0.997785 0.97822
800 pop2 1.00317 0.983495
900 pop1 0.997345 0.977789
900 pop2 1.00419 0.984496
1000 pop1 0.996943 0.977396
1000 pop2 1.00443 0.98474
1100 pop1 1.00219 0.982534
1100 pop2 1.00427 0.984577
1200 pop1 1.00494 0.985239
1200 pop2 1.00893 0.989149
1300 pop1 1.0052 0.985491
1300 pop2 1.01178 0.99194
1400 pop1 1.0056 0.985884
1400 pop2 1.01327 0.993398
1500 pop1 1.0054 0.985684
1500 pop2 1.01335 0.993478
1600 pop1 1.00455 0.984849
1600 pop2 1.01454 0.994643
1700 pop1 1.00512 0.985412
1700 pop2 1.01453 0.99464
1800 pop1 1.0075 0.987742
1800 pop2 1.01034 0.990525
1900 pop1 1.00739 0.987636
1900 pop2 1.01086 0.991037
2000 pop1 1.00713 0.987383
2000 pop2 1.01182 0.991978
2100 pop1 1.00843 0.988652
2100 pop2 1.01049 0.990681
2200 pop1 1.00828 0.988506
2200 pop2 1.01016 0.990352
2300 pop1 1.00924 0.989454
2300 pop2 1.00968 0.98988
2400 pop1 1.00837 0.988599
2400 pop2 1.01107 0.991242
2500 pop1 1.00642 0.986691
2500 pop2 1.01279 0.992935
2600 pop1 1.0075 0.987745
2600 pop2 1.01238 0.992527
2700 pop1 1.00682 0.987077
2700 pop2 1.013 0.993139
2800 pop1 1.00652 0.986786
2800 pop2 1.0133 0.993431
2900 pop1 1.00666 0.986922
2900 pop2 1.0132 0.993337
3000 pop1 1.00572 0.986003
3000 pop2 1.01521 0.995299
3100 pop1 1.00393 0.984242
3100 pop2 1.01646 0.996529
3200 pop1 1.00331 0.983641
3200 pop2 1.01671 0.996773
3300 pop1 1.00402 0.984332
3300 pop2 1.01612 0.996198
3400 pop1 1.00424 0.984552
3400 pop2 1.01544 0.995525
3500 pop1 1.00515 0.985437
3500 pop2 1.0151 0.995195
3600 pop1 1.00496 0.985259
3600 pop2 1.01499 0.995091
3700 pop1 1.0038 0.98412
3700 pop2 1.01657 0.996634
3800 pop1 1.00276 0.983099
3800 pop2 1.01705 0.997111
3900 pop1 1.00172 0.982074
3900 pop2 1.01839 0.998422
4000 pop1 1.0013 0.98167
4000 pop2 1.01854 0.998567
4100 pop1 1.0005 0.98088
4100 pop2 1.0194 0.999414
4200 pop1 1.00098 0.98135
4200 pop2 1.0189 0.998922
4300 pop1 1.00052 0.9809
4300 pop2 1.01946 0.999467
4400 pop1 0.999953 0.980346
4400 pop2 1.02002 1.00002
4500 pop1 0.9999 0.980294
4500 pop2 1.0201 1.0001
4600 pop1 0.9999 0.980294
4600 pop2 1.0201 1.0001
4700 pop1 0.9999 0.980294
4700 pop2 1.0201 1.0001
4800 pop1 0.9999 0.980294
4800 pop2 1.0201 1.0001
4900 pop1 0.9999 0.980294
4900 pop2 1.0201 1.0001
5000 pop1 0.9999 0.980294
5000 pop2 1.0201 1.0001
