1 pop1 1.0 0.833333
1 pop2 1.0 0.833333
100 pop1 1.18629 0.988575
100 pop2 1.19086 0.992386
200 pop1 1.19285 0.994043
200 pop2 1.19458 0.995487
300 pop1 1.18775 0.989794
300 pop2 1.19193 0.993275
400 pop1 1.19218 0.993486
400 pop2 1.19286 0.994054
500 pop1 1.18999 0.991654
500 pop2 1.19279 0.99399
600 pop1 1.19521 0.996006
600 pop2 1.19384 0.994868
700 pop1 1.19163 0.993024
700 pop2 1.19053 0.992108
800 pop1 1.19157 0.992977
800 pop2 1.18985 0.991542
900 pop1 1.19036 0.991965
900 pop2 1.19178 0.993148
1000 pop1 1.19057 0.992141
1000 pop2 1.19278 0.993981
1100 pop1 1.1965 0.997086
1100 pop2 0.99062 0.825517
1200 pop1 1.1975 0.997918
1200 pop2 0.989127 0.824273
1300 pop1 1.19833 0.998605
1300 pop2 0.989076 0.82423
1400 pop1 1.19767 0.998059
1400 pop2 0.988726 0.823938
1500 pop1 1.19869 0.998912
1500 pop2 0.991782 0.826485
1600 pop1 1.20063 1.00052
1600 pop2 0.991229 0.826024
1700 pop1 1.19797 0.998309
1700 pop2 0.992307 0.826923
1800 pop1 1.20075 1.00063
1800 pop2 0.992296 0.826913
1900 pop1 1.20219 1.00183
1900 pop2 0.994255 0.828545
2000 pop1 1.20299 1.00249
2000 pop2 0.993927 0.828273
2100 pop1 1.20749 1.00624
2100 pop2 0.998674 0.832228
2200 pop1 1.20895 1.00746
2200 pop2 0.997933 0.831611
2300 pop1 1.20874 1.00728
2300 pop2 0.998752 0.832293
2400 pop1 1.20953 1.00794
2400 pop2 0.998206 0.831838
2500 pop1 1.21002 1.00835
2500 pop2 0.998284 0.831903
2600 pop1 1.21018 1.00848
2600 pop2 0.999493 0.832911
2700 pop1 1.21004 1.00837
2700 pop2 0.999844 0.833203
2800 pop1 1.21 1.00833
2800 pop2 1.0 0.833333
2900 pop1 1.21 1.00833
2900 pop2 1.0 0.833333
3000 pop1 1.21 1.00833
3000 pop2 1.0 0.833333
3100 pop1 1.21 1.00833
3100 pop2 1.0 0.833333
3200 pop1 1.21 1.00833
3200 pop2 1.0 0.833333
3300 pop1 1.21 1.00833
3300 pop2 1.0 0.833333
3400 pop1 1.21 1.00833
3400 pop2 1.0 0.833333
3500 pop1 1.21 1.00833
3500 pop2 1.0 0.833333
3600 pop1 1.21 1.00833
3600 pop2 1.0 0.833333
3700 pop1 1.21 1.00833
3700 pop2 1.0 0.833333
3800 pop1 1.21 1.00833
3800 pop2 1.0 0.833333
3900 pop1 1.21 1.00833
3900 pop2 1.0 0.833333
4000 pop1 1.21 1.00833
4000 pop2 1.0 0.833333
4100 pop1 1.21 1.00833
4100 pop2 1.0 0.833333
4200 pop1 1.21 1.00833
4200 pop2 1.0 0.833333
4300 pop1 1.21 1.00833
4300 pop2 1.0 0.833333
4400 pop1 1.21 1.00833
4400 pop2 1.0 0.833333
4500 pop1 1.21 1.00833
4500 pop2 1.0 0.833333
4600 pop1 1.21 1.00833
4600 pop2 1.0 0.833333
4700 pop1 1.21 1.00833
4700 pop2 1.0 0.833333
4800 pop1 1.21 1.00833
4800 pop2 1.0 0.833333
4900 pop1 1.21 1.00833
4900 pop2 1.0 0.833333
5000 pop1 1.21 1.00833
5000 pop2 1.0 0.833333
