1 pop1 1.0 0.909091
1 pop2 1.0 0.909091
100 pop1 1.08288 0.984435
100 pop2 1.08509 0.986447
200 pop1 1.08618 0.987435
200 pop2 1.08838 0.989435
300 pop1 1.0845 0.985905
300 pop2 1.08393 0.985394
400 pop1 1.08573 0.98703
400 pop2 1.08047 0.982245
500 pop1 1.08359 0.985086
500 pop2 1.08147 0.983158
600 pop1 1.08233 0.983933
600 pop2 1.08273 0.984303
700 pop1 1.08323 0.984755
700 pop2 1.08271 0.98428
800 pop1 1.08119 0.982896
800 pop2 1.08677 0.987975
900 pop1 1.08154 0.983219
900 pop2 1.08167 0.983339
1000 pop1 1.08525 0.986592
1000 pop2 1.08027 0.982066
1100 pop1 1.0893 0.990274
1100 pop2 1.07173 0.974304
1200 pop1 1.08189 0.983539
1200 pop2 1.08689 0.98808
1300 pop1 1.08273 0.984303
1300 pop2 1.08748 0.98862
1400 pop1 1.08284 0.9844
1400 pop2 1.0846 0.986
1500 pop1 1.0836 0.985095
1500 pop2 1.08592 0.9872
1600 pop1 1.08409 0.985539
1600 pop2 1.09003 0.990935
1700 pop1 1.08548 0.986802
1700 pop2 1.08793 0.989029
1800 pop1 1.0865 0.987728
1800 pop2 1.08668 0.987888
1900 pop1 1.08284 0.984397
1900 pop2 1.08615 0.987405
2000 pop1 1.08468 0.986069
2000 pop2 1.08324 0.984763
2100 pop1 1.08586 0.987148
2100 pop2 1.08602 0.987288
2200 pop1 1.08227 0.983882
2200 pop2 1.08793 0.989027
2300 pop1 1.08581 0.987104
2300 pop2 1.08747 0.988612
2400 pop1 1.08636 0.987599
2400 pop2 1.08272 0.984294
2500 pop1 1.08697 0.988156
2500 pop2 1.08612 0.987383
2600 pop1 1.0834 0.984906
2600 pop2 1.08808 0.989165
2700 pop1 1.08128 0.982982
2700 pop2 1.08942 0.990382
2800 pop1 1.08339 0.984902
2800 pop2 1.08531 0.986649
2900 pop1 1.08678 0.987979
2900 pop2 1.0858 0.987093
3000 pop1 1.08495 0.986314
3000 pop2 1.08593 0.987212
3100 pop1 1.08524 0.986585
3100 pop2 1.0835 0.985004
3200 pop1 1.08576 0.987052
3200 pop2 1.08499 0.986355
3300 pop1 1.08866 0.989687
3300 pop2 1.08537 0.986703
3400 pop1 1.08702 0.988203
3400 pop2 1.08587 0.987158
3500 pop1 1.08807 0.98915
3500 pop2 1.08252 0.984111
3600 pop1 1.08135 0.983049
3600 pop2 1.08461 0.98601
3700 pop1 1.08135 0.983046
3700 pop2 1.08615 0.987405
3800 pop1 1.08211 0.983735
3800 pop2 1.08573 0.987026
3900 pop1 1.08631 0.987557
3900 pop2 1.08473 0.986122
4000 pop1 1.08233 0.983938
4000 pop2 1.08462 0.986017
4100 pop1 1.0891 0.990088
4100 pop2 1.08581 0.987104
4200 pop1 1.08428 0.985713
4200 pop2 1.0856 0.986912
4300 pop1 1.08754 0.988669
4300 pop2 1.08494 0.986308
4400 pop1 1.08889 0.989904
4400 pop2 1.0886 0.989638
4500 pop1 1.08547 0.986788
4500 pop2 1.08375 0.985224
4600 pop1 1.08647 0.987699
4600 pop2 1.08622 0.987472
4700 pop1 1.08429 0.985717
4700 pop2 1.08597 0.987246
4800 pop1 1.08618 0.987434
4800 pop2 1.08835 0.989407
4900 pop1 1.08215 0.983771
4900 pop2 1.08756 0.98869
5000 pop1 1.08579 0.98708
5000 pop2 1.08295 0.984504
