1 pop1 1.0 0.980392
1 pop2 1.0 0.980392
100 pop1 1.00202 0.982374
100 pop2 0.998937 0.97935
200 pop1 0.998747 0.979164
200 pop2 1.00201 0.98236
300 pop1 0.998327 0.978752
300 pop2 1.00252 0.982867
400 pop1 1.00077 0.981151
400 pop2 0.999776 0.980173
500 pop1 1.0001 0.980495
500 pop2 1.00121 0.981577
600 pop1 0.998762 0.979179
600 pop2 1.00208 0.982432
700 pop1 0.999981 0.980374
700 pop2 1.00064 0.981015
800 pop1 1.00071 0.981086
800 pop2 0.999971 0.980364
900 pop1 1.00111 0.981484
900 pop2 1.00003 0.980423
1000 pop1 0.999345 0.97975
1000 pop2 1.00078 0.981161
1100 pop1 1.00197 0.982324
1100 pop2 1.01007 0.990265
1200 pop1 1.00237 0.982712
1200 pop2 1.01541 0.995496
1300 pop1 1.00227 0.982616
1300 pop2 1.01573 0.995811
1400 pop1 1.00229 0.982636
1400 pop2 1.01701 0.997068
1500 pop1 1.00202 0.982376
1500 pop2 1.01731 0.997363
1600 pop1 1.00299 0.983322
1600 pop2 1.0164 0.996471
1700 pop1 1.00234 0.982683
1700 pop2 1.01746 0.99751
1800 pop1 1.00287 0.983211
1800 pop2 1.01719 0.997244
1900 pop1 1.00317 0.983504
1900 pop2 1.01675 0.996812
2000 pop1 1.0035 0.983822
2000 pop2 1.0165 0.996565
2100 pop1 1.00311 0.983443
2100 pop2 1.01721 0.997261
2200 pop1 1.00293 0.983263
2200 pop2 1.01691 0.996973
2300 pop1 1.0027 0.983037
2300 pop2 1.01726 0.997309
2400 pop1 1.00396 0.984279
2400 pop2 1.01633 0.996397
2500 pop1 1.00379 0.984108
2500 pop2 1.01626 0.996331
2600 pop1 1.0047 0.984998
2600 pop2 1.0152 0.995295
2700 pop1 1.00427 0.98458
2700 pop2 1.01609 0.996165
2800 pop1 1.00448 0.98478
2800 pop2 1.01565 0.995732
2900 pop1 1.00328 0.983603
2900 pop2 1.01637 0.996444
3000 pop1 1.00511 0.985398
3000 pop2 1.01462 0.99473
3100 pop1 1.00557 0.985852
3100 pop2 1.01454 0.994648
3200 pop1 1.00485 0.985144
3200 pop2 1.01511 0.995211
3300 pop1 1.00409 0.984401
3300 pop2 1.01577 0.995853
3400 pop1 1.00397 0.984283
3400 pop2 1.01621 0.996285
3500 pop1 1.00356 0.983884
3500 pop2 1.017 0.997063
3600 pop1 1.0028 0.983141
3600 pop2 1.0177 0.997745
3700 pop1 1.00394 0.984252
3700 pop2 1.01558 0.995667
3800 pop1 1.00487 0.985164
3800 pop2 1.01501 0.995111
3900 pop1 1.00513 0.985426
3900 pop2 1.01508 0.995176
4000 pop1 1.00474 0.98504
4000 pop2 1.01529 0.995383
4100 pop1 1.00461 0.984907
4100 pop2 1.01552 0.995607
4200 pop1 1.00435 0.984654
4200 pop2 1.01588 0.995958
4300 pop1 1.00592 0.986196
4300 pop2 1.01438 0.994494
4400 pop1 1.00522 0.985512
4400 pop2 1.01443 0.994536
4500 pop1 1.00376 0.984083
4500 pop2 1.01588 0.995965
4600 pop1 1.00413 0.984441
4600 pop2 1.01562 0.995702
4700 pop1 1.0045 0.984802
4700 pop2 1.01578 0.995863
4800 pop1 1.00363 0.983946
4800 pop2 1.01649 0.99656
4900 pop1 1.00309 0.983424
4900 pop2 1.01695 0.997013
5000 pop1 1.00399 0.984305
5000 pop2 1.01623 0.996301
