1 pop1 1.0 0.980392
1 pop2 1.0 0.980392
100 pop1 1.00281 0.983148
100 pop2 0.997733 0.978169
200 pop1 0.999987 0.980379
200 pop2 1.00053 0.980912
300 pop1 0.999622 0.980021
300 pop2 1.00125 0.981617
400 pop1 0.999682 0.980081
400 pop2 1.00186 0.982221
500 pop1 0.999616 0.980016
500 pop2 1.00201 0.982367
600 pop1 0.997634 0.978072
600 pop2 1.00336 0.983686
700 pop1 0.999084 0.979494
700 pop2 1.00224 0.982593
800 pop1 0.996045 0.976515
800 pop2 1.00452 0.984823
900 pop1 0.996344 0.976808
900 pop2 1.00453 0.984835
1000 pop1 0.995329 0.975813
1000 pop2 1.00532 0.985606
1100 pop1 1.00066 0.981043
1100 pop2 1.00062 0.981003
1200 pop1 1.00527 0.985561
1200 pop2 1.00243 0.982775
1300 pop1 1.00861 0.988835
1300 pop2 1.00595 0.986222
1400 pop1 1.00781 0.988047
1400 pop2 1.00883 0.989054
1500 pop1 1.00771 0.987952
1500 pop2 1.01126 0.99143
1600 pop1 1.00626 0.98653
1600 pop2 1.01336 0.993494
1700 pop1 1.00408 0.984396
1700 pop2 1.01579 0.995873
1800 pop1 1.00398 0.984295
1800 pop2 1.01579 0.995869
1900 pop1 1.00374 0.984063
1900 pop2 1.01597 0.996053
2000 pop1 1.00295 0.983281
2000 pop2 1.01653 0.996599
2100 pop1 1.00301 0.983342
2100 pop2 1.01701 0.997067
2200 pop1 1.00373 0.98405
2200 pop2 1.01608 0.996161
2300 pop1 1.00342 0.983749
2300 pop2 1.01657 0.996633
2400 pop1 1.00271 0.983045
2400 pop2 1.01745 0.997496
2500 pop1 1.00335 0.98368
2500 pop2 1.0166 0.996669
2600 pop1 1.00266 0.982999
2600 pop2 1.0169 0.996962
2700 pop1 1.00348 0.983802
2700 pop2 1.01672 0.996781
2800 pop1 1.00361 0.983935
2800 pop2 1.01688 0.996944
2900 pop1 1.00248 0.98282
2900 pop2 1.01781 0.997855
3000 pop1 1.00226 0.982605
3000 pop2 1.01763 0.997673
3100 pop1 1.00274 0.98308
3100 pop2 1.01758 0.997628
3200 pop1 1.00301 0.983341
3200 pop2 1.01668 0.996741
3300 pop1 1.00172 0.982075
3300 pop2 1.01837 0.998406
3400 pop1 1.00184 0.982194
3400 pop2 1.01841 0.998445
3500 pop1 1.0024 0.982748
3500 pop2 1.01808 0.998115
3600 pop1 1.00399 0.984301
3600 pop2 1.01615 0.996228
3700 pop1 1.00327 0.983601
3700 pop2 1.01668 0.996745
3800 pop1 1.00239 0.982736
3800 pop2 1.01741 0.997459
3900 pop1 1.002 0.982348
3900 pop2 1.01796 0.998004
4000 pop1 1.00207 0.982425
4000 pop2 1.01774 0.997785
4100 pop1 1.00346 0.983781
4100 pop2 1.01666 0.996723
4200 pop1 1.0034 0.983729
4200 pop2 1.01665 0.996719
4300 pop1 1.00368 0.983998
4300 pop2 1.01628 0.996351
4400 pop1 1.00402 0.98433
4400 pop2 1.01555 0.995633
4500 pop1 1.00357 0.983896
4500 pop2 1.01644 0.996513
4600 pop1 1.00384 0.98416
4600 pop2 1.01686 0.996924
4700 pop1 1.00297 0.983302
4700 pop2 1.01692 0.996983
4800 pop1 1.00301 0.983346
4800 pop2 1.01735 0.997405
4900 pop1 1.00442 0.984726
4900 pop2 1.01568 0.995764
5000 pop1 1.00315 0.983484
5000 pop2 1.01714 0.997199
