1 pop1 1.0 0.909091
1 pop2 1.0 0.909091
100 pop1 1.07977 0.981611
100 pop2 1.08358 0.985074
200 pop1 1.08672 0.987929
200 pop2 1.08273 0.984304
300 pop1 1.08288 0.984435
300 pop2 1.08091 0.982642
400 pop1 1.08286 0.984417
400 pop2 1.08021 0.982012
500 pop1 1.08246 0.984055
500 pop2 1.08271 0.984284
600 pop1 1.0845 0.985912
600 pop2 1.08018 0.981983
700 pop1 1.08228 0.983892
700 pop2 1.0813 0.982996
800 pop1 1.08491 0.986281
800 pop2 1.08491 0.986281
900 pop1 1.08504 0.986397
900 pop2 1.07966 0.981507
1000 pop1 1.07937 0.981246
1000 pop2 1.08196 0.983597
1100 pop1 1.09057 0.991429
1100 pop2 1.06623 0.969302
1200 pop1 1.08585 0.987133
1200 pop2 1.08406 0.985507
1300 pop1 1.08628 0.987523
1300 pop2 1.08654 0.987763
1400 pop1 1.08522 0.986568
1400 pop2 1.08569 0.986992
1500 pop1 1.08473 0.986117
1500 pop2 1.08712 0.988287
1600 pop1 1.0853 0.986638
1600 pop2 1.08181 0.983465
1700 pop1 1.08343 0.984936
1700 pop2 1.08633 0.987572
1800 pop1 1.0845 0.985913
1800 pop2 1.08279 0.984352
1900 pop1 1.08096 0.982695
1900 pop2 1.08304 0.984583
2000 pop1 1.08269 0.984263
2000 pop2 1.0873 0.988454
2100 pop1 1.08391 0.985377
2100 pop2 1.0855 0.986822
2200 pop1 1.0854 0.986732
2200 pop2 1.08487 0.986246
2300 pop1 1.08403 0.985479
2300 pop2 1.08666 0.987874
2400 pop1 1.08435 0.985773
2400 pop2 1.08573 0.987024
2500 pop1 1.08574 0.987038
2500 pop2 1.08312 0.984657
2600 pop1 1.08618 0.987441
2600 pop2 1.08383 0.985303
2700 pop1 1.08445 0.985866
2700 pop2 1.08463 0.986027
2800 pop1 1.08464 0.986032
2800 pop2 1.08594 0.987217
2900 pop1 1.08676 0.987963
2900 pop2 1.08295 0.984499
3000 pop1 1.08452 0.985923
3000 pop2 1.08753 0.988664
3100 pop1 1.08646 0.987694
3100 pop2 1.08433 0.985754
3200 pop1 1.08473 0.986119
3200 pop2 1.08538 0.986707
3300 pop1 1.08462 0.986014
3300 pop2 1.0849 0.986276
3400 pop1 1.08329 0.984807
3400 pop2 1.08611 0.987369
3500 pop1 1.0851 0.986455
3500 pop2 1.0834 0.984906
3600 pop1 1.09055 0.991408
3600 pop2 1.08354 0.985038
3700 pop1 1.08049 0.982268
3700 pop2 1.08604 0.987308
3800 pop1 1.08629 0.987537
3800 pop2 1.08478 0.98616
3900 pop1 1.08582 0.987111
3900 pop2 1.08166 0.983327
4000 pop1 1.08484 0.986215
4000 pop2 1.08486 0.986236
4100 pop1 1.08374 0.985221
4100 pop2 1.08411 0.98555
4200 pop1 1.08618 0.987439
4200 pop2 1.08575 0.987046
4300 pop1 1.08451 0.985917
4300 pop2 1.08434 0.985762
4400 pop1 1.08805 0.989135
4400 pop2 1.08344 0.984946
4500 pop1 1.08686 0.988059
4500 pop2 1.08583 0.987121
4600 pop1 1.08559 0.9869
4600 pop2 1.08588 0.98716
4700 pop1 1.08557 0.986883
4700 pop2 1.08542 0.986748
4800 pop1 1.08579 0.987079
4800 pop2 1.08718 0.988344
4900 pop1 1.08822 0.989294
4900 pop2 1.07939 0.981263
5000 pop1 1.0848 0.986185
5000 pop2 1.08331 0.984826
