1 pop1 1.0 0.980392
1 pop2 1.0 0.980392
100 pop1 1.00123 0.981603
100 pop2 1.0014 0.981769
200 pop1 1.00168 0.982036
200 pop2 1.0002 0.980591
300 pop1 1.0013 0.981662
300 pop2 1.00003 0.980424
400 pop1 1.00178 0.98214
400 pop2 0.99894 0.979353
500 pop1 1.0003 0.980688
500 pop2 1.0006 0.980981
600 pop1 0.997058 0.977507
600 pop2 1.00349 0.983812
700 pop1 1.00007 0.980461
700 pop2 1.00132 0.981684
800 pop1 1.00041 0.980793
800 pop2 1.00089 0.981268
900 pop1 0.999855 0.98025
900 pop2 1.00056 0.980942
1000 pop1 0.998593 0.979013
1000 pop2 1.00169 0.982046
1100 pop1 1.00195 0.9823
1100 pop2 1.00421 0.984518
1200 pop1 1.00632 0.986585
1200 pop2 1.00705 0.987306
1300 pop1 1.00656 0.986827
1300 pop2 1.00718 0.987429
1400 pop1 1.00681 0.987068
1400 pop2 1.00953 0.989732
1500 pop1 1.00542 0.985707
1500 pop2 1.01315 0.99328
1600 pop1 1.00496 0.985259
1600 pop2 1.01394 0.994059
1700 pop1 1.00507 0.985365
1700 pop2 1.01414 0.994257
1800 pop1 1.00342 0.983741
1800 pop2 1.0165 0.99657
1900 pop1 1.00291 0.983242
1900 pop2 1.0165 0.996569
2000 pop1 1.00383 0.984151
2000 pop2 1.01557 0.995653
2100 pop1 1.00272 0.983058
2100 pop2 1.01667 0.996731
2200 pop1 1.00301 0.983348
2200 pop2 1.01671 0.996773
2300 pop1 1.0025 0.982847
2300 pop2 1.01702 0.997079
2400 pop1 1.00246 0.982806
2400 pop2 1.01746 0.997515
2500 pop1 1.00291 0.983249
2500 pop2 1.01652 0.996589
2600 pop1 1.00311 0.983438
2600 pop2 1.01699 0.997053
2700 pop1 1.0054 0.985683
2700 pop2 1.01435 0.994463
2800 pop1 1.00604 0.986312
2800 pop2 1.0137 0.993825
2900 pop1 1.00575 0.986025
2900 pop2 1.0136 0.993727
3000 pop1 1.00566 0.985943
3000 pop2 1.0139 0.99402
3100 pop1 1.00486 0.98516
3100 pop2 1.01525 0.995345
3200 pop1 1.00394 0.984254
3200 pop2 1.01605 0.996125
3300 pop1 1.00488 0.985181
3300 pop2 1.01543 0.995522
3400 pop1 1.00535 0.985638
3400 pop2 1.01473 0.994835
3500 pop1 1.00484 0.98514
3500 pop2 1.01502 0.995114
3600 pop1 1.00413 0.984446
3600 pop2 1.01589 0.995972
3700 pop1 1.00334 0.983664
3700 pop2 1.01659 0.996658
3800 pop1 1.00428 0.984584
3800 pop2 1.01549 0.995578
3900 pop1 1.00376 0.984075
3900 pop2 1.01616 0.996234
4000 pop1 1.00516 0.98545
4000 pop2 1.01491 0.995005
4100 pop1 1.00578 0.986055
4100 pop2 1.01471 0.99481
4200 pop1 1.00599 0.986268
4200 pop2 1.01459 0.994697
4300 pop1 1.00699 0.987246
4300 pop2 1.01317 0.993301
4400 pop1 1.00563 0.985916
4400 pop2 1.01518 0.995277
4500 pop1 1.00571 0.985991
4500 pop2 1.01462 0.994725
4600 pop1 1.00618 0.986454
4600 pop2 1.01484 0.994942
4700 pop1 1.00712 0.987369
4700 pop2 1.01332 0.993454
4800 pop1 1.00903 0.989249
4800 pop2 1.01151 0.991679
4900 pop1 1.00811 0.988339
4900 pop2 1.01148 0.991652
5000 pop1 1.00855 0.988778
5000 pop2 1.01199 0.992149
