1 pop1 1.0 0.833333
1 pop2 1.0 0.833333
100 pop1 1.11572 0.929765
100 pop2 1.12225 0.935208
200 pop1 1.11081 0.925674
200 pop2 1.1311 0.942582
300 pop1 1.12488 0.937402
300 pop2 1.12718 0.939317
400 pop1 1.12693 0.93911
400 pop2 1.11685 0.930708
500 pop1 1.122 0.935002
500 pop2 1.12024 0.933535
600 pop1 1.12364 0.936366
600 pop2 1.12854 0.940448
700 pop1 1.11663 0.930524
700 pop2 1.12723 0.939358
800 pop1 1.11378 0.92815
800 pop2 1.12686 0.939053
900 pop1 1.12331 0.936094
900 pop2 1.1289 0.940751
1000 pop1 1.12896 0.940801
1000 pop2 1.11227 0.926889
1100 pop1 1.13992 0.949932
1100 pop2 1.13811 0.948428
1200 pop1 1.13 0.941668
1200 pop2 1.15287 0.960723
1300 pop1 1.13929 0.949406
1300 pop2 1.14908 0.957567
1400 pop1 1.13335 0.944457
1400 pop2 1.15089 0.959072
1500 pop1 1.14023 0.950193
1500 pop2 1.14149 0.951238
1600 pop1 1.14131 0.951088
1600 pop2 1.14461 0.953838
1700 pop1 1.13607 0.946728
1700 pop2 1.14847 0.957062
1800 pop1 1.13945 0.94954
1800 pop2 1.14998 0.958316
1900 pop1 1.13804 0.948369
1900 pop2 1.14797 0.956644
2000 pop1 1.14233 0.951945
2000 pop2 1.14089 0.95074
2100 pop1 1.15277 0.960643
2100 pop2 1.1415 0.951247
2200 pop1 1.1475 0.956247
2200 pop2 1.14234 0.951953
2300 pop1 1.1386 0.948832
2300 pop2 1.14619 0.955158
2400 pop1 1.13858 0.948816
2400 pop2 1.1413 0.951083
2500 pop1 1.14148 0.951237
2500 pop2 1.14197 0.951639
2600 pop1 1.13752 0.947937
2600 pop2 1.14721 0.956007
2700 pop1 1.13804 0.948363
2700 pop2 1.14424 0.953537
2800 pop1 1.14725 0.956046
2800 pop2 1.14019 0.950156
2900 pop1 1.13974 0.949783
2900 pop2 1.14091 0.95076
3000 pop1 1.14467 0.953894
3000 pop2 1.14146 0.95122
3100 pop1 1.13957 0.949645
3100 pop2 1.14138 0.951152
3200 pop1 1.14015 0.950128
3200 pop2 1.14503 0.954193
3300 pop1 1.14623 0.955193
3300 pop2 1.14002 0.950013
3400 pop1 1.1553 0.962752
3400 pop2 1.13941 0.949511
3500 pop1 1.13741 0.947838
3500 pop2 1.14796 0.956632
3600 pop1 1.14487 0.954056
3600 pop2 1.14058 0.950482
3700 pop1 1.15096 0.95913
3700 pop2 1.13964 0.949702
3800 pop1 1.13588 0.946566
3800 pop2 1.14253 0.952107
3900 pop1 1.14009 0.950071
3900 pop2 1.13743 0.947858
4000 pop1 1.14151 0.951259
4000 pop2 1.13911 0.949261
4100 pop1 1.14299 0.952489
4100 pop2 1.14174 0.951451
4200 pop1 1.14523 0.954356
4200 pop2 1.13445 0.945372
4300 pop1 1.14598 0.954982
4300 pop2 1.14181 0.951511
4400 pop1 1.14775 0.956461
4400 pop2 1.13961 0.949675
4500 pop1 1.13247 0.943723
4500 pop2 1.14782 0.956517
4600 pop1 1.14566 0.954716
4600 pop2 1.1443 0.953585
4700 pop1 1.13862 0.948848
4700 pop2 1.14578 0.954818
4800 pop1 1.13786 0.948219
4800 pop2 1.14566 0.954716
4900 pop1 1.14028 0.950235
4900 pop2 1.13892 0.949102
5000 pop1 1.1398 0.949835
5000 pop2 1.14892 0.95743
