1 pop1 1.0 0.833333
1 pop2 1.0 0.833333
100 pop1 1.19189 0.993239
100 pop2 1.19369 0.994744
200 pop1 1.19171 0.99309
200 pop2 1.19211 0.993428
300 pop1 1.19289 0.994079
300 pop2 1.19442 0.995352
400 pop1 1.1935 0.994581
400 pop2 1.19328 0.9944
500 pop1 1.19253 0.993776
500 pop2 1.19496 0.9958
600 pop1 1.18858 0.990482
600 pop2 1.19053 0.992112
700 pop1 1.19487 0.995725
700 pop2 1.19347 0.994559
800 pop1 1.1931 0.994251
800 pop2 1.18939 0.991154
900 pop1 1.19256 0.993798
900 pop2 1.1929 0.99408
1000 pop1 1.19425 0.995206
1000 pop2 1.19577 0.996476
1100 pop1 1.20601 1.00501
1100 pop2 0.994847 0.829039
1200 pop1 1.20492 1.0041
1200 pop2 0.997746 0.831455
1300 pop1 1.20797 1.00664
1300 pop2 0.997547 0.831289
1400 pop1 1.20977 1.00814
1400 pop2 0.998596 0.832163
1500 pop1 1.20956 1.00797
1500 pop2 0.997933 0.831611
1600 pop1 1.21009 1.00841
1600 pop2 0.999415 0.832846
1700 pop1 1.21004 1.00836
1700 pop2 0.999883 0.833236
1800 pop1 1.21 1.00833
1800 pop2 1.0 0.833333
1900 pop1 1.21 1.00833
1900 pop2 1.0 0.833333
2000 pop1 1.21 1.00833
2000 pop2 1.0 0.833333
2100 pop1 1.21 1.00833
2100 pop2 1.0 0.833333
2200 pop1 1.21 1.00833
2200 pop2 1.0 0.833333
2300 pop1 1.21 1.00833
2300 pop2 1.0 0.833333
2400 pop1 1.21 1.00833
2400 pop2 1.0 0.833333
2500 pop1 1.21 1.00833
2500 pop2 1.0 0.833333
2600 pop1 1.21 1.00833
2600 pop2 1.0 0.833333
2700 pop1 1.21 1.00833
2700 pop2 1.0 0.833333
2800 pop1 1.21 1.00833
2800 pop2 1.0 0.833333
2900 pop1 1.21 1.00833
2900 pop2 1.0 0.833333
3000 pop1 1.21 1.00833
3000 pop2 1.0 0.833333
3100 pop1 1.21 1.00833
3100 pop2 1.0 0.833333
3200 pop1 1.21 1.00833
3200 pop2 1.0 0.833333
3300 pop1 1.21 1.00833
3300 pop2 1.0 0.833333
3400 pop1 1.21 1.00833
3400 pop2 1.0 0.833333
3500 pop1 1.21 1.00833
3500 pop2 1.0 0.833333
3600 pop1 1.21 1.00833
3600 pop2 1.0 0.833333
3700 pop1 1.21 1.00833
3700 pop2 1.0 0.833333
3800 pop1 1.21 1.00833
3800 pop2 1.0 0.833333
3900 pop1 1.21 1.00833
3900 pop2 1.0 0.833333
4000 pop1 1.21 1.00833
4000 pop2 1.0 0.833333
4100 pop1 1.21 1.00833
4100 pop2 1.0 0.833333
4200 pop1 1.21 1.00833
4200 pop2 1.0 0.833333
4300 pop1 1.21 1.00833
4300 pop2 1.0 0.833333
4400 pop1 1.21 1.00833
4400 pop2 1.0 0.833333
4500 pop1 1.21 1.00833
4500 pop2 1.0 0.833333
4600 pop1 1.21 1.00833
4600 pop2 1.0 0.833333
4700 pop1 1.21 1.00833
4700 pop2 1.0 0.833333
4800 pop1 1.21 1.00833
4800 pop2 1.0 0.833333
4900 pop1 1.21 1.00833
4900 pop2 1.0 0.833333
5000 pop1 1.21 1.00833
5000 pop2 1.0 0.833333
