1 pop1 1.0 0.909091
1 pop2 1.0 0.909091
100 pop1 1.03068 0.936978
100 pop2 1.03898 0.944523
200 pop1 1.03424 0.940221
200 pop2 1.03331 0.939373
300 pop1 1.03161 0.937828
300 pop2 1.03989 0.945351
400 pop1 1.02561 0.932377
400 pop2 1.03276 0.93887
500 pop1 1.03558 0.941433
500 pop2 1.03097 0.937245
600 pop1 1.03341 0.939463
600 pop2 1.03584 0.941675
700 pop1 1.03416 0.940143
700 pop2 1.03874 0.944309
800 pop1 1.03512 0.941022
800 pop2 1.03456 0.940513
900 pop1 1.0323 0.938454
900 pop2 1.03216 0.938323
1000 pop1 1.03943 0.944938
1000 pop2 1.03383 0.93985
1100 pop1 1.05737 0.961246
1100 pop2 1.05761 0.961462
1200 pop1 1.05117 0.95561
1200 pop2 1.06763 0.970573
1300 pop1 1.04743 0.952214
1300 pop2 1.07129 0.973899
1400 pop1 1.05297 0.957242
1400 pop2 1.06845 0.971319
1500 pop1 1.05302 0.957288
1500 pop2 1.06452 0.967743
1600 pop1 1.05641 0.960377
1600 pop2 1.06433 0.967574
1700 pop1 1.05966 0.963327
1700 pop2 1.06134 0.964857
1800 pop1 1.05663 0.960573
1800 pop2 1.06503 0.96821
1900 pop1 1.05823 0.962026
1900 pop2 1.06383 0.967121
2000 pop1 1.06225 0.965683
2000 pop2 1.06042 0.964019
2100 pop1 1.06401 0.96728
2100 pop2 1.0602 0.963821
2200 pop1 1.06001 0.963648
2200 pop2 1.05846 0.962233
2300 pop1 1.05933 0.963026
2300 pop2 1.06319 0.966533
2400 pop1 1.05788 0.961705
2400 pop2 1.06465 0.967859
2500 pop1 1.05979 0.963447
2500 pop2 1.06161 0.965097
2600 pop1 1.06479 0.967995
2600 pop2 1.05854 0.962306
2700 pop1 1.06383 0.967115
2700 pop2 1.06041 0.964007
2800 pop1 1.06197 0.965426
2800 pop2 1.05985 0.963499
2900 pop1 1.06032 0.963925
2900 pop2 1.05883 0.962569
3000 pop1 1.05611 0.960103
3000 pop2 1.06767 0.970613
3100 pop1 1.05589 0.9599
3100 pop2 1.06764 0.970578
3200 pop1 1.06038 0.96398
3200 pop2 1.0618 0.965276
3300 pop1 1.06449 0.967721
3300 pop2 1.05833 0.962118
3400 pop1 1.06705 0.970043
3400 pop2 1.05538 0.959438
3500 pop1 1.06253 0.965932
3500 pop2 1.0573 0.961182
3600 pop1 1.05931 0.963011
3600 pop2 1.06145 0.964956
3700 pop1 1.05033 0.954841
3700 pop2 1.06759 0.970534
3800 pop1 1.06739 0.970358
3800 pop2 1.05937 0.963064
3900 pop1 1.06853 0.97139
3900 pop2 1.05349 0.95772
4000 pop1 1.07177 0.974332
4000 pop2 1.05345 0.957686
4100 pop1 1.06527 0.968424
4100 pop2 1.05863 0.962392
4200 pop1 1.06453 0.967751
4200 pop2 1.06015 0.963774
4300 pop1 1.06859 0.97145
4300 pop2 1.05628 0.960254
4400 pop1 1.06322 0.966564
4400 pop2 1.055 0.959089
4500 pop1 1.06414 0.967404
4500 pop2 1.05909 0.962811
4600 pop1 1.06276 0.966149
4600 pop2 1.05715 0.961048
4700 pop1 1.06652 0.969561
4700 pop2 1.05713 0.961029
4800 pop1 1.06818 0.971074
4800 pop2 1.05811 0.961916
4900 pop1 1.0645 0.967727
4900 pop2 1.05667 0.960606
5000 pop1 1.0656 0.968731
5000 pop2 1.05477 0.958884
