1 pop1 1.0 0.909091
1 pop2 1.0 0.909091
100 pop1 1.01543 0.923115
100 pop2 1.01479 0.92254
200 pop1 1.01172 0.919748
200 pop2 1.01717 0.924699
300 pop1 1.01789 0.925352
300 pop2 1.0086 0.916909
400 pop1 1.01529 0.922991
400 pop2 1.01664 0.924217
500 pop1 1.00841 0.916735
500 pop2 1.01896 0.926326
600 pop1 1.0194 0.92673
600 pop2 1.01211 0.920101
700 pop1 1.02231 0.929376
700 pop2 1.00489 0.913538
800 pop1 1.0137 0.921545
800 pop2 1.01711 0.924646
900 pop1 1.0223 0.929368
900 pop2 1.01057 0.918699
1000 pop1 1.00263 0.911486
1000 pop2 1.02228 0.929349
1100 pop1 1.049 0.953632
1100 pop2 1.05366 0.957874
1200 pop1 1.04688 0.951714
1200 pop2 1.06251 0.965916
1300 pop1 1.04799 0.952718
1300 pop2 1.06089 0.964442
1400 pop1 1.05254 0.956858
1400 pop2 1.05613 0.960121
1500 pop1 1.05413 0.958299
1500 pop2 1.05588 0.959889
1600 pop1 1.05739 0.961265
1600 pop2 1.05289 0.957172
1700 pop1 1.05555 0.959589
1700 pop2 1.05768 0.961531
1800 pop1 1.04315 0.948318
1800 pop2 1.0686 0.971453
1900 pop1 1.04442 0.949477
1900 pop2 1.06649 0.969532
2000 pop1 1.04495 0.949952
2000 pop2 1.06556 0.968687
2100 pop1 1.0471 0.951909
2100 pop2 1.06719 0.970172
2200 pop1 1.05021 0.954737
2200 pop2 1.06132 0.964836
2300 pop1 1.05456 0.958695
2300 pop2 1.05741 0.961284
2400 pop1 1.05808 0.961891
2400 pop2 1.05186 0.956236
2500 pop1 1.04847 0.953159
2500 pop2 1.06364 0.966943
2600 pop1 1.05279 0.957082
2600 pop2 1.056 0.960004
2700 pop1 1.05803 0.961848
2700 pop2 1.05355 0.957774
2800 pop1 1.05375 0.957958
2800 pop2 1.05657 0.960517
2900 pop1 1.05795 0.961771
2900 pop2 1.05301 0.957277
3000 pop1 1.05008 0.954618
3000 pop2 1.05966 0.963326
3100 pop1 1.05764 0.96149
3100 pop2 1.05436 0.95851
3200 pop1 1.05953 0.963212
3200 pop2 1.05241 0.956734
3300 pop1 1.05957 0.963242
3300 pop2 1.05367 0.95788
3400 pop1 1.05543 0.959479
3400 pop2 1.05426 0.958423
3500 pop1 1.06238 0.965802
3500 pop2 1.0494 0.953998
3600 pop1 1.06684 0.96985
3600 pop2 1.0432 0.948361
3700 pop1 1.06222 0.965656
3700 pop2 1.04834 0.953037
3800 pop1 1.06027 0.963881
3800 pop2 1.05261 0.956917
3900 pop1 1.0551 0.959178
3900 pop2 1.05634 0.960307
4000 pop1 1.05265 0.956953
4000 pop2 1.05695 0.960865
4100 pop1 1.04683 0.951665
4100 pop2 1.06337 0.966704
4200 pop1 1.0478 0.952548
4200 pop2 1.06278 0.966162
4300 pop1 1.05305 0.957318
4300 pop2 1.05633 0.960296
4400 pop1 1.05783 0.961668
4400 pop2 1.05057 0.955064
4500 pop1 1.05669 0.960623
4500 pop2 1.05448 0.958622
4600 pop1 1.05946 0.963146
4600 pop2 1.055 0.959095
4700 pop1 1.05654 0.960488
4700 pop2 1.05783 0.961668
4800 pop1 1.04752 0.952288
4800 pop2 1.062 0.965455
4900 pop1 1.05496 0.959058
4900 pop2 1.05618 0.960163
5000 pop1 1.05545 0.959502
5000 pop2 1.05478 0.958893
