1 pop1 1.0 0.833333
1 pop2 1.0 0.833333
100 pop1 1.12658 0.938813
100 pop2 1.11956 0.93297
200 pop1 1.11909 0.932572
200 pop2 1.12263 0.935528
300 pop1 1.12572 0.938098
300 pop2 1.12648 0.938734
400 pop1 1.13015 0.941795
400 pop2 1.12897 0.940808
500 pop1 1.12816 0.940134
500 pop2 1.11595 0.929956
600 pop1 1.12356 0.936299
600 pop2 1.12468 0.937235
700 pop1 1.12693 0.939112
700 pop2 1.12592 0.938268
800 pop1 1.12405 0.936706
800 pop2 1.11906 0.932552
900 pop1 1.11739 0.931162
900 pop2 1.12117 0.93431
1000 pop1 1.12376 0.936467
1000 pop2 1.12172 0.93477
1100 pop1 1.14581 0.954843
1100 pop2 1.14713 0.955941
1200 pop1 1.14662 0.955518
1200 pop2 1.14001 0.950011
1300 pop1 1.14112 0.95093
1300 pop2 1.1429 0.952421
1400 pop1 1.13459 0.945494
1400 pop2 1.14282 0.952349
1500 pop1 1.13907 0.949221
1500 pop2 1.14524 0.954368
1600 pop1 1.13513 0.94594
1600 pop2 1.14294 0.952449
1700 pop1 1.13681 0.947339
1700 pop2 1.14777 0.956471
1800 pop1 1.14204 0.951696
1800 pop2 1.14308 0.952564
1900 pop1 1.15197 0.959973
1900 pop2 1.1347 0.945587
2000 pop1 1.1463 0.955254
2000 pop2 1.14089 0.95074
2100 pop1 1.13777 0.948139
2100 pop2 1.14313 0.952606
2200 pop1 1.13977 0.949805
2200 pop2 1.14326 0.95272
2300 pop1 1.14139 0.951155
2300 pop2 1.14099 0.950825
2400 pop1 1.14568 0.954737
2400 pop2 1.14375 0.953126
2500 pop1 1.15072 0.958935
2500 pop2 1.13815 0.948459
2600 pop1 1.14283 0.952361
2600 pop2 1.1378 0.948164
2700 pop1 1.14019 0.950161
2700 pop2 1.14055 0.950461
2800 pop1 1.14517 0.954312
2800 pop2 1.14023 0.950189
2900 pop1 1.1379 0.948252
2900 pop2 1.14136 0.951137
3000 pop1 1.14475 0.953962
3000 pop2 1.13889 0.949074
3100 pop1 1.13062 0.942182
3100 pop2 1.15064 0.958866
3200 pop1 1.14329 0.952738
3200 pop2 1.14478 0.95398
3300 pop1 1.15242 0.960352
3300 pop2 1.1324 0.943663
3400 pop1 1.14343 0.952855
3400 pop2 1.14666 0.955549
3500 pop1 1.1439 0.953251
3500 pop2 1.14261 0.952172
3600 pop1 1.14121 0.95101
3600 pop2 1.14384 0.953199
3700 pop1 1.13561 0.946338
3700 pop2 1.14716 0.955966
3800 pop1 1.1445 0.953751
3800 pop2 1.14561 0.954679
3900 pop1 1.13146 0.942882
3900 pop2 1.14587 0.954895
4000 pop1 1.1469 0.955751
4000 pop2 1.14287 0.952394
4100 pop1 1.1457 0.95475
4100 pop2 1.14668 0.95557
4200 pop1 1.14192 0.951597
4200 pop2 1.13817 0.948476
4300 pop1 1.14006 0.950046
4300 pop2 1.14052 0.950429
4400 pop1 1.14706 0.955884
4400 pop2 1.13598 0.946648
4500 pop1 1.1364 0.947003
4500 pop2 1.14742 0.956181
4600 pop1 1.14421 0.953508
4600 pop2 1.14261 0.952172
4700 pop1 1.14495 0.954123
4700 pop2 1.13451 0.945423
4800 pop1 1.14434 0.95362
4800 pop2 1.14391 0.953257
4900 pop1 1.14494 0.954115
4900 pop2 1.14277 0.952312
5000 pop1 1.14137 0.95114
5000 pop2 1.13849 0.948743
