1 pop1 1.0 0.833333
1 pop2 1.0 0.833333
100 pop1 1.1925 0.993752
100 pop2 1.18737 0.989474
200 pop1 1.19186 0.99322
200 pop2 1.19042 0.992017
300 pop1 1.19251 0.993757
300 pop2 1.19284 0.99403
400 pop1 1.19105 0.992538
400 pop2 1.18948 0.991232
500 pop1 1.19288 0.994067
500 pop2 1.18776 0.989798
600 pop1 1.18866 0.990553
600 pop2 1.19432 0.995267
700 pop1 1.19505 0.995875
700 pop2 1.1858 0.988169
800 pop1 1.18964 0.991363
800 pop2 1.19147 0.992894
900 pop1 1.19438 0.995319
900 pop2 1.18882 0.990684
1000 pop1 1.19173 0.993111
1000 pop2 1.18875 0.990625
1100 pop1 1.19353 0.994605
1100 pop2 1.18048 0.98373
1200 pop1 1.19395 0.99496
1200 pop2 1.19096 0.992468
1300 pop1 1.18809 0.990072
1300 pop2 1.18929 0.991076
1400 pop1 1.18886 0.990717
1400 pop2 1.18734 0.989448
1500 pop1 1.19189 0.993246
1500 pop2 1.19101 0.992512
1600 pop1 1.19102 0.992518
1600 pop2 1.1884 0.990333
1700 pop1 1.18867 0.99056
1700 pop2 1.18848 0.990401
1800 pop1 1.19093 0.992438
1800 pop2 1.18921 0.991011
1900 pop1 1.18626 0.988552
1900 pop2 1.18611 0.988428
2000 pop1 1.19401 0.995007
2000 pop2 1.18931 0.991089
2100 pop1 1.19288 0.994071
2100 pop2 1.19505 0.995875
2200 pop1 1.18976 0.991469
2200 pop2 1.18906 0.990879
2300 pop1 1.1873 0.989418
2300 pop2 1.19196 0.993297
2400 pop1 1.19438 0.995315
2400 pop2 1.18821 0.990174
2500 pop1 1.19613 0.996777
2500 pop2 1.19031 0.991926
2600 pop1 1.19397 0.994974
2600 pop2 1.19197 0.993305
2700 pop1 1.19113 0.99261
2700 pop2 1.19317 0.994307
2800 pop1 1.19445 0.995372
2800 pop2 1.18885 0.990712
2900 pop1 1.19428 0.995231
2900 pop2 1.18945 0.991207
3000 pop1 1.19524 0.996034
3000 pop2 1.19261 0.993839
3100 pop1 1.19321 0.994343
3100 pop2 1.19569 0.996407
3200 pop1 1.19151 0.992922
3200 pop2 1.19487 0.995723
3300 pop1 1.19251 0.993756
3300 pop2 1.19131 0.992758
3400 pop1 1.19101 0.992508
3400 pop2 1.19181 0.993176
3500 pop1 1.189 0.99083
3500 pop2 1.18848 0.990398
3600 pop1 1.19179 0.99316
3600 pop2 1.19236 0.99363
3700 pop1 1.18989 0.991579
3700 pop2 1.19225 0.99354
3800 pop1 1.1916 0.993001
3800 pop2 1.18987 0.991561
3900 pop1 1.19236 0.993635
3900 pop2 1.18997 0.991638
4000 pop1 1.19264 0.993866
4000 pop2 1.19458 0.99548
4100 pop1 1.19474 0.995621
4100 pop2 1.18998 0.991649
4200 pop1 1.1897 0.99142
4200 pop2 1.19249 0.993738
4300 pop1 1.19205 0.993379
4300 pop2 1.19185 0.993205
4400 pop1 1.19045 0.992041
4400 pop2 1.18888 0.990736
4500 pop1 1.19187 0.993228
4500 pop2 1.19002 0.991685
4600 pop1 1.19298 0.994153
4600 pop2 1.19038 0.99198
4700 pop1 1.1912 0.992663
4700 pop2 1.19176 0.993131
4800 pop1 1.19304 0.9942
4800 pop2 1.19199 0.993326
4900 pop1 1.1997 0.999754
4900 pop2 1.1911 0.992587
5000 pop1 1.19448 0.995399
5000 pop2 1.18974 0.991449
