1 pop1 1.0 0.980392
1 pop2 1.0 0.980392
100 pop1 1.00104 0.981414
100 pop2 1.00116 0.981531
200 pop1 1.00055 0.980936
200 pop2 1.0016 0.981962
300 pop1 0.999882 0.980277
300 pop2 1.00294 0.983279
400 pop1 1.00172 0.982079
400 pop2 1.00107 0.981441
500 pop1 1.00208 0.982429
500 pop2 0.998826 0.979241
600 pop1 1.00107 0.981441
600 pop2 1.00122 0.981584
700 pop1 1.00026 0.980647
700 pop2 1.00179 0.982145
800 pop1 1.00101 0.981385
800 pop2 1.00156 0.981922
900 pop1 1.00103 0.981405
900 pop2 1.00064 0.981017
1000 pop1 1.00045 0.980832
1000 pop2 1.0012 0.981569
1100 pop1 1.00356 0.983886
1100 pop2 1.00342 0.983745
1200 pop1 1.00759 0.987833
1200 pop2 1.00701 0.987265
1300 pop1 1.01021 0.9904
1300 pop2 1.0082 0.988435
1400 pop1 1.0106 0.990788
1400 pop2 1.00897 0.989183
1500 pop1 1.01115 0.991321
1500 pop2 1.00877 0.988989
1600 pop1 1.01041 0.990594
1600 pop2 1.00991 0.990106
1700 pop1 1.01108 0.991251
1700 pop2 1.00983 0.990025
1800 pop1 1.00998 0.990181
1800 pop2 1.01007 0.990269
1900 pop1 1.00834 0.988573
1900 pop2 1.01304 0.993173
2000 pop1 1.00942 0.98963
2000 pop2 1.01113 0.991302
2100 pop1 1.00993 0.990124
2100 pop2 1.01065 0.990836
2200 pop1 1.00986 0.990057
2200 pop2 1.01091 0.991088
2300 pop1 1.00964 0.989843
2300 pop2 1.01126 0.991427
2400 pop1 1.01021 0.990406
2400 pop2 1.01084 0.991021
2500 pop1 1.01135 0.991515
2500 pop2 1.00946 0.989669
2600 pop1 1.01194 0.992097
2600 pop2 1.00938 0.989591
2700 pop1 1.01196 0.992117
2700 pop2 1.0097 0.989905
2800 pop1 1.0108 0.990983
2800 pop2 1.01032 0.990513
2900 pop1 1.01164 0.991808
2900 pop2 1.00905 0.989263
3000 pop1 1.01133 0.991503
3000 pop2 1.01 0.990197
3100 pop1 1.01059 0.990774
3100 pop2 1.01022 0.990414
3200 pop1 1.00945 0.989657
3200 pop2 1.01162 0.991782
3300 pop1 1.00956 0.98976
3300 pop2 1.0118 0.99196
3400 pop1 1.00953 0.989732
3400 pop2 1.01182 0.991976
3500 pop1 1.00919 0.9894
3500 pop2 1.01206 0.992216
3600 pop1 1.00927 0.989479
3600 pop2 1.01114 0.991309
3700 pop1 1.00983 0.990033
3700 pop2 1.01079 0.990966
3800 pop1 1.00979 0.989986
3800 pop2 1.01124 0.991415
3900 pop1 1.00887 0.989086
3900 pop2 1.01156 0.991723
4000 pop1 1.00897 0.98919
4000 pop2 1.01162 0.991782
4100 pop1 1.00884 0.989063
4100 pop2 1.01223 0.992386
4200 pop1 1.00732 0.987567
4200 pop2 1.01307 0.993202
4300 pop1 1.00715 0.9874
4300 pop2 1.01295 0.993083
4400 pop1 1.00881 0.989031
4400 pop2 1.0121 0.992255
4500 pop1 1.00817 0.988402
4500 pop2 1.01271 0.992855
4600 pop1 1.00873 0.988952
4600 pop2 1.01218 0.99233
4700 pop1 1.00855 0.98877
4700 pop2 1.01177 0.991936
4800 pop1 1.01061 0.990797
4800 pop2 1.00931 0.989524
4900 pop1 1.01086 0.991035
4900 pop2 1.00947 0.989673
5000 pop1 1.01037 0.990556
5000 pop2 1.01043 0.990615
