1 pop1 1.0 0.980392
1 pop2 1.0 0.980392
100 pop1 1.00104 0.981417
100 pop2 1.00088 0.981253
200 pop1 1.00147 0.981836
200 pop2 1.0014 0.981764
300 pop1 1.00427 0.98458
300 pop2 0.997799 0.978235
400 pop1 1.00198 0.982334
400 pop2 0.999675 0.980074
500 pop1 1.00027 0.980657
500 pop2 1.00159 0.98195
600 pop1 1.00162 0.981982
600 pop2 0.999097 0.979507
700 pop1 1.00542 0.985703
700 pop2 0.996167 0.976634
800 pop1 1.00727 0.98752
800 pop2 0.99478 0.975275
900 pop1 1.00582 0.986098
900 pop2 0.995492 0.975973
1000 pop1 1.00647 0.986731
1000 pop2 0.995675 0.976152
1100 pop1 1.01162 0.991781
1100 pop2 0.994342 0.974845
1200 pop1 1.01652 0.996587
1200 pop2 0.992651 0.973188
1300 pop1 1.01909 0.999112
1300 pop2 0.993334 0.973857
1400 pop1 1.01969 0.999694
1400 pop2 0.994013 0.974523
1500 pop1 1.01978 0.999782
1500 pop2 0.993735 0.97425
1600 pop1 1.01935 0.99936
1600 pop2 0.994936 0.975428
1700 pop1 1.01916 0.999177
1700 pop2 0.995162 0.975649
1800 pop1 1.01938 0.99939
1800 pop2 0.995185 0.975672
1900 pop1 1.02011 1.00011
1900 pop2 0.995368 0.975851
2000 pop1 1.02011 1.00011
2000 pop2 0.996066 0.976535
2100 pop1 1.02011 1.00011
2100 pop2 0.996058 0.976527
2200 pop1 1.02011 1.00011
2200 pop2 0.996285 0.97675
2300 pop1 1.02011 1.0001
2300 pop2 0.997434 0.977877
2400 pop1 1.02011 1.0001
2400 pop2 0.997734 0.97817
2500 pop1 1.0201 1.0001
2500 pop2 0.998093 0.978522
2600 pop1 1.0201 1.0001
2600 pop2 0.998695 0.979113
2700 pop1 1.0201 1.0001
2700 pop2 0.999246 0.979653
2800 pop1 1.0201 1.0001
2800 pop2 0.999904 0.980298
2900 pop1 1.0201 1.0001
2900 pop2 0.999924 0.980318
3000 pop1 1.0201 1.0001
3000 pop2 1.0 0.980392
3100 pop1 1.0201 1.0001
3100 pop2 1.0 0.980392
3200 pop1 1.0201 1.0001
3200 pop2 1.0 0.980392
3300 pop1 1.0201 1.0001
3300 pop2 1.0 0.980392
3400 pop1 1.0201 1.0001
3400 pop2 1.0 0.980392
3500 pop1 1.0201 1.0001
3500 pop2 1.0 0.980392
3600 pop1 1.0201 1.0001
3600 pop2 1.0 0.980392
3700 pop1 1.0201 1.0001
3700 pop2 1.0 0.980392
3800 pop1 1.0201 1.0001
3800 pop2 1.0 0.980392
3900 pop1 1.0201 1.0001
3900 pop2 1.0 0.980392
4000 pop1 1.0201 1.0001
4000 pop2 1.0 0.980392
4100 pop1 1.0201 1.0001
4100 pop2 1.0 0.980392
4200 pop1 1.0201 1.0001
4200 pop2 1.0 0.980392
4300 pop1 1.0201 1.0001
4300 pop2 1.0 0.980392
4400 pop1 1.0201 1.0001
4400 pop2 1.0 0.980392
4500 pop1 1.0201 1.0001
4500 pop2 1.0 0.980392
4600 pop1 1.0201 1.0001
4600 pop2 1.0 0.980392
4700 pop1 1.0201 1.0001
4700 pop2 1.0 0.980392
4800 pop1 1.0201 1.0001
4800 pop2 1.0 0.980392
4900 pop1 1.0201 1.0001
4900 pop2 1.0 0.980392
5000 pop1 1.0201 1.0001
5000 pop2 1.0 0.980392
