1 pop1 1.0 0.909091
1 pop2 1.0 0.909091
100 pop1 1.01488 0.922617
100 pop2 1.01561 0.923282
200 pop1 1.00996 0.918149
200 pop2 1.01631 0.923914
300 pop1 1.00496 0.913597
300 pop2 1.01681 0.924372
400 pop1 1.00827 0.916612
400 pop2 1.01646 0.924052
500 pop1 1.00937 0.917608
500 pop2 1.01918 0.926531
600 pop1 1.01103 0.919122
600 pop2 1.0153 0.922998
700 pop1 1.01684 0.9244
700 pop2 1.01378 0.921617
800 pop1 1.01288 0.920797
800 pop2 1.01456 0.922329
900 pop1 1.01494 0.922672
900 pop2 1.01463 0.922391
1000 pop1 1.00836 0.916687
1000 pop2 1.02263 0.929664
1100 pop1 1.05275 0.957045
1100 pop2 1.05045 0.954953
1200 pop1 1.05273 0.957023
1200 pop2 1.05599 0.959992
1300 pop1 1.05032 0.954838
1300 pop2 1.05573 0.959754
1400 pop1 1.04869 0.953353
1400 pop2 1.06097 0.964515
1500 pop1 1.05678 0.960707
1500 pop2 1.05218 0.956526
1600 pop1 1.05783 0.961668
1600 pop2 1.05461 0.95874
1700 pop1 1.04796 0.95269
1700 pop2 1.06395 0.967228
1800 pop1 1.04227 0.947518
1800 pop2 1.06815 0.971046
1900 pop1 1.05085 0.955317
1900 pop2 1.06088 0.964439
2000 pop1 1.05761 0.961461
2000 pop2 1.05516 0.959241
2100 pop1 1.05735 0.961226
2100 pop2 1.05408 0.95825
2200 pop1 1.06238 0.965796
2200 pop2 1.04904 0.953671
2300 pop1 1.06151 0.965013
2300 pop2 1.05137 0.955788
2400 pop1 1.05599 0.959989
2400 pop2 1.05454 0.958672
2500 pop1 1.06221 0.965644
2500 pop2 1.04879 0.953443
2600 pop1 1.05974 0.963404
2600 pop2 1.04977 0.954341
2700 pop1 1.06137 0.964884
2700 pop2 1.05213 0.956481
2800 pop1 1.05796 0.961785
2800 pop2 1.05266 0.956967
2900 pop1 1.0527 0.956997
2900 pop2 1.05904 0.962765
3000 pop1 1.05764 0.961487
3000 pop2 1.05301 0.957281
3100 pop1 1.05944 0.963131
3100 pop2 1.04995 0.954497
3200 pop1 1.05352 0.957743
3200 pop2 1.0561 0.960091
3300 pop1 1.05922 0.962927
3300 pop2 1.05019 0.954723
3400 pop1 1.06006 0.963694
3400 pop2 1.05372 0.957925
3500 pop1 1.0601 0.963726
3500 pop2 1.05067 0.955152
3600 pop1 1.06258 0.965979
3600 pop2 1.04995 0.954504
3700 pop1 1.06176 0.965234
3700 pop2 1.04833 0.953027
3800 pop1 1.06078 0.964349
3800 pop2 1.05052 0.955019
3900 pop1 1.05837 0.962158
3900 pop2 1.05207 0.95643
4000 pop1 1.06078 0.964346
4000 pop2 1.05033 0.954841
4100 pop1 1.06461 0.96783
4100 pop2 1.04594 0.950858
4200 pop1 1.07166 0.97424
4200 pop2 1.04267 0.947878
4300 pop1 1.06388 0.967164
4300 pop2 1.04886 0.953506
4400 pop1 1.05448 0.958615
4400 pop2 1.05809 0.961904
4500 pop1 1.05575 0.959775
4500 pop2 1.05718 0.961072
4600 pop1 1.05888 0.962618
4600 pop2 1.05114 0.955579
4700 pop1 1.05469 0.958807
4700 pop2 1.05389 0.958079
4800 pop1 1.05838 0.962166
4800 pop2 1.05052 0.955015
4900 pop1 1.06376 0.967054
4900 pop2 1.05141 0.955826
5000 pop1 1.05865 0.96241
5000 pop2 1.05305 0.95732
