1 pop1 1.0 0.909091
1 pop2 1.0 0.909091
100 pop1 1.08425 0.985677
100 pop2 1.08222 0.983832
200 pop1 1.08754 0.988674
200 pop2 1.08254 0.984129
300 pop1 1.08414 0.985584
300 pop2 1.08239 0.98399
400 pop1 1.08399 0.985446
400 pop2 1.08362 0.985106
500 pop1 1.08641 0.987647
500 pop2 1.0867 0.987905
600 pop1 1.08399 0.985448
600 pop2 1.08346 0.984965
700 pop1 1.08701 0.98819
700 pop2 1.08251 0.984101
800 pop1 1.0833 0.984819
800 pop2 1.08351 0.985013
900 pop1 1.08848 0.989524
900 pop2 1.08372 0.985203
1000 pop1 1.08586 0.987143
1000 pop2 1.0797 0.98155
1100 pop1 1.09323 0.993842
1100 pop2 0.99364 0.903309
1200 pop1 1.09404 0.994585
1200 pop2 0.994411 0.90401
1300 pop1 1.10079 1.00072
1300 pop2 0.998657 0.90787
1400 pop1 1.10172 1.00156
1400 pop2 0.999368 0.908516
1500 pop1 1.10185 1.00168
1500 pop2 0.999328 0.90848
1600 pop1 1.1025 1.00228
1600 pop2 1.0 0.909091
1700 pop1 1.1025 1.00227
1700 pop2 1.0 0.909091
1800 pop1 1.1025 1.00227
1800 pop2 1.0 0.909091
1900 pop1 1.1025 1.00227
1900 pop2 1.0 0.909091
2000 pop1 1.1025 1.00227
2000 pop2 1.0 0.909091
2100 pop1 1.1025 1.00227
2100 pop2 1.0 0.909091
2200 pop1 1.1025 1.00227
2200 pop2 1.0 0.909091
2300 pop1 1.1025 1.00227
2300 pop2 1.0 0.909091
2400 pop1 1.1025 1.00227
2400 pop2 1.0 0.909091
2500 pop1 1.1025 1.00227
2500 pop2 1.0 0.909091
2600 pop1 1.1025 1.00227
2600 pop2 1.0 0.909091
2700 pop1 1.1025 1.00227
2700 pop2 1.0 0.909091
2800 pop1 1.1025 1.00227
2800 pop2 1.0 0.909091
2900 pop1 1.1025 1.00227
2900 pop2 1.0 0.909091
3000 pop1 1.1025 1.00227
3000 pop2 1.0 0.909091
3100 pop1 1.1025 1.00227
3100 pop2 1.0 0.909091
3200 pop1 1.1025 1.00227
3200 pop2 1.0 0.909091
3300 pop1 1.1025 1.00227
3300 pop2 1.0 0.909091
3400 pop1 1.1025 1.00227
3400 pop2 1.0 0.909091
3500 pop1 1.1025 1.00227
3500 pop2 1.0 0.909091
3600 pop1 1.1025 1.00227
3600 pop2 1.0 0.909091
3700 pop1 1.1025 1.00227
3700 pop2 1.0 0.909091
3800 pop1 1.1025 1.00227
3800 pop2 1.0 0.909091
3900 pop1 1.1025 1.00227
3900 pop2 1.0 0.909091
4000 pop1 1.1025 1.00227
4000 pop2 1.0 0.909091
4100 pop1 1.1025 1.00227
4100 pop2 1.0 0.909091
4200 pop1 1.1025 1.00227
4200 pop2 1.0 0.909091
4300 pop1 1.1025 1.00227
4300 pop2 1.0 0.909091
4400 pop1 1.1025 1.00227
4400 pop2 1.0 0.909091
4500 pop1 1.1025 1.00227
4500 pop2 1.0 0.909091
4600 pop1 1.1025 1.00227
4600 pop2 1.0 0.909091
4700 pop1 1.1025 1.00227
4700 pop2 1.0 0.909091
4800 pop1 1.1025 1.00227
4800 pop2 1.0 0.909091
4900 pop1 1.1025 1.00227
4900 pop2 1.0 0.909091
5000 pop1 1.1025 1.00227
5000 pop2 1.0 0.909091
