1 pop1 1.0 0.909091
1 pop2 1.0 0.909091
100 pop1 1.02369 0.930624
100 pop2 1.00908 0.917349
200 pop1 1.01999 0.927266
200 pop2 1.00754 0.915943
300 pop1 1.02255 0.929594
300 pop2 1.00519 0.91381
400 pop1 1.0187 0.92609
400 pop2 1.01781 0.925279
500 pop1 1.01536 0.923052
500 pop2 1.01314 0.92104
600 pop1 1.01215 0.920134
600 pop2 1.02058 0.927797
700 pop1 1.0161 0.92373
700 pop2 1.01222 0.9202
800 pop1 1.00675 0.915223
800 pop2 1.02213 0.929208
900 pop1 1.01537 0.92306
900 pop2 1.01061 0.918737
1000 pop1 1.01588 0.923525
1000 pop2 1.00984 0.918032
1100 pop1 1.0616 0.965089
1100 pop2 1.03635 0.942136
1200 pop1 1.04733 0.952119
1200 pop2 1.05722 0.961109
1300 pop1 1.04697 0.951788
1300 pop2 1.06044 0.964037
1400 pop1 1.04123 0.946576
1400 pop2 1.0661 0.969183
1500 pop1 1.05332 0.957566
1500 pop2 1.05682 0.960742
1600 pop1 1.05817 0.961971
1600 pop2 1.05092 0.955383
1700 pop1 1.05656 0.960505
1700 pop2 1.05442 0.958565
1800 pop1 1.0657 0.968821
1800 pop2 1.04495 0.949956
1900 pop1 1.06565 0.968771
1900 pop2 1.04514 0.950131
2000 pop1 1.06303 0.966394
2000 pop2 1.05099 0.955442
2100 pop1 1.0593 0.963
2100 pop2 1.05054 0.955039
2200 pop1 1.05643 0.960392
2200 pop2 1.05553 0.959577
2300 pop1 1.05594 0.959947
2300 pop2 1.0541 0.958271
2400 pop1 1.05678 0.960706
2400 pop2 1.05868 0.962435
2500 pop1 1.05224 0.95658
2500 pop2 1.05441 0.958552
2600 pop1 1.06122 0.96475
2600 pop2 1.05095 0.955411
2700 pop1 1.05781 0.961648
2700 pop2 1.05452 0.958654
2800 pop1 1.05694 0.960852
2800 pop2 1.05004 0.954584
2900 pop1 1.05848 0.96225
2900 pop2 1.05127 0.955696
3000 pop1 1.06172 0.965204
3000 pop2 1.05009 0.954627
3100 pop1 1.06065 0.964227
3100 pop2 1.04691 0.951737
3200 pop1 1.0565 0.960455
3200 pop2 1.05573 0.959756
3300 pop1 1.05713 0.961024
3300 pop2 1.05464 0.958763
3400 pop1 1.05064 0.955128
3400 pop2 1.0597 0.963363
3500 pop1 1.05824 0.962035
3500 pop2 1.05018 0.954709
3600 pop1 1.05609 0.960082
3600 pop2 1.05394 0.958125
3700 pop1 1.05377 0.957975
3700 pop2 1.05974 0.963396
3800 pop1 1.05445 0.958595
3800 pop2 1.05418 0.958342
3900 pop1 1.0532 0.957456
3900 pop2 1.05655 0.960499
4000 pop1 1.0533 0.957545
4000 pop2 1.05786 0.961689
4100 pop1 1.0563 0.960276
4100 pop2 1.05656 0.960513
4200 pop1 1.05881 0.962554
4200 pop2 1.0539 0.958095
4300 pop1 1.05598 0.959983
4300 pop2 1.05229 0.956632
4400 pop1 1.05699 0.960904
4400 pop2 1.05513 0.959211
4500 pop1 1.05576 0.959786
4500 pop2 1.05467 0.95879
4600 pop1 1.05457 0.958698
4600 pop2 1.05592 0.959928
4700 pop1 1.05657 0.960523
4700 pop2 1.05659 0.960537
4800 pop1 1.05476 0.958876
4800 pop2 1.05669 0.96063
4900 pop1 1.0611 0.964633
4900 pop2 1.05106 0.955506
5000 pop1 1.05849 0.962263
5000 pop2 1.05086 0.955331
