1 pop1 1.0 0.909091
1 pop2 1.0 0.909091
100 pop1 1.08564 0.986948
100 pop2 1.08583 0.987122
200 pop1 1.08374 0.985219
200 pop2 1.08568 0.98698
300 pop1 1.0842 0.985639
300 pop2 1.08494 0.98631
400 pop1 1.08349 0.984991
400 pop2 1.08491 0.986282
500 pop1 1.08414 0.98558
500 pop2 1.0832 0.984726
600 pop1 1.08381 0.985282
600 pop2 1.08721 0.988376
700 pop1 1.08152 0.983198
700 pop2 1.08818 0.989251
800 pop1 1.08373 0.985206
800 pop2 1.0855 0.986815
900 pop1 1.08119 0.982904
900 pop2 1.08623 0.987483
1000 pop1 1.08326 0.984783
1000 pop2 1.08583 0.987121
1100 pop1 1.09302 0.993652
1100 pop2 0.99848 0.907709
1200 pop1 1.09671 0.997012
1200 pop2 0.997038 0.906399
1300 pop1 1.09891 0.999012
1300 pop2 0.998933 0.908121
1400 pop1 1.1012 1.00109
1400 pop2 0.999822 0.908929
1500 pop1 1.10228 1.00208
1500 pop2 0.999447 0.908588
1600 pop1 1.10252 1.00229
1600 pop2 1.0 0.909091
1700 pop1 1.1025 1.00227
1700 pop2 1.0 0.909091
1800 pop1 1.1025 1.00227
1800 pop2 1.0 0.909091
1900 pop1 1.1025 1.00227
1900 pop2 1.0 0.909091
2000 pop1 1.1025 1.00227
2000 pop2 1.0 0.909091
2100 pop1 1.1025 1.00227
2100 pop2 1.0 0.909091
2200 pop1 1.1025 1.00227
2200 pop2 1.0 0.909091
2300 pop1 1.1025 1.00227
2300 pop2 1.0 0.909091
2400 pop1 1.1025 1.00227
2400 pop2 1.0 0.909091
2500 pop1 1.1025 1.00227
2500 pop2 1.0 0.909091
2600 pop1 1.1025 1.00227
2600 pop2 1.0 0.909091
2700 pop1 1.1025 1.00227
2700 pop2 1.0 0.909091
2800 pop1 1.1025 1.00227
2800 pop2 1.0 0.909091
2900 pop1 1.1025 1.00227
2900 pop2 1.0 0.909091
3000 pop1 1.1025 1.00227
3000 pop2 1.0 0.909091
3100 pop1 1.1025 1.00227
3100 pop2 1.0 0.909091
3200 pop1 1.1025 1.00227
3200 pop2 1.0 0.909091
3300 pop1 1.1025 1.00227
3300 pop2 1.0 0.909091
3400 pop1 1.1025 1.00227
3400 pop2 1.0 0.909091
3500 pop1 1.1025 1.00227
3500 pop2 1.0 0.909091
3600 pop1 1.1025 1.00227
3600 pop2 1.0 0.909091
3700 pop1 1.1025 1.00227
3700 pop2 1.0 0.909091
3800 pop1 1.1025 1.00227
3800 pop2 1.0 0.909091
3900 pop1 1.1025 1.00227
3900 pop2 1.0 0.909091
4000 pop1 1.1025 1.00227
4000 pop2 1.0 0.909091
4100 pop1 1.1025 1.00227
4100 pop2 1.0 0.909091
4200 pop1 1.1025 1.00227
4200 pop2 1.0 0.909091
4300 pop1 1.1025 1.00227
4300 pop2 1.0 0.909091
4400 pop1 1.1025 1.00227
4400 pop2 1.0 0.909091
4500 pop1 1.1025 1.00227
4500 pop2 1.0 0.909091
4600 pop1 1.1025 1.00227
4600 pop2 1.0 0.909091
4700 pop1 1.1025 1.00227
4700 pop2 1.0 0.909091
4800 pop1 1.1025 1.00227
4800 pop2 1.0 0.909091
4900 pop1 1.1025 1.00227
4900 pop2 1.0 0.909091
5000 pop1 1.1025 1.00227
5000 pop2 1.0 0.909091
