1 pop1 1.0 0.909091
1 pop2 1.0 0.909091
100 pop1 1.08153 0.983209
100 pop2 1.08206 0.983689
200 pop1 1.07976 0.981603
200 pop2 1.08273 0.984296
300 pop1 1.08563 0.986932
300 pop2 1.08308 0.98462
400 pop1 1.08435 0.98577
400 pop2 1.08134 0.983039
500 pop1 1.08133 0.983023
500 pop2 1.08231 0.983921
600 pop1 1.07945 0.981314
600 pop2 1.08176 0.983415
700 pop1 1.08532 0.986651
700 pop2 1.08311 0.984647
800 pop1 1.07969 0.981536
800 pop2 1.08261 0.984188
900 pop1 1.07959 0.981444
900 pop2 1.08318 0.984705
1000 pop1 1.08334 0.984854
1000 pop2 1.08027 0.982064
1100 pop1 1.08974 0.990673
1100 pop2 1.06449 0.967715
1200 pop1 1.0854 0.986728
1200 pop2 1.08647 0.9877
1300 pop1 1.08745 0.98859
1300 pop2 1.08969 0.990628
1400 pop1 1.0846 0.986002
1400 pop2 1.08758 0.988706
1500 pop1 1.08067 0.982429
1500 pop2 1.08622 0.987475
1600 pop1 1.08353 0.985031
1600 pop2 1.08609 0.987353
1700 pop1 1.08638 0.987621
1700 pop2 1.08461 0.986006
1800 pop1 1.08789 0.988993
1800 pop2 1.08398 0.985432
1900 pop1 1.08512 0.986471
1900 pop2 1.08613 0.987387
2000 pop1 1.08498 0.986347
2000 pop2 1.08393 0.985388
2100 pop1 1.08654 0.98776
2100 pop2 1.08875 0.989772
2200 pop1 1.08741 0.988558
2200 pop2 1.08124 0.982943
2300 pop1 1.08477 0.986152
2300 pop2 1.08466 0.986051
2400 pop1 1.08587 0.987153
2400 pop2 1.08609 0.987353
2500 pop1 1.0866 0.987816
2500 pop2 1.0875 0.988634
2600 pop1 1.08374 0.985222
2600 pop2 1.08497 0.986333
2700 pop1 1.07993 0.981755
2700 pop2 1.08792 0.989022
2800 pop1 1.08607 0.987339
2800 pop2 1.08514 0.986488
2900 pop1 1.08128 0.982985
2900 pop2 1.08617 0.987431
3000 pop1 1.08545 0.986777
3000 pop2 1.08526 0.986601
3100 pop1 1.08728 0.988433
3100 pop2 1.08357 0.985063
3200 pop1 1.08349 0.984995
3200 pop2 1.08688 0.988077
3300 pop1 1.0867 0.98791
3300 pop2 1.08729 0.988442
3400 pop1 1.0856 0.986909
3400 pop2 1.08187 0.983518
3500 pop1 1.08636 0.987597
3500 pop2 1.08515 0.986502
3600 pop1 1.08093 0.982666
3600 pop2 1.08807 0.989157
3700 pop1 1.08591 0.987191
3700 pop2 1.08761 0.988738
3800 pop1 1.08885 0.989868
3800 pop2 1.08517 0.986521
3900 pop1 1.085 0.986363
3900 pop2 1.0846 0.986
4000 pop1 1.08463 0.986024
4000 pop2 1.08378 0.985252
4100 pop1 1.08587 0.987154
4100 pop2 1.08549 0.986805
4200 pop1 1.08415 0.98559
4200 pop2 1.08497 0.986333
4300 pop1 1.08586 0.987148
4300 pop2 1.08496 0.986328
4400 pop1 1.08689 0.988078
4400 pop2 1.08563 0.986933
4500 pop1 1.084 0.985458
4500 pop2 1.08393 0.985393
4600 pop1 1.0822 0.983822
4600 pop2 1.08829 0.989356
4700 pop1 1.08527 0.986611
4700 pop2 1.08182 0.983472
4800 pop1 1.08712 0.988288
4800 pop2 1.08774 0.988853
4900 pop1 1.0857 0.986998
4900 pop2 1.08542 0.986742
5000 pop1 1.08739 0.988539
5000 pop2 1.08497 0.986332
