1 pop1 1.0 0.909091
1 pop2 1.0 0.909091
100 pop1 1.04364 0.94876
100 pop2 1.03195 0.93814
200 pop1 1.03098 0.937255
200 pop2 1.03708 0.942796
300 pop1 1.03421 0.940192
300 pop2 1.02844 0.934947
400 pop1 1.03184 0.938037
400 pop2 1.03736 0.943056
500 pop1 1.02932 0.935746
500 pop2 1.03611 0.941922
600 pop1 1.03288 0.938982
600 pop2 1.03199 0.938177
700 pop1 1.03497 0.940883
700 pop2 1.03191 0.938097
800 pop1 1.0325 0.93864
800 pop2 1.03912 0.944656
900 pop1 1.03773 0.943393
900 pop2 1.02187 0.928977
1000 pop1 1.03243 0.938575
1000 pop2 1.03907 0.944606
1100 pop1 1.06897 0.971788
1100 pop2 1.05088 0.955344
1200 pop1 1.068 0.970913
1200 pop2 1.05555 0.959592
1300 pop1 1.06214 0.965583
1300 pop2 1.05903 0.962751
1400 pop1 1.06456 0.967778
1400 pop2 1.06082 0.964385
1500 pop1 1.06767 0.970608
1500 pop2 1.05787 0.961699
1600 pop1 1.05388 0.958071
1600 pop2 1.06784 0.970767
1700 pop1 1.05947 0.963155
1700 pop2 1.06311 0.966466
1800 pop1 1.05865 0.962411
1800 pop2 1.06347 0.966791
1900 pop1 1.06878 0.971619
1900 pop2 1.05374 0.957947
2000 pop1 1.06103 0.964572
2000 pop2 1.05954 0.963214
2100 pop1 1.0581 0.961905
2100 pop2 1.06369 0.966992
2200 pop1 1.05607 0.960064
2200 pop2 1.06179 0.965259
2300 pop1 1.05696 0.960873
2300 pop2 1.06787 0.970787
2400 pop1 1.06033 0.96394
2400 pop2 1.06168 0.96516
2500 pop1 1.05836 0.962142
2500 pop2 1.06432 0.967562
2600 pop1 1.06577 0.968881
2600 pop2 1.05903 0.962751
2700 pop1 1.0582 0.962002
2700 pop2 1.06258 0.965986
2800 pop1 1.06197 0.96543
2800 pop2 1.05943 0.963122
2900 pop1 1.06249 0.965903
2900 pop2 1.06243 0.965845
3000 pop1 1.06567 0.968792
3000 pop2 1.05553 0.959568
3100 pop1 1.065 0.968184
3100 pop2 1.05556 0.959597
3200 pop1 1.07042 0.973108
3200 pop2 1.04994 0.954492
3300 pop1 1.06288 0.966259
3300 pop2 1.06069 0.964267
3400 pop1 1.06247 0.965886
3400 pop2 1.06046 0.964059
3500 pop1 1.06468 0.967893
3500 pop2 1.05545 0.959499
3600 pop1 1.06107 0.964613
3600 pop2 1.0632 0.966548
3700 pop1 1.06622 0.969286
3700 pop2 1.05817 0.961977
3800 pop1 1.06112 0.964654
3800 pop2 1.06058 0.964167
3900 pop1 1.06361 0.966922
3900 pop2 1.0631 0.966454
4000 pop1 1.05672 0.960651
4000 pop2 1.06 0.963632
4100 pop1 1.06359 0.966896
4100 pop2 1.06112 0.964651
4200 pop1 1.06276 0.96615
4200 pop2 1.05976 0.963415
4300 pop1 1.06327 0.966608
4300 pop2 1.06027 0.963879
4400 pop1 1.05903 0.962758
4400 pop2 1.06415 0.967408
4500 pop1 1.06221 0.965646
4500 pop2 1.06416 0.96742
4600 pop1 1.06484 0.968038
4600 pop2 1.05937 0.963066
4700 pop1 1.06603 0.969122
4700 pop2 1.05475 0.958868
4800 pop1 1.06451 0.967732
4800 pop2 1.05833 0.962118
4900 pop1 1.05993 0.963574
4900 pop2 1.0609 0.964454
5000 pop1 1.06219 0.96563
5000 pop2 1.06042 0.964017
