1 pop1 1.0 0.980392
1 pop2 1.0 0.980392
100 pop1 1.0098 0.989997
100 pop2 1.00782 0.988057
200 pop1 1.00909 0.9893
200 pop2 1.00581 0.98609
300 pop1 1.00954 0.989749
300 pop2 1.00306 0.983396
400 pop1 1.01022 0.990408
400 pop2 1.00277 0.983106
500 pop1 1.00933 0.989535
500 pop2 1.00758 0.98782
600 pop1 1.00945 0.98966
600 pop2 1.00596 0.98624
700 pop1 1.01095 0.99113
700 pop2 1.00522 0.985508
800 pop1 1.0114 0.991572
800 pop2 1.00713 0.98738
900 pop1 1.00979 0.989993
900 pop2 1.0065 0.986765
1000 pop1 1.00929 0.989498
1000 pop2 1.00448 0.984784
1100 pop1 1.01451 0.994614
1100 pop2 0.995632 0.97611
1200 pop1 1.01483 0.994931
1200 pop2 0.995545 0.976025
1300 pop1 1.0151 0.995198
1300 pop2 0.995553 0.976033
1400 pop1 1.01603 0.996106
1400 pop2 0.99539 0.975872
1500 pop1 1.0166 0.996672
1500 pop2 0.994642 0.975139
1600 pop1 1.01604 0.99612
1600 pop2 0.99558 0.976059
1700 pop1 1.01607 0.996144
1700 pop2 0.996906 0.977359
1800 pop1 1.01412 0.994232
1800 pop2 0.997401 0.977845
1900 pop1 1.01618 0.996252
1900 pop2 0.996418 0.976881
2000 pop1 1.01443 0.99454
2000 pop2 0.996286 0.976751
2100 pop1 1.01547 0.995561
2100 pop2 0.99616 0.976628
2200 pop1 1.01795 0.997986
2200 pop2 0.995997 0.976468
2300 pop1 1.01861 0.998639
2300 pop2 0.996427 0.976889
2400 pop1 1.01959 0.999595
2400 pop2 0.995869 0.976342
2500 pop1 1.01943 0.999442
2500 pop2 0.997287 0.977732
2600 pop1 1.01949 0.999496
2600 pop2 0.997235 0.977681
2700 pop1 1.01995 0.999953
2700 pop2 0.997925 0.978358
2800 pop1 1.0201 1.0001
2800 pop2 0.999022 0.979434
2900 pop1 1.01991 0.999911
2900 pop2 0.999585 0.979985
3000 pop1 1.0201 1.0001
3000 pop2 0.99988 0.980275
3100 pop1 1.0201 1.0001
3100 pop2 0.999972 0.980365
3200 pop1 1.0201 1.0001
3200 pop2 0.9999 0.980294
3300 pop1 1.0201 1.0001
3300 pop2 1.0 0.980392
3400 pop1 1.0201 1.0001
3400 pop2 1.0 0.980392
3500 pop1 1.0201 1.0001
3500 pop2 1.0 0.980392
3600 pop1 1.0201 1.0001
3600 pop2 1.0 0.980392
3700 pop1 1.0201 1.0001
3700 pop2 1.0 0.980392
3800 pop1 1.0201 1.0001
3800 pop2 1.0 0.980392
3900 pop1 1.0201 1.0001
3900 pop2 1.0 0.980392
4000 pop1 1.0201 1.0001
4000 pop2 1.0 0.980392
4100 pop1 1.0201 1.0001
4100 pop2 1.0 0.980392
4200 pop1 1.0201 1.0001
4200 pop2 1.0 0.980392
4300 pop1 1.0201 1.0001
4300 pop2 1.0 0.980392
4400 pop1 1.0201 1.0001
4400 pop2 1.0 0.980392
4500 pop1 1.0201 1.0001
4500 pop2 1.0 0.980392
4600 pop1 1.0201 1.0001
4600 pop2 1.0 0.980392
4700 pop1 1.0201 1.0001
4700 pop2 1.0 0.980392
4800 pop1 1.0201 1.0001
4800 pop2 1.0 0.980392
4900 pop1 1.0201 1.0001
4900 pop2 1.0 0.980392
5000 pop1 1.0201 1.0001
5000 pop2 1.0 0.980392
