1 pop1 1.0 0.980392
1 pop2 1.0 0.980392
100 pop1 0.999765 0.980162
100 pop2 1.00402 0.984338
200 pop1 1.00289 0.983221
200 pop2 1.00147 0.981832
300 pop1 1.00172 0.982076
300 pop2 1.00213 0.982482
400 pop1 0.99914 0.979549
400 pop2 1.00288 0.983212
500 pop1 1.00038 0.980764
500 pop2 1.00312 0.983449
600 pop1 1.00042 0.980802
600 pop2 1.00286 0.983197
700 pop1 1.00089 0.981265
700 pop2 1.00244 0.982788
800 pop1 1.00259 0.982928
800 pop2 1.00091 0.981283
900 pop1 1.00069 0.98107
900 pop2 1.0043 0.984605
1000 pop1 1.0032 0.983528
1000 pop2 1.00052 0.980898
1100 pop1 1.00841 0.988642
1100 pop2 0.995547 0.976027
1200 pop1 1.01305 0.993187
1200 pop2 0.996034 0.976504
1300 pop1 1.01651 0.996579
1300 pop2 0.995647 0.976125
1400 pop1 1.01699 0.997045
1400 pop2 0.996009 0.97648
1500 pop1 1.01816 0.998199
1500 pop2 0.995551 0.97603
1600 pop1 1.01959 0.999601
1600 pop2 0.996534 0.976994
1700 pop1 1.01966 0.999662
1700 pop2 0.997862 0.978296
1800 pop1 1.01986 0.999863
1800 pop2 0.99901 0.979422
1900 pop1 1.02004 1.00004
1900 pop2 0.999318 0.979723
2000 pop1 1.01992 0.999926
2000 pop2 0.999218 0.979625
2100 pop1 1.02003 1.00003
2100 pop2 0.9998 0.980197
2200 pop1 1.0201 1.0001
2200 pop2 0.999968 0.980361
2300 pop1 1.0201 1.0001
2300 pop2 0.999793 0.980189
2400 pop1 1.0201 1.0001
2400 pop2 0.999781 0.980177
2500 pop1 1.0201 1.0001
2500 pop2 1.0 0.980392
2600 pop1 1.0201 1.0001
2600 pop2 1.0 0.980392
2700 pop1 1.0201 1.0001
2700 pop2 1.0 0.980392
2800 pop1 1.0201 1.0001
2800 pop2 1.0 0.980392
2900 pop1 1.0201 1.0001
2900 pop2 1.0 0.980392
3000 pop1 1.0201 1.0001
3000 pop2 1.0 0.980392
3100 pop1 1.0201 1.0001
3100 pop2 1.0 0.980392
3200 pop1 1.0201 1.0001
3200 pop2 1.0 0.980392
3300 pop1 1.0201 1.0001
3300 pop2 1.0 0.980392
3400 pop1 1.0201 1.0001
3400 pop2 1.0 0.980392
3500 pop1 1.0201 1.0001
3500 pop2 1.0 0.980392
3600 pop1 1.0201 1.0001
3600 pop2 1.0 0.980392
3700 pop1 1.0201 1.0001
3700 pop2 1.0 0.980392
3800 pop1 1.0201 1.0001
3800 pop2 1.0 0.980392
3900 pop1 1.0201 1.0001
3900 pop2 1.0 0.980392
4000 pop1 1.0201 1.0001
4000 pop2 1.0 0.980392
4100 pop1 1.0201 1.0001
4100 pop2 1.0 0.980392
4200 pop1 1.0201 1.0001
4200 pop2 1.0 0.980392
4300 pop1 1.0201 1.0001
4300 pop2 1.0 0.980392
4400 pop1 1.0201 1.0001
4400 pop2 1.0 0.980392
4500 pop1 1.0201 1.0001
4500 pop2 1.0 0.980392
4600 pop1 1.0201 1.0001
4600 pop2 1.0 0.980392
4700 pop1 1.0201 1.0001
4700 pop2 1.0 0.980392
4800 pop1 1.0201 1.0001
4800 pop2 1.0 0.980392
4900 pop1 1.0201 1.0001
4900 pop2 1.0 0.980392
5000 pop1 1.0201 1.0001
5000 pop2 1.0 0.980392
