1 pop1 1.0 0.833333
1 pop2 1.0 0.833333
100 pop1 1.19307 0.994228
100 pop2 1.18935 0.991123
200 pop1 1.19173 0.993104
200 pop2 1.18824 0.990199
300 pop1 1.19491 0.995756
300 pop2 1.19041 0.992007
400 pop1 1.19216 0.993467
400 pop2 1.19272 0.993931
500 pop1 1.19174 0.993117
500 pop2 1.18957 0.991311
600 pop1 1.19334 0.994448
600 pop2 1.18915 0.990958
700 pop1 1.19166 0.993047
700 pop2 1.19195 0.993294
800 pop1 1.19203 0.993355
800 pop2 1.18787 0.989896
900 pop1 1.19209 0.993406
900 pop2 1.19644 0.997033
1000 pop1 1.19437 0.995312
1000 pop2 1.18959 0.991324
1100 pop1 1.20093 1.00078
1100 pop2 0.989164 0.824303
1200 pop1 1.20002 1.00002
1200 pop2 0.993462 0.827885
1300 pop1 1.20176 1.00146
1300 pop2 0.994519 0.828766
1400 pop1 1.20479 1.004
1400 pop2 0.996739 0.830616
1500 pop1 1.20648 1.0054
1500 pop2 0.99844 0.832033
1600 pop1 1.20686 1.00571
1600 pop2 0.998323 0.831936
1700 pop1 1.20819 1.00682
1700 pop2 0.999068 0.832557
1800 pop1 1.20926 1.00772
1800 pop2 0.999766 0.833138
1900 pop1 1.21003 1.00835
1900 pop2 0.999844 0.833203
2000 pop1 1.21 1.00833
2000 pop2 1.0 0.833333
2100 pop1 1.21 1.00833
2100 pop2 1.0 0.833333
2200 pop1 1.21 1.00833
2200 pop2 1.0 0.833333
2300 pop1 1.21 1.00833
2300 pop2 1.0 0.833333
2400 pop1 1.21 1.00833
2400 pop2 1.0 0.833333
2500 pop1 1.21 1.00833
2500 pop2 1.0 0.833333
2600 pop1 1.21 1.00833
2600 pop2 1.0 0.833333
2700 pop1 1.21 1.00833
2700 pop2 1.0 0.833333
2800 pop1 1.21 1.00833
2800 pop2 1.0 0.833333
2900 pop1 1.21 1.00833
2900 pop2 1.0 0.833333
3000 pop1 1.21 1.00833
3000 pop2 1.0 0.833333
3100 pop1 1.21 1.00833
3100 pop2 1.0 0.833333
3200 pop1 1.21 1.00833
3200 pop2 1.0 0.833333
3300 pop1 1.21 1.00833
3300 pop2 1.0 0.833333
3400 pop1 1.21 1.00833
3400 pop2 1.0 0.833333
3500 pop1 1.21 1.00833
3500 pop2 1.0 0.833333
3600 pop1 1.21 1.00833
3600 pop2 1.0 0.833333
3700 pop1 1.21 1.00833
3700 pop2 1.0 0.833333
3800 pop1 1.21 1.00833
3800 pop2 1.0 0.833333
3900 pop1 1.21 1.00833
3900 pop2 1.0 0.833333
4000 pop1 1.21 1.00833
4000 pop2 1.0 0.833333
4100 pop1 1.21 1.00833
4100 pop2 1.0 0.833333
4200 pop1 1.21 1.00833
4200 pop2 1.0 0.833333
4300 pop1 1.21 1.00833
4300 pop2 1.0 0.833333
4400 pop1 1.21 1.00833
4400 pop2 1.0 0.833333
4500 pop1 1.21 1.00833
4500 pop2 1.0 0.833333
4600 pop1 1.21 1.00833
4600 pop2 1.0 0.833333
4700 pop1 1.21 1.00833
4700 pop2 1.0 0.833333
4800 pop1 1.21 1.00833
4800 pop2 1.0 0.833333
4900 pop1 1.21 1.00833
4900 pop2 1.0 0.833333
5000 pop1 1.21 1.00833
5000 pop2 1.0 0.833333
