1 pop1 1.0 0.909091
1 pop2 1.0 0.909091
100 pop1 1.01932 0.926657
100 pop2 1.02143 0.928574
200 pop1 1.02031 0.927552
200 pop2 1.01685 0.924406
300 pop1 1.01618 0.923803
300 pop2 1.02659 0.933266
400 pop1 1.0239 0.930821
400 pop2 1.01617 0.923787
500 pop1 1.01901 0.92637
500 pop2 1.02178 0.928895
600 pop1 1.0198 0.927095
600 pop2 1.02382 0.930747
700 pop1 1.01922 0.926564
700 pop2 1.02682 0.933469
800 pop1 1.01942 0.926745
800 pop2 1.02563 0.932394
900 pop1 1.02381 0.930737
900 pop2 1.02023 0.927485
1000 pop1 1.02116 0.928326
1000 pop2 1.01649 0.924085
1100 pop1 1.09637 0.9967
1100 pop2 0.973006 0.884551
1200 pop1 1.10284 1.00259
1200 pop2 0.973738 0.885216
1300 pop1 1.10282 1.00256
1300 pop2 0.976023 0.887294
1400 pop1 1.10281 1.00256
1400 pop2 0.976241 0.887492
1500 pop1 1.10269 1.00245
1500 pop2 0.986155 0.896505
1600 pop1 1.10251 1.00228
1600 pop2 0.998835 0.908032
1700 pop1 1.10251 1.00228
1700 pop2 0.999664 0.908786
1800 pop1 1.1025 1.00227
1800 pop2 1.0 0.909091
1900 pop1 1.1025 1.00227
1900 pop2 1.0 0.909091
2000 pop1 1.1025 1.00227
2000 pop2 1.0 0.909091
2100 pop1 1.1025 1.00227
2100 pop2 1.0 0.909091
2200 pop1 1.1025 1.00227
2200 pop2 1.0 0.909091
2300 pop1 1.1025 1.00227
2300 pop2 1.0 0.909091
2400 pop1 1.1025 1.00227
2400 pop2 1.0 0.909091
2500 pop1 1.1025 1.00227
2500 pop2 1.0 0.909091
2600 pop1 1.1025 1.00227
2600 pop2 1.0 0.909091
2700 pop1 1.1025 1.00227
2700 pop2 1.0 0.909091
2800 pop1 1.1025 1.00227
2800 pop2 1.0 0.909091
2900 pop1 1.1025 1.00227
2900 pop2 1.0 0.909091
3000 pop1 1.1025 1.00227
3000 pop2 1.0 0.909091
3100 pop1 1.1025 1.00227
3100 pop2 1.0 0.909091
3200 pop1 1.1025 1.00227
3200 pop2 1.0 0.909091
3300 pop1 1.1025 1.00227
3300 pop2 1.0 0.909091
3400 pop1 1.1025 1.00227
3400 pop2 1.0 0.909091
3500 pop1 1.1025 1.00227
3500 pop2 1.0 0.909091
3600 pop1 1.1025 1.00227
3600 pop2 1.0 0.909091
3700 pop1 1.1025 1.00227
3700 pop2 1.0 0.909091
3800 pop1 1.1025 1.00227
3800 pop2 1.0 0.909091
3900 pop1 1.1025 1.00227
3900 pop2 1.0 0.909091
4000 pop1 1.1025 1.00227
4000 pop2 1.0 0.909091
4100 pop1 1.1025 1.00227
4100 pop2 1.0 0.909091
4200 pop1 1.1025 1.00227
4200 pop2 1.0 0.909091
4300 pop1 1.1025 1.00227
4300 pop2 1.0 0.909091
4400 pop1 1.1025 1.00227
4400 pop2 1.0 0.909091
4500 pop1 1.1025 1.00227
4500 pop2 1.0 0.909091
4600 pop1 1.1025 1.00227
4600 pop2 1.0 0.909091
4700 pop1 1.1025 1.00227
4700 pop2 1.0 0.909091
4800 pop1 1.1025 1.00227
4800 pop2 1.0 0.909091
4900 pop1 1.1025 1.00227
4900 pop2 1.0 0.909091
5000 pop1 1.1025 1.00227
5000 pop2 1.0 0.909091
