1 pop1 1.0 0.833333
1 pop2 1.0 0.833333
100 pop1 1.12423 0.93686
100 pop2 1.11764 0.931366
200 pop1 1.12096 0.934132
200 pop2 1.11749 0.931245
300 pop1 1.12936 0.941136
300 pop2 1.11626 0.930216
400 pop1 1.13234 0.943617
400 pop2 1.12336 0.936134
500 pop1 1.13126 0.942716
500 pop2 1.11632 0.930266
600 pop1 1.13142 0.94285
600 pop2 1.10847 0.923722
700 pop1 1.12845 0.940373
700 pop2 1.12083 0.934022
800 pop1 1.12 0.933329
800 pop2 1.12204 0.935033
900 pop1 1.12797 0.939976
900 pop2 1.12146 0.934548
1000 pop1 1.11785 0.931539
1000 pop2 1.12753 0.939611
1100 pop1 1.13405 0.945043
1100 pop2 1.14368 0.953063
1200 pop1 1.13258 0.943819
1200 pop2 1.14873 0.957271
1300 pop1 1.12975 0.941458
1300 pop2 1.14915 0.957626
1400 pop1 1.14002 0.950017
1400 pop2 1.13877 0.948972
1500 pop1 1.12525 0.937708
1500 pop2 1.1574 0.964503
1600 pop1 1.1343 0.945248
1600 pop2 1.14249 0.952074
1700 pop1 1.13106 0.942547
1700 pop2 1.14983 0.958192
1800 pop1 1.13755 0.947958
1800 pop2 1.14837 0.956977
1900 pop1 1.13769 0.948071
1900 pop2 1.13994 0.949949
2000 pop1 1.14538 0.954485
2000 pop2 1.13893 0.949107
2100 pop1 1.14804 0.956696
2100 pop2 1.13957 0.949642
2200 pop1 1.14558 0.954654
2200 pop2 1.14193 0.951604
2300 pop1 1.14274 0.952286
2300 pop2 1.14667 0.955559
2400 pop1 1.14358 0.952983
2400 pop2 1.14046 0.950385
2500 pop1 1.14326 0.952719
2500 pop2 1.14333 0.952779
2600 pop1 1.14032 0.950267
2600 pop2 1.13702 0.94752
2700 pop1 1.14296 0.952468
2700 pop2 1.14504 0.9542
2800 pop1 1.14703 0.955856
2800 pop2 1.13781 0.948178
2900 pop1 1.14692 0.955763
2900 pop2 1.14006 0.950047
3000 pop1 1.14458 0.953815
3000 pop2 1.14239 0.951993
3100 pop1 1.13473 0.945609
3100 pop2 1.14428 0.953563
3200 pop1 1.14919 0.957656
3200 pop2 1.14187 0.95156
3300 pop1 1.14264 0.9522
3300 pop2 1.14871 0.957255
3400 pop1 1.14491 0.954092
3400 pop2 1.14202 0.951679
3500 pop1 1.14386 0.953219
3500 pop2 1.14135 0.951125
3600 pop1 1.14386 0.953214
3600 pop2 1.13879 0.948995
3700 pop1 1.14663 0.955527
3700 pop2 1.14565 0.954705
3800 pop1 1.14173 0.951438
3800 pop2 1.13935 0.949462
3900 pop1 1.13943 0.949522
3900 pop2 1.14542 0.954515
4000 pop1 1.14113 0.950945
4000 pop2 1.14462 0.953854
4100 pop1 1.13943 0.949526
4100 pop2 1.14633 0.955278
4200 pop1 1.14619 0.955161
4200 pop2 1.14674 0.955619
4300 pop1 1.14937 0.957809
4300 pop2 1.13009 0.941743
4400 pop1 1.13904 0.949196
4400 pop2 1.14731 0.956092
4500 pop1 1.14702 0.955851
4500 pop2 1.14022 0.950183
4600 pop1 1.14404 0.953365
4600 pop2 1.14042 0.950348
4700 pop1 1.14912 0.957602
4700 pop2 1.14483 0.954022
4800 pop1 1.14277 0.952309
4800 pop2 1.14193 0.951609
4900 pop1 1.14109 0.950909
4900 pop2 1.14024 0.950198
5000 pop1 1.1479 0.956584
5000 pop2 1.13552 0.946265
