1 pop1 1.0 0.833333
1 pop2 1.0 0.833333
100 pop1 1.12172 0.934765
100 pop2 1.12586 0.938217
200 pop1 1.12366 0.936385
200 pop2 1.12265 0.935544
300 pop1 1.12465 0.937206
300 pop2 1.11932 0.932765
400 pop1 1.12607 0.938389
400 pop2 1.11979 0.933158
500 pop1 1.12161 0.934677
500 pop2 1.12767 0.939726
600 pop1 1.12474 0.937286
600 pop2 1.11918 0.932649
700 pop1 1.1162 0.930164
700 pop2 1.11492 0.929099
800 pop1 1.11852 0.9321
800 pop2 1.12782 0.93985
900 pop1 1.11747 0.931224
900 pop2 1.12825 0.94021
1000 pop1 1.12437 0.936976
1000 pop2 1.12294 0.93578
1100 pop1 1.14289 0.952412
1100 pop2 1.14339 0.952823
1200 pop1 1.13718 0.947651
1200 pop2 1.14779 0.956494
1300 pop1 1.13885 0.94904
1300 pop2 1.15117 0.959306
1400 pop1 1.13141 0.942839
1400 pop2 1.14422 0.953517
1500 pop1 1.14138 0.951153
1500 pop2 1.14829 0.956911
1600 pop1 1.13634 0.946948
1600 pop2 1.15072 0.958936
1700 pop1 1.1413 0.951081
1700 pop2 1.14577 0.95481
1800 pop1 1.12886 0.940719
1800 pop2 1.15256 0.960465
1900 pop1 1.13293 0.944104
1900 pop2 1.15979 0.966494
2000 pop1 1.13998 0.949982
2000 pop2 1.15144 0.959532
2100 pop1 1.13426 0.945214
2100 pop2 1.14615 0.955127
2200 pop1 1.13644 0.947034
2200 pop2 1.15119 0.959326
2300 pop1 1.12491 0.937423
2300 pop2 1.1552 0.962665
2400 pop1 1.15079 0.958996
2400 pop2 1.13293 0.944107
2500 pop1 1.14248 0.952067
2500 pop2 1.14779 0.956493
2600 pop1 1.14243 0.952029
2600 pop2 1.14714 0.955952
2700 pop1 1.14103 0.95086
2700 pop2 1.15021 0.958512
2800 pop1 1.14185 0.95154
2800 pop2 1.14136 0.951132
2900 pop1 1.14304 0.952537
2900 pop2 1.14507 0.954223
3000 pop1 1.15091 0.959088
3000 pop2 1.14018 0.950146
3100 pop1 1.13865 0.948877
3100 pop2 1.14316 0.952633
3200 pop1 1.1452 0.954331
3200 pop2 1.13612 0.946767
3300 pop1 1.14354 0.952949
3300 pop2 1.14167 0.951388
3400 pop1 1.14462 0.95385
3400 pop2 1.1403 0.950251
3500 pop1 1.14331 0.952755
3500 pop2 1.13733 0.947777
3600 pop1 1.14598 0.954981
3600 pop2 1.14107 0.950896
3700 pop1 1.14666 0.955546
3700 pop2 1.14166 0.951385
3800 pop1 1.14849 0.957073
3800 pop2 1.14443 0.953692
3900 pop1 1.13988 0.9499
3900 pop2 1.14695 0.955791
4000 pop1 1.13348 0.944567
4000 pop2 1.15439 0.961992
4100 pop1 1.14678 0.955652
4100 pop2 1.14056 0.950467
4200 pop1 1.13476 0.945632
4200 pop2 1.14939 0.957825
4300 pop1 1.14715 0.955957
4300 pop2 1.14149 0.951239
4400 pop1 1.14054 0.950449
4400 pop2 1.1501 0.958419
4500 pop1 1.14459 0.953823
4500 pop2 1.13728 0.94773
4600 pop1 1.13913 0.949278
4600 pop2 1.14499 0.954162
4700 pop1 1.14483 0.954028
4700 pop2 1.13943 0.949524
4800 pop1 1.14198 0.95165
4800 pop2 1.13868 0.948902
4900 pop1 1.14012 0.950099
4900 pop2 1.13764 0.948033
5000 pop1 1.13936 0.949468
5000 pop2 1.15246 0.960386
