1 pop1 1.0 0.980392
1 pop2 1.0 0.980392
100 pop1 0.998 0.978432
100 pop2 1.00338 0.983706
200 pop1 1.00004 0.980434
200 pop2 1.00093 0.981305
300 pop1 0.998307 0.978732
300 pop2 1.00223 0.982574
400 pop1 0.997624 0.978063
400 pop2 1.00358 0.983904
500 pop1 0.997161 0.977609
500 pop2 1.00278 0.983117
600 pop1 0.997093 0.977542
600 pop2 1.00328 0.98361
700 pop1 0.996175 0.976642
700 pop2 1.00369 0.984009
800 pop1 0.998046 0.978476
800 pop2 1.00235 0.982699
900 pop1 0.996717 0.977173
900 pop2 1.00377 0.98409
1000 pop1 0.996027 0.976497
1000 pop2 1.00546 0.985749
1100 pop1 1.00028 0.98067
1100 pop2 1.00631 0.986578
1200 pop1 1.00334 0.983669
1200 pop2 1.01139 0.991557
1300 pop1 1.00556 0.985843
1300 pop2 1.01316 0.993298
1400 pop1 1.00534 0.985628
1400 pop2 1.01342 0.99355
1500 pop1 1.00674 0.987002
1500 pop2 1.01224 0.992389
1600 pop1 1.00595 0.986222
1600 pop2 1.01393 0.994053
1700 pop1 1.00623 0.986497
1700 pop2 1.01255 0.992691
1800 pop1 1.00762 0.987861
1800 pop2 1.01155 0.991717
1900 pop1 1.00718 0.987433
1900 pop2 1.01229 0.992443
2000 pop1 1.00476 0.985062
2000 pop2 1.01421 0.994322
2100 pop1 1.00674 0.987002
2100 pop2 1.0129 0.993043
2200 pop1 1.00629 0.986559
2200 pop2 1.01336 0.993494
2300 pop1 1.00578 0.986059
2300 pop2 1.01419 0.994301
2400 pop1 1.00604 0.986313
2400 pop2 1.01395 0.994067
2500 pop1 1.00658 0.986843
2500 pop2 1.01325 0.993383
2600 pop1 1.00659 0.986855
2600 pop2 1.01309 0.993227
2700 pop1 1.0057 0.985983
2700 pop2 1.01384 0.993958
2800 pop1 1.0073 0.987553
2800 pop2 1.01239 0.992543
2900 pop1 1.00723 0.987483
2900 pop2 1.01205 0.992206
3000 pop1 1.00768 0.987919
3000 pop2 1.01139 0.991556
3100 pop1 1.00683 0.987092
3100 pop2 1.01352 0.993647
3200 pop1 1.00686 0.987121
3200 pop2 1.01325 0.993385
3300 pop1 1.00585 0.986129
3300 pop2 1.01422 0.994333
3400 pop1 1.00602 0.986294
3400 pop2 1.01474 0.994846
3500 pop1 1.00516 0.985451
3500 pop2 1.01466 0.994765
3600 pop1 1.00549 0.985778
3600 pop2 1.01482 0.99492
3700 pop1 1.0055 0.98578
3700 pop2 1.01473 0.994831
3800 pop1 1.0052 0.985486
3800 pop2 1.01488 0.99498
3900 pop1 1.00478 0.985081
3900 pop2 1.01501 0.995103
4000 pop1 1.00545 0.985734
4000 pop2 1.0151 0.995194
4100 pop1 1.00469 0.984994
4100 pop2 1.01555 0.99564
4200 pop1 1.00441 0.984717
4200 pop2 1.01533 0.995419
4300 pop1 1.00395 0.984263
4300 pop2 1.01582 0.995904
4400 pop1 1.00486 0.985153
4400 pop2 1.01565 0.995735
4500 pop1 1.00682 0.98708
4500 pop2 1.01402 0.994141
4600 pop1 1.00438 0.98469
4600 pop2 1.01575 0.995833
4700 pop1 1.00541 0.985695
4700 pop2 1.01486 0.994957
4800 pop1 1.00581 0.986086
4800 pop2 1.01452 0.99463
4900 pop1 1.00625 0.986517
4900 pop2 1.01414 0.994259
5000 pop1 1.00643 0.986692
5000 pop2 1.01402 0.994136
