1 pop1 1.0 0.980392
1 pop2 1.0 0.980392
100 pop1 1.00108 0.98145
100 pop2 1.00053 0.980908
200 pop1 1.00069 0.981064
200 pop2 1.00125 0.981618
300 pop1 0.998446 0.978869
300 pop2 1.00357 0.983896
400 pop1 1.00148 0.981848
400 pop2 1.00045 0.980835
500 pop1 1.00422 0.984528
500 pop2 0.998046 0.978477
600 pop1 1.00561 0.985888
600 pop2 0.995931 0.976403
700 pop1 1.00336 0.983689
700 pop2 0.998022 0.978453
800 pop1 1.00361 0.98393
800 pop2 0.997775 0.978211
900 pop1 1.00366 0.983983
900 pop2 0.998634 0.979053
1000 pop1 1.00239 0.982735
1000 pop2 0.998915 0.979329
1100 pop1 1.01042 0.990606
1100 pop2 0.994796 0.975291
1200 pop1 1.01339 0.993523
1200 pop2 0.993908 0.97442
1300 pop1 1.01564 0.995726
1300 pop2 0.993311 0.973834
1400 pop1 1.01698 0.997043
1400 pop2 0.993421 0.973943
1500 pop1 1.01848 0.998507
1500 pop2 0.994712 0.975207
1600 pop1 1.01951 0.999516
1600 pop2 0.995806 0.976281
1700 pop1 1.02 0.999997
1700 pop2 0.996223 0.976689
1800 pop1 1.02007 1.00007
1800 pop2 0.997606 0.978045
1900 pop1 1.0201 1.0001
1900 pop2 0.998767 0.979183
2000 pop1 1.0201 1.0001
2000 pop2 0.999421 0.979825
2100 pop1 1.0201 1.0001
2100 pop2 0.998987 0.979399
2200 pop1 1.0201 1.0001
2200 pop2 0.999629 0.980028
2300 pop1 1.0201 1.0001
2300 pop2 0.999429 0.979833
2400 pop1 1.0201 1.0001
2400 pop2 0.9998 0.980197
2500 pop1 1.0201 1.0001
2500 pop2 0.999928 0.980322
2600 pop1 1.0201 1.0001
2600 pop2 0.99988 0.980275
2700 pop1 1.0201 1.0001
2700 pop2 1.0 0.980392
2800 pop1 1.0201 1.0001
2800 pop2 1.0 0.980392
2900 pop1 1.0201 1.0001
2900 pop2 1.0 0.980392
3000 pop1 1.0201 1.0001
3000 pop2 1.0 0.980392
3100 pop1 1.0201 1.0001
3100 pop2 1.0 0.980392
3200 pop1 1.0201 1.0001
3200 pop2 1.0 0.980392
3300 pop1 1.0201 1.0001
3300 pop2 1.0 0.980392
3400 pop1 1.0201 1.0001
3400 pop2 1.0 0.980392
3500 pop1 1.0201 1.0001
3500 pop2 1.0 0.980392
3600 pop1 1.0201 1.0001
3600 pop2 1.0 0.980392
3700 pop1 1.0201 1.0001
3700 pop2 1.0 0.980392
3800 pop1 1.0201 1.0001
3800 pop2 1.0 0.980392
3900 pop1 1.0201 1.0001
3900 pop2 1.0 0.980392
4000 pop1 1.0201 1.0001
4000 pop2 1.0 0.980392
4100 pop1 1.0201 1.0001
4100 pop2 1.0 0.980392
4200 pop1 1.0201 1.0001
4200 pop2 1.0 0.980392
4300 pop1 1.0201 1.0001
4300 pop2 1.0 0.980392
4400 pop1 1.0201 1.0001
4400 pop2 1.0 0.980392
4500 pop1 1.0201 1.0001
4500 pop2 1.0 0.980392
4600 pop1 1.0201 1.0001
4600 pop2 1.0 0.980392
4700 pop1 1.0201 1.0001
4700 pop2 1.0 0.980392
4800 pop1 1.0201 1.0001
4800 pop2 1.0 0.980392
4900 pop1 1.0201 1.0001
4900 pop2 1.0 0.980392
5000 pop1 1.0201 1.0001
5000 pop2 1.0 0.980392
