1 pop1 1.0 0.980392
1 pop2 1.0 0.980392
100 pop1 0.999877 0.980271
100 pop2 1.00129 0.981654
200 pop1 0.999807 0.980203
200 pop2 1.00069 0.98107
300 pop1 1.00034 0.980723
300 pop2 1.00019 0.98058
400 pop1 1.00169 0.982047
400 pop2 0.999403 0.979807
500 pop1 1.00212 0.982472
500 pop2 0.997926 0.978359
600 pop1 1.00408 0.98439
600 pop2 0.99652 0.976981
700 pop1 1.00523 0.985516
700 pop2 0.99545 0.975932
800 pop1 1.00526 0.985545
800 pop2 0.994816 0.97531
900 pop1 1.00444 0.98475
900 pop2 0.996202 0.976669
1000 pop1 1.0039 0.984219
1000 pop2 0.997005 0.977456
1100 pop1 1.00651 0.98677
1100 pop2 1.00413 0.98444
1200 pop1 1.00751 0.98775
1200 pop2 1.00598 0.986255
1300 pop1 1.00832 0.988551
1300 pop2 1.00678 0.987038
1400 pop1 1.00803 0.988266
1400 pop2 1.00995 0.990143
1500 pop1 1.0063 0.986568
1500 pop2 1.0129 0.99304
1600 pop1 1.00637 0.986632
1600 pop2 1.01236 0.99251
1700 pop1 1.00577 0.986053
1700 pop2 1.0129 0.993038
1800 pop1 1.00469 0.984995
1800 pop2 1.01428 0.994394
1900 pop1 1.00432 0.984631
1900 pop2 1.01462 0.99473
2000 pop1 1.00369 0.984014
2000 pop2 1.01613 0.996209
2100 pop1 1.00367 0.98399
2100 pop2 1.01587 0.995949
2200 pop1 1.00392 0.984239
2200 pop2 1.01528 0.995375
2300 pop1 1.00345 0.983773
2300 pop2 1.01581 0.995892
2400 pop1 1.00358 0.983903
2400 pop2 1.01547 0.995562
2500 pop1 1.00345 0.983773
2500 pop2 1.0161 0.996175
2600 pop1 1.00353 0.983848
2600 pop2 1.01558 0.99567
2700 pop1 1.00357 0.983891
2700 pop2 1.01537 0.99546
2800 pop1 1.00366 0.983979
2800 pop2 1.01599 0.996069
2900 pop1 1.00319 0.983524
2900 pop2 1.01639 0.996461
3000 pop1 1.00325 0.983575
3000 pop2 1.01635 0.996424
3100 pop1 1.00219 0.982544
3100 pop2 1.0168 0.996858
3200 pop1 1.00258 0.982918
3200 pop2 1.0169 0.996962
3300 pop1 1.00275 0.983091
3300 pop2 1.01711 0.997162
3400 pop1 1.00265 0.982989
3400 pop2 1.01728 0.997337
3500 pop1 1.0024 0.982743
3500 pop2 1.01722 0.997279
3600 pop1 1.00211 0.982457
3600 pop2 1.01743 0.997483
3700 pop1 1.0026 0.982946
3700 pop2 1.01693 0.996988
3800 pop1 1.00201 0.982365
3800 pop2 1.01773 0.997771
3900 pop1 1.00222 0.982572
3900 pop2 1.01746 0.997512
4000 pop1 1.00168 0.982037
4000 pop2 1.01813 0.998166
4100 pop1 1.00107 0.981444
4100 pop2 1.01863 0.998655
4200 pop1 1.00176 0.982119
4200 pop2 1.01806 0.998094
4300 pop1 1.00101 0.981384
4300 pop2 1.0188 0.99882
4400 pop1 1.00063 0.981007
4400 pop2 1.019 0.99902
4500 pop1 1.00048 0.980866
4500 pop2 1.01961 0.999613
4600 pop1 1.00086 0.981236
4600 pop2 1.01929 0.999304
4700 pop1 1.00138 0.981743
4700 pop2 1.01826 0.998299
4800 pop1 1.00185 0.982205
4800 pop2 1.0181 0.998135
4900 pop1 1.00119 0.98156
4900 pop2 1.0187 0.998728
5000 pop1 1.00134 0.981709
5000 pop2 1.01875 0.998778
