1 pop1 1.0 0.980392
1 pop2 1.0 0.980392
100 pop1 1.00234 0.982683
100 pop2 1.00025 0.980639
200 pop1 1.00077 0.981151
200 pop2 1.00117 0.981543
300 pop1 1.00396 0.984275
300 pop2 0.998571 0.978991
400 pop1 1.0011 0.981471
400 pop2 1.00049 0.980876
500 pop1 0.996987 0.977439
500 pop2 1.00438 0.984688
600 pop1 0.996387 0.97685
600 pop2 1.00583 0.986109
700 pop1 0.995877 0.97635
700 pop2 1.00615 0.986425
800 pop1 0.998723 0.97914
800 pop2 1.00354 0.983862
900 pop1 0.999608 0.980008
900 pop2 1.00231 0.98266
1000 pop1 0.998827 0.979242
1000 pop2 1.00206 0.982408
1100 pop1 1.00879 0.989013
1100 pop2 0.996106 0.976575
1200 pop1 1.01575 0.995832
1200 pop2 0.995244 0.975729
1300 pop1 1.01828 0.99831
1300 pop2 0.994989 0.97548
1400 pop1 1.01799 0.998033
1400 pop2 0.995314 0.975798
1500 pop1 1.01905 0.999068
1500 pop2 0.995158 0.975646
1600 pop1 1.01969 0.999693
1600 pop2 0.994382 0.974884
1700 pop1 1.02008 1.00008
1700 pop2 0.994112 0.974619
1800 pop1 1.02011 1.00011
1800 pop2 0.994367 0.974869
1900 pop1 1.02011 1.00011
1900 pop2 0.995771 0.976246
2000 pop1 1.02011 1.00011
2000 pop2 0.996964 0.977416
2100 pop1 1.02011 1.0001
2100 pop2 0.998165 0.978593
2200 pop1 1.0201 1.0001
2200 pop2 0.998161 0.978589
2300 pop1 1.0201 1.0001
2300 pop2 0.999222 0.979629
2400 pop1 1.0201 1.0001
2400 pop2 0.999753 0.98015
2500 pop1 1.0201 1.0001
2500 pop2 1.0 0.980392
2600 pop1 1.0201 1.0001
2600 pop2 1.0 0.980392
2700 pop1 1.0201 1.0001
2700 pop2 1.0 0.980392
2800 pop1 1.0201 1.0001
2800 pop2 1.0 0.980392
2900 pop1 1.0201 1.0001
2900 pop2 1.0 0.980392
3000 pop1 1.0201 1.0001
3000 pop2 1.0 0.980392
3100 pop1 1.0201 1.0001
3100 pop2 1.0 0.980392
3200 pop1 1.0201 1.0001
3200 pop2 1.0 0.980392
3300 pop1 1.0201 1.0001
3300 pop2 1.0 0.980392
3400 pop1 1.0201 1.0001
3400 pop2 1.0 0.980392
3500 pop1 1.0201 1.0001
3500 pop2 1.0 0.980392
3600 pop1 1.0201 1.0001
3600 pop2 1.0 0.980392
3700 pop1 1.0201 1.0001
3700 pop2 1.0 0.980392
3800 pop1 1.0201 1.0001
3800 pop2 1.0 0.980392
3900 pop1 1.0201 1.0001
3900 pop2 1.0 0.980392
4000 pop1 1.0201 1.0001
4000 pop2 1.0 0.980392
4100 pop1 1.0201 1.0001
4100 pop2 1.0 0.980392
4200 pop1 1.0201 1.0001
4200 pop2 1.0 0.980392
4300 pop1 1.0201 1.0001
4300 pop2 1.0 0.980392
4400 pop1 1.0201 1.0001
4400 pop2 1.0 0.980392
4500 pop1 1.0201 1.0001
4500 pop2 1.0 0.980392
4600 pop1 1.0201 1.0001
4600 pop2 1.0 0.980392
4700 pop1 1.0201 1.0001
4700 pop2 1.0 0.980392
4800 pop1 1.0201 1.0001
4800 pop2 1.0 0.980392
4900 pop1 1.0201 1.0001
4900 pop2 1.0 0.980392
5000 pop1 1.0201 1.0001
5000 pop2 1.0 0.980392
