1 pop1 1.0 0.833333
1 pop2 1.0 0.833333
100 pop1 1.18957 0.991308
100 pop2 1.19041 0.99201
200 pop1 1.18818 0.990149
200 pop2 1.18553 0.987941
300 pop1 1.19158 0.992981
300 pop2 1.19158 0.992979
400 pop1 1.18879 0.990654
400 pop2 1.1905 0.992082
500 pop1 1.19379 0.994823
500 pop2 1.19391 0.994924
600 pop1 1.19654 0.99712
600 pop2 1.19245 0.993708
700 pop1 1.19114 0.992617
700 pop2 1.19367 0.994724
800 pop1 1.19208 0.993401
800 pop2 1.18722 0.989354
900 pop1 1.19391 0.994928
900 pop2 1.19214 0.993447
1000 pop1 1.19451 0.995428
1000 pop2 1.19325 0.994377
1100 pop1 1.20193 1.00161
1100 pop2 0.988793 0.823995
1200 pop1 1.20108 1.0009
1200 pop2 0.988419 0.823682
1300 pop1 1.19719 0.997658
1300 pop2 0.993223 0.827686
1400 pop1 1.20259 1.00216
1400 pop2 0.990173 0.825144
1500 pop1 1.20159 1.00132
1500 pop2 0.992414 0.827012
1600 pop1 1.20389 1.00324
1600 pop2 0.995051 0.829209
1700 pop1 1.20681 1.00567
1700 pop2 0.995827 0.829856
1800 pop1 1.20806 1.00672
1800 pop2 0.997192 0.830993
1900 pop1 1.20938 1.00782
1900 pop2 0.998323 0.831936
2000 pop1 1.20933 1.00777
2000 pop2 0.999493 0.832911
2100 pop1 1.21003 1.00835
2100 pop2 0.999766 0.833138
2200 pop1 1.21 1.00833
2200 pop2 1.0 0.833333
2300 pop1 1.21 1.00833
2300 pop2 1.0 0.833333
2400 pop1 1.21 1.00833
2400 pop2 1.0 0.833333
2500 pop1 1.21 1.00833
2500 pop2 1.0 0.833333
2600 pop1 1.21 1.00833
2600 pop2 1.0 0.833333
2700 pop1 1.21 1.00833
2700 pop2 1.0 0.833333
2800 pop1 1.21 1.00833
2800 pop2 1.0 0.833333
2900 pop1 1.21 1.00833
2900 pop2 1.0 0.833333
3000 pop1 1.21 1.00833
3000 pop2 1.0 0.833333
3100 pop1 1.21 1.00833
3100 pop2 1.0 0.833333
3200 pop1 1.21 1.00833
3200 pop2 1.0 0.833333
3300 pop1 1.21 1.00833
3300 pop2 1.0 0.833333
3400 pop1 1.21 1.00833
3400 pop2 1.0 0.833333
3500 pop1 1.21 1.00833
3500 pop2 1.0 0.833333
3600 pop1 1.21 1.00833
3600 pop2 1.0 0.833333
3700 pop1 1.21 1.00833
3700 pop2 1.0 0.833333
3800 pop1 1.21 1.00833
3800 pop2 1.0 0.833333
3900 pop1 1.21 1.00833
3900 pop2 1.0 0.833333
4000 pop1 1.21 1.00833
4000 pop2 1.0 0.833333
4100 pop1 1.21 1.00833
4100 pop2 1.0 0.833333
4200 pop1 1.21 1.00833
4200 pop2 1.0 0.833333
4300 pop1 1.21 1.00833
4300 pop2 1.0 0.833333
4400 pop1 1.21 1.00833
4400 pop2 1.0 0.833333
4500 pop1 1.21 1.00833
4500 pop2 1.0 0.833333
4600 pop1 1.21 1.00833
4600 pop2 1.0 0.833333
4700 pop1 1.21 1.00833
4700 pop2 1.0 0.833333
4800 pop1 1.21 1.00833
4800 pop2 1.0 0.833333
4900 pop1 1.21 1.00833
4900 pop2 1.0 0.833333
5000 pop1 1.21 1.00833
5000 pop2 1.0 0.833333
