1 pop1 1.0 0.980392
1 pop2 1.0 0.980392
100 pop1 0.998882 0.979296
100 pop2 1.00382 0.984137
200 pop1 0.998883 0.979297
200 pop2 1.00353 0.983855
300 pop1 0.998309 0.978735
300 pop2 1.00349 0.983815
400 pop1 0.996663 0.977121
400 pop2 1.00512 0.985412
500 pop1 0.996951 0.977403
500 pop2 1.00537 0.985655
600 pop1 0.995864 0.976337
600 pop2 1.00541 0.9857
700 pop1 0.996741 0.977197
700 pop2 1.00557 0.985851
800 pop1 0.996228 0.976695
800 pop2 1.00607 0.986344
900 pop1 0.995446 0.975928
900 pop2 1.0066 0.986864
1000 pop1 0.996611 0.977069
1000 pop2 1.00551 0.985791
1100 pop1 1.00122 0.981585
1100 pop2 1.00963 0.989831
1200 pop1 1.00347 0.983793
1200 pop2 1.01385 0.993969
1300 pop1 1.00362 0.983945
1300 pop2 1.01393 0.994051
1400 pop1 1.0033 0.98363
1400 pop2 1.0159 0.995976
1500 pop1 1.00325 0.983574
1500 pop2 1.01618 0.996254
1600 pop1 1.00507 0.985361
1600 pop2 1.01372 0.993847
1700 pop1 1.00472 0.985016
1700 pop2 1.01485 0.994946
1800 pop1 1.00443 0.984739
1800 pop2 1.01573 0.995809
1900 pop1 1.00409 0.984401
1900 pop2 1.01605 0.996132
2000 pop1 1.00565 0.985936
2000 pop2 1.01409 0.994206
2100 pop1 1.00496 0.985258
2100 pop2 1.01472 0.994826
2200 pop1 1.00421 0.984516
2200 pop2 1.01595 0.996025
2300 pop1 1.00344 0.983761
2300 pop2 1.01589 0.99597
2400 pop1 1.00479 0.985087
2400 pop2 1.01493 0.995032
2500 pop1 1.00412 0.98443
2500 pop2 1.01496 0.995058
2600 pop1 1.00544 0.985729
2600 pop2 1.01425 0.994362
2700 pop1 1.00407 0.984387
2700 pop2 1.01535 0.995445
2800 pop1 1.00392 0.984236
2800 pop2 1.01631 0.996378
2900 pop1 1.00497 0.985266
2900 pop2 1.0151 0.995198
3000 pop1 1.00387 0.984184
3000 pop2 1.01627 0.996347
3100 pop1 1.00409 0.9844
3100 pop2 1.0159 0.99598
3200 pop1 1.00492 0.985219
3200 pop2 1.01475 0.994853
3300 pop1 1.00476 0.985058
3300 pop2 1.01449 0.9946
3400 pop1 1.00538 0.985662
3400 pop2 1.01383 0.993955
3500 pop1 1.00647 0.98674
3500 pop2 1.01264 0.992785
3600 pop1 1.00723 0.987485
3600 pop2 1.01238 0.992532
3700 pop1 1.00634 0.98661
3700 pop2 1.01244 0.992592
3800 pop1 1.00672 0.986978
3800 pop2 1.01292 0.993059
3900 pop1 1.00463 0.984933
3900 pop2 1.01481 0.994912
4000 pop1 1.00618 0.986448
4000 pop2 1.01363 0.993756
4100 pop1 1.0046 0.984906
4100 pop2 1.01512 0.995217
4200 pop1 1.00418 0.984491
4200 pop2 1.0161 0.996177
4300 pop1 1.00274 0.983076
4300 pop2 1.0162 0.99627
4400 pop1 1.00179 0.982144
4400 pop2 1.01818 0.998216
4500 pop1 1.00131 0.981672
4500 pop2 1.01862 0.998648
4600 pop1 1.00141 0.98177
4600 pop2 1.01875 0.998771
4700 pop1 1.00105 0.981418
4700 pop2 1.01877 0.998797
4800 pop1 1.0008 0.981177
4800 pop2 1.01878 0.998802
4900 pop1 1.00076 0.981142
4900 pop2 1.01904 0.99906
5000 pop1 1.0006 0.98098
5000 pop2 1.01956 0.999572
