1 pop1 1.0 0.833333
1 pop2 1.0 0.833333
100 pop1 1.19688 0.997399
100 pop2 1.19131 0.99276
200 pop1 1.18807 0.990054
200 pop2 1.18927 0.991061
300 pop1 1.19103 0.992527
300 pop2 1.19318 0.99432
400 pop1 1.19225 0.993538
400 pop2 1.1879 0.989913
500 pop1 1.19257 0.993806
500 pop2 1.19137 0.99281
600 pop1 1.18888 0.99073
600 pop2 1.19526 0.996046
700 pop1 1.19566 0.996386
700 pop2 1.1917 0.993085
800 pop1 1.18672 0.988935
800 pop2 1.1923 0.993587
900 pop1 1.19223 0.993527
900 pop2 1.1915 0.992913
1000 pop1 1.19013 0.991771
1000 pop2 1.19205 0.993379
1100 pop1 1.20249 1.00207
1100 pop2 0.995398 0.829498
1200 pop1 1.20456 1.0038
1200 pop2 0.996763 0.830636
1300 pop1 1.21002 1.00835
1300 pop2 0.997621 0.831351
1400 pop1 1.20902 1.00752
1400 pop2 0.998752 0.832293
1500 pop1 1.20989 1.00824
1500 pop2 0.999415 0.832846
1600 pop1 1.21002 1.00835
1600 pop2 0.999961 0.833301
1700 pop1 1.21002 1.00835
1700 pop2 1.0 0.833333
1800 pop1 1.21 1.00834
1800 pop2 1.0 0.833333
1900 pop1 1.21 1.00833
1900 pop2 1.0 0.833333
2000 pop1 1.21 1.00833
2000 pop2 1.0 0.833333
2100 pop1 1.21 1.00833
2100 pop2 1.0 0.833333
2200 pop1 1.21 1.00833
2200 pop2 1.0 0.833333
2300 pop1 1.21 1.00833
2300 pop2 1.0 0.833333
2400 pop1 1.21 1.00833
2400 pop2 1.0 0.833333
2500 pop1 1.21 1.00833
2500 pop2 1.0 0.833333
2600 pop1 1.21 1.00833
2600 pop2 1.0 0.833333
2700 pop1 1.21 1.00833
2700 pop2 1.0 0.833333
2800 pop1 1.21 1.00833
2800 pop2 1.0 0.833333
2900 pop1 1.21 1.00833
2900 pop2 1.0 0.833333
3000 pop1 1.21 1.00833
3000 pop2 1.0 0.833333
3100 pop1 1.21 1.00833
3100 pop2 1.0 0.833333
3200 pop1 1.21 1.00833
3200 pop2 1.0 0.833333
3300 pop1 1.21 1.00833
3300 pop2 1.0 0.833333
3400 pop1 1.21 1.00833
3400 pop2 1.0 0.833333
3500 pop1 1.21 1.00833
3500 pop2 1.0 0.833333
3600 pop1 1.21 1.00833
3600 pop2 1.0 0.833333
3700 pop1 1.21 1.00833
3700 pop2 1.0 0.833333
3800 pop1 1.21 1.00833
3800 pop2 1.0 0.833333
3900 pop1 1.21 1.00833
3900 pop2 1.0 0.833333
4000 pop1 1.21 1.00833
4000 pop2 1.0 0.833333
4100 pop1 1.21 1.00833
4100 pop2 1.0 0.833333
4200 pop1 1.21 1.00833
4200 pop2 1.0 0.833333
4300 pop1 1.21 1.00833
4300 pop2 1.0 0.833333
4400 pop1 1.21 1.00833
4400 pop2 1.0 0.833333
4500 pop1 1.21 1.00833
4500 pop2 1.0 0.833333
4600 pop1 1.21 1.00833
4600 pop2 1.0 0.833333
4700 pop1 1.21 1.00833
4700 pop2 1.0 0.833333
4800 pop1 1.21 1.00833
4800 pop2 1.0 0.833333
4900 pop1 1.21 1.00833
4900 pop2 1.0 0.833333
5000 pop1 1.21 1.00833
5000 pop2 1.0 0.833333
