1 pop1 1.0 0.980392
1 pop2 1.0 0.980392
100 pop1 0.999797 0.980193
100 pop2 1.00353 0.983857
200 pop1 0.999156 0.979565
200 pop2 1.00411 0.984424
300 pop1 1.00158 0.981942
300 pop2 1.00215 0.9825
400 pop1 1.00169 0.982045
400 pop2 1.00247 0.982813
500 pop1 1.00266 0.983004
500 pop2 1.00199 0.982342
600 pop1 1.00231 0.982657
600 pop2 1.0005 0.980881
700 pop1 1.00174 0.9821
700 pop2 1.00163 0.981991
800 pop1 0.997558 0.977998
800 pop2 1.0059 0.986177
900 pop1 0.99982 0.980216
900 pop2 1.00496 0.985251
1000 pop1 1.00184 0.982192
1000 pop2 1.0023 0.98265
1100 pop1 1.01061 0.990793
1100 pop2 0.99532 0.975804
1200 pop1 1.01387 0.993994
1200 pop2 0.994428 0.97493
1300 pop1 1.01608 0.996155
1300 pop2 0.995338 0.975821
1400 pop1 1.01727 0.997322
1400 pop2 0.99523 0.975716
1500 pop1 1.0183 0.998333
1500 pop2 0.995549 0.976028
1600 pop1 1.01911 0.999128
1600 pop2 0.99654 0.977
1700 pop1 1.01953 0.999538
1700 pop2 0.996057 0.976527
1800 pop1 1.02011 1.00011
1800 pop2 0.99675 0.977205
1900 pop1 1.0201 1.0001
1900 pop2 0.998033 0.978464
2000 pop1 1.0201 1.0001
2000 pop2 0.998751 0.979168
2100 pop1 1.0201 1.0001
2100 pop2 0.999481 0.979884
2200 pop1 1.0201 1.0001
2200 pop2 1.0 0.980392
2300 pop1 1.0201 1.0001
2300 pop2 1.0 0.980392
2400 pop1 1.0201 1.0001
2400 pop2 1.0 0.980392
2500 pop1 1.0201 1.0001
2500 pop2 1.0 0.980392
2600 pop1 1.0201 1.0001
2600 pop2 1.0 0.980392
2700 pop1 1.0201 1.0001
2700 pop2 1.0 0.980392
2800 pop1 1.0201 1.0001
2800 pop2 1.0 0.980392
2900 pop1 1.0201 1.0001
2900 pop2 1.0 0.980392
3000 pop1 1.0201 1.0001
3000 pop2 1.0 0.980392
3100 pop1 1.0201 1.0001
3100 pop2 1.0 0.980392
3200 pop1 1.0201 1.0001
3200 pop2 1.0 0.980392
3300 pop1 1.0201 1.0001
3300 pop2 1.0 0.980392
3400 pop1 1.0201 1.0001
3400 pop2 1.0 0.980392
3500 pop1 1.0201 1.0001
3500 pop2 1.0 0.980392
3600 pop1 1.0201 1.0001
3600 pop2 1.0 0.980392
3700 pop1 1.0201 1.0001
3700 pop2 1.0 0.980392
3800 pop1 1.0201 1.0001
3800 pop2 1.0 0.980392
3900 pop1 1.0201 1.0001
3900 pop2 1.0 0.980392
4000 pop1 1.0201 1.0001
4000 pop2 1.0 0.980392
4100 pop1 1.0201 1.0001
4100 pop2 1.0 0.980392
4200 pop1 1.0201 1.0001
4200 pop2 1.0 0.980392
4300 pop1 1.0201 1.0001
4300 pop2 1.0 0.980392
4400 pop1 1.0201 1.0001
4400 pop2 1.0 0.980392
4500 pop1 1.0201 1.0001
4500 pop2 1.0 0.980392
4600 pop1 1.0201 1.0001
4600 pop2 1.0 0.980392
4700 pop1 1.0201 1.0001
4700 pop2 1.0 0.980392
4800 pop1 1.0201 1.0001
4800 pop2 1.0 0.980392
4900 pop1 1.0201 1.0001
4900 pop2 1.0 0.980392
5000 pop1 1.0201 1.0001
5000 pop2 1.0 0.980392
