1 pop1 1.0 0.833333
1 pop2 1.0 0.833333
100 pop1 1.06951 0.891256
100 pop2 1.07605 0.89671
200 pop1 1.06839 0.890322
200 pop2 1.06945 0.891208
300 pop1 1.06514 0.887613
300 pop2 1.07914 0.899283
400 pop1 1.06945 0.891206
400 pop2 1.06678 0.888984
500 pop1 1.06473 0.887274
500 pop2 1.06185 0.884874
600 pop1 1.07564 0.896366
600 pop2 1.06844 0.890367
700 pop1 1.07502 0.895854
700 pop2 1.06635 0.888628
800 pop1 1.07477 0.895644
800 pop2 1.06946 0.891217
900 pop1 1.07321 0.89434
900 pop2 1.06651 0.888754
1000 pop1 1.07566 0.896387
1000 pop2 1.06664 0.888863
1100 pop1 1.10554 0.921285
1100 pop2 1.13163 0.943025
1200 pop1 1.10795 0.923292
1200 pop2 1.12887 0.940724
1300 pop1 1.10665 0.922207
1300 pop2 1.12817 0.940139
1400 pop1 1.10977 0.924808
1400 pop2 1.13084 0.942366
1500 pop1 1.10711 0.922594
1500 pop2 1.13176 0.943131
1600 pop1 1.12319 0.93599
1600 pop2 1.12532 0.937769
1700 pop1 1.11203 0.926695
1700 pop2 1.12858 0.940484
1800 pop1 1.11687 0.930728
1800 pop2 1.13174 0.943118
1900 pop1 1.11908 0.932567
1900 pop2 1.12601 0.938345
2000 pop1 1.11741 0.931171
2000 pop2 1.12772 0.939767
2100 pop1 1.12806 0.940049
2100 pop2 1.12258 0.935486
2200 pop1 1.1247 0.937251
2200 pop2 1.12043 0.933688
2300 pop1 1.12302 0.935849
2300 pop2 1.12119 0.934321
2400 pop1 1.12896 0.940796
2400 pop2 1.1164 0.930331
2500 pop1 1.122 0.934996
2500 pop2 1.12122 0.934347
2600 pop1 1.11902 0.932519
2600 pop2 1.1217 0.934751
2700 pop1 1.1286 0.940499
2700 pop2 1.1177 0.931413
2800 pop1 1.12092 0.934097
2800 pop2 1.11818 0.931819
2900 pop1 1.12289 0.935745
2900 pop2 1.12119 0.934323
3000 pop1 1.12386 0.936549
3000 pop2 1.12127 0.934391
3100 pop1 1.13172 0.9431
3100 pop2 1.11495 0.929127
3200 pop1 1.12552 0.937937
3200 pop2 1.11504 0.929203
3300 pop1 1.11929 0.93274
3300 pop2 1.12315 0.935962
3400 pop1 1.12713 0.939272
3400 pop2 1.11531 0.929425
3500 pop1 1.13703 0.947529
3500 pop2 1.11333 0.927775
3600 pop1 1.12289 0.935739
3600 pop2 1.12064 0.933865
3700 pop1 1.11964 0.933034
3700 pop2 1.12224 0.935197
3800 pop1 1.12504 0.937533
3800 pop2 1.12139 0.934491
3900 pop1 1.11636 0.930304
3900 pop2 1.12566 0.938048
4000 pop1 1.11522 0.929348
4000 pop2 1.1311 0.942585
4100 pop1 1.12219 0.935162
4100 pop2 1.11681 0.930677
4200 pop1 1.12487 0.93739
4200 pop2 1.11524 0.929364
4300 pop1 1.11638 0.93032
4300 pop2 1.12583 0.938189
4400 pop1 1.12335 0.936121
4400 pop2 1.1137 0.928083
4500 pop1 1.12844 0.94037
4500 pop2 1.11327 0.927729
4600 pop1 1.12783 0.939857
4600 pop2 1.11746 0.931213
4700 pop1 1.12443 0.937021
4700 pop2 1.11697 0.93081
4800 pop1 1.12707 0.939227
4800 pop2 1.11834 0.931952
4900 pop1 1.12116 0.9343
4900 pop2 1.11824 0.931869
5000 pop1 1.11934 0.932781
5000 pop2 1.12599 0.938322
