1 pop1 1.0 0.833333
1 pop2 1.0 0.833333
100 pop1 1.1871 0.989247
100 pop2 1.185 0.987501
200 pop1 1.18896 0.990799
200 pop2 1.19176 0.993136
300 pop1 1.19215 0.993462
300 pop2 1.1897 0.991418
400 pop1 1.19164 0.993035
400 pop2 1.19135 0.992794
500 pop1 1.19006 0.991713
500 pop2 1.18955 0.991288
600 pop1 1.18978 0.991486
600 pop2 1.19057 0.992143
700 pop1 1.19252 0.993767
700 pop2 1.19258 0.993821
800 pop1 1.19066 0.992217
800 pop2 1.1871 0.989253
900 pop1 1.19268 0.993896
900 pop2 1.19588 0.996563
1000 pop1 1.19346 0.994553
1000 pop2 1.19079 0.992329
1100 pop1 1.19194 0.993282
1100 pop2 1.18921 0.991011
1200 pop1 1.19098 0.992486
1200 pop2 1.19528 0.996063
1300 pop1 1.18985 0.991544
1300 pop2 1.19374 0.994781
1400 pop1 1.19804 0.998369
1400 pop2 1.19338 0.994482
1500 pop1 1.19329 0.994404
1500 pop2 1.1929 0.994081
1600 pop1 1.18775 0.989789
1600 pop2 1.18992 0.9916
1700 pop1 1.19131 0.992756
1700 pop2 1.19065 0.992208
1800 pop1 1.19342 0.994518
1800 pop2 1.19115 0.992624
1900 pop1 1.19446 0.995382
1900 pop2 1.19065 0.992211
2000 pop1 1.18606 0.988382
2000 pop2 1.19318 0.994314
2100 pop1 1.18786 0.989884
2100 pop2 1.19159 0.992988
2200 pop1 1.19076 0.9923
2200 pop2 1.19314 0.994283
2300 pop1 1.18896 0.990796
2300 pop2 1.19513 0.995938
2400 pop1 1.19128 0.99273
2400 pop2 1.19216 0.993467
2500 pop1 1.19578 0.996486
2500 pop2 1.18924 0.991032
2600 pop1 1.19373 0.994779
2600 pop2 1.19075 0.992291
2700 pop1 1.18883 0.990689
2700 pop2 1.1952 0.996
2800 pop1 1.18841 0.990345
2800 pop2 1.19209 0.993412
2900 pop1 1.19525 0.99604
2900 pop2 1.19141 0.992841
3000 pop1 1.19116 0.992632
3000 pop2 1.19349 0.994575
3100 pop1 1.19005 0.991704
3100 pop2 1.19082 0.992353
3200 pop1 1.19664 0.997197
3200 pop2 1.19111 0.992589
3300 pop1 1.19308 0.994236
3300 pop2 1.19608 0.996731
3400 pop1 1.18937 0.991139
3400 pop2 1.19212 0.993434
3500 pop1 1.19488 0.995737
3500 pop2 1.19035 0.991962
3600 pop1 1.19194 0.993281
3600 pop2 1.19201 0.993344
3700 pop1 1.19169 0.993076
3700 pop2 1.19206 0.993384
3800 pop1 1.194 0.995001
3800 pop2 1.19028 0.991898
3900 pop1 1.19165 0.99304
3900 pop2 1.1901 0.991748
4000 pop1 1.18994 0.991613
4000 pop2 1.19437 0.995305
4100 pop1 1.19076 0.992302
4100 pop2 1.19289 0.994078
4200 pop1 1.19042 0.992017
4200 pop2 1.19412 0.995104
4300 pop1 1.18781 0.989839
4300 pop2 1.1952 0.995999
4400 pop1 1.1929 0.994084
4400 pop2 1.1944 0.995329
4500 pop1 1.19087 0.99239
4500 pop2 1.18933 0.991108
4600 pop1 1.19373 0.994774
4600 pop2 1.19404 0.995031
4700 pop1 1.18906 0.990882
4700 pop2 1.18704 0.9892
4800 pop1 1.18976 0.991463
4800 pop2 1.19239 0.993662
4900 pop1 1.18978 0.991485
4900 pop2 1.19439 0.995323
5000 pop1 1.19343 0.994525
5000 pop2 1.18853 0.990444
