1 pop1 1.0 0.980392
1 pop2 1.0 0.980392
100 pop1 1.00693 0.98719
100 pop2 1.00691 0.987167
200 pop1 1.00806 0.988297
200 pop2 1.00726 0.98751
300 pop1 1.01053 0.990717
300 pop2 1.00808 0.988312
400 pop1 1.01049 0.990678
400 pop2 1.0071 0.987349
500 pop1 1.00984 0.990036
500 pop2 1.00792 0.988157
600 pop1 1.00871 0.988934
600 pop2 1.00566 0.985939
700 pop1 1.00757 0.987809
700 pop2 1.00774 0.987978
800 pop1 1.00982 0.990015
800 pop2 1.0086 0.988826
900 pop1 1.01006 0.990253
900 pop2 1.00849 0.988717
1000 pop1 1.00885 0.989072
1000 pop2 1.00853 0.988753
1100 pop1 1.01076 0.99094
1100 pop2 0.996299 0.976764
1200 pop1 1.0153 0.995392
1200 pop2 0.99664 0.977098
1300 pop1 1.01474 0.994844
1300 pop2 0.997305 0.97775
1400 pop1 1.01634 0.996411
1400 pop2 0.997734 0.978171
1500 pop1 1.0188 0.998825
1500 pop2 0.998524 0.978945
1600 pop1 1.01901 0.999029
1600 pop2 0.998851 0.979266
1700 pop1 1.01986 0.999865
1700 pop2 0.998723 0.97914
1800 pop1 1.01989 0.999896
1800 pop2 0.999445 0.979848
1900 pop1 1.01992 0.999926
1900 pop2 0.999641 0.98004
2000 pop1 1.01992 0.999926
2000 pop2 0.999757 0.980154
2100 pop1 1.02004 1.00004
2100 pop2 0.99982 0.980216
2200 pop1 1.0201 1.0001
2200 pop2 1.0 0.980392
2300 pop1 1.0201 1.0001
2300 pop2 1.0 0.980392
2400 pop1 1.0201 1.0001
2400 pop2 1.0 0.980392
2500 pop1 1.0201 1.0001
2500 pop2 1.0 0.980392
2600 pop1 1.0201 1.0001
2600 pop2 1.0 0.980392
2700 pop1 1.0201 1.0001
2700 pop2 1.0 0.980392
2800 pop1 1.0201 1.0001
2800 pop2 1.0 0.980392
2900 pop1 1.0201 1.0001
2900 pop2 1.0 0.980392
3000 pop1 1.0201 1.0001
3000 pop2 1.0 0.980392
3100 pop1 1.0201 1.0001
3100 pop2 1.0 0.980392
3200 pop1 1.0201 1.0001
3200 pop2 1.0 0.980392
3300 pop1 1.0201 1.0001
3300 pop2 1.0 0.980392
3400 pop1 1.0201 1.0001
3400 pop2 1.0 0.980392
3500 pop1 1.0201 1.0001
3500 pop2 1.0 0.980392
3600 pop1 1.0201 1.0001
3600 pop2 1.0 0.980392
3700 pop1 1.0201 1.0001
3700 pop2 1.0 0.980392
3800 pop1 1.0201 1.0001
3800 pop2 1.0 0.980392
3900 pop1 1.0201 1.0001
3900 pop2 1.0 0.980392
4000 pop1 1.0201 1.0001
4000 pop2 1.0 0.980392
4100 pop1 1.0201 1.0001
4100 pop2 1.0 0.980392
4200 pop1 1.0201 1.0001
4200 pop2 1.0 0.980392
4300 pop1 1.0201 1.0001
4300 pop2 1.0 0.980392
4400 pop1 1.0201 1.0001
4400 pop2 1.0 0.980392
4500 pop1 1.0201 1.0001
4500 pop2 1.0 0.980392
4600 pop1 1.0201 1.0001
4600 pop2 1.0 0.980392
4700 pop1 1.0201 1.0001
4700 pop2 1.0 0.980392
4800 pop1 1.0201 1.0001
4800 pop2 1.0 0.980392
4900 pop1 1.0201 1.0001
4900 pop2 1.0 0.980392
5000 pop1 1.0201 1.0001
5000 pop2 1.0 0.980392
