1 pop1 1.0 0.909091
1 pop2 1.0 0.909091
100 pop1 1.03989 0.945355
100 pop2 1.03656 0.942328
200 pop1 1.04224 0.947493
200 pop2 1.0398 0.945275
300 pop1 1.04082 0.946198
300 pop2 1.0358 0.941635
400 pop1 1.03588 0.941705
400 pop2 1.0403 0.945723
500 pop1 1.03722 0.942925
500 pop2 1.04143 0.946758
600 pop1 1.03628 0.942068
600 pop2 1.04134 0.94667
700 pop1 1.03909 0.944631
700 pop2 1.04539 0.950358
800 pop1 1.0414 0.946723
800 pop2 1.04302 0.948202
900 pop1 1.03906 0.9446
900 pop2 1.0414 0.946727
1000 pop1 1.03402 0.940014
1000 pop2 1.0464 0.951276
1100 pop1 1.08842 0.989476
1100 pop2 0.978932 0.889938
1200 pop1 1.10046 1.00042
1200 pop2 0.992601 0.902365
1300 pop1 1.10252 1.00229
1300 pop2 0.998993 0.908175
1400 pop1 1.1025 1.00228
1400 pop2 0.99996 0.909055
1500 pop1 1.10251 1.00228
1500 pop2 0.999743 0.908857
1600 pop1 1.1025 1.00227
1600 pop2 1.0 0.909091
1700 pop1 1.1025 1.00227
1700 pop2 1.0 0.909091
1800 pop1 1.1025 1.00227
1800 pop2 1.0 0.909091
1900 pop1 1.1025 1.00227
1900 pop2 1.0 0.909091
2000 pop1 1.1025 1.00227
2000 pop2 1.0 0.909091
2100 pop1 1.1025 1.00227
2100 pop2 1.0 0.909091
2200 pop1 1.1025 1.00227
2200 pop2 1.0 0.909091
2300 pop1 1.1025 1.00227
2300 pop2 1.0 0.909091
2400 pop1 1.1025 1.00227
2400 pop2 1.0 0.909091
2500 pop1 1.1025 1.00227
2500 pop2 1.0 0.909091
2600 pop1 1.1025 1.00227
2600 pop2 1.0 0.909091
2700 pop1 1.1025 1.00227
2700 pop2 1.0 0.909091
2800 pop1 1.1025 1.00227
2800 pop2 1.0 0.909091
2900 pop1 1.1025 1.00227
2900 pop2 1.0 0.909091
3000 pop1 1.1025 1.00227
3000 pop2 1.0 0.909091
3100 pop1 1.1025 1.00227
3100 pop2 1.0 0.909091
3200 pop1 1.1025 1.00227
3200 pop2 1.0 0.909091
3300 pop1 1.1025 1.00227
3300 pop2 1.0 0.909091
3400 pop1 1.1025 1.00227
3400 pop2 1.0 0.909091
3500 pop1 1.1025 1.00227
3500 pop2 1.0 0.909091
3600 pop1 1.1025 1.00227
3600 pop2 1.0 0.909091
3700 pop1 1.1025 1.00227
3700 pop2 1.0 0.909091
3800 pop1 1.1025 1.00227
3800 pop2 1.0 0.909091
3900 pop1 1.1025 1.00227
3900 pop2 1.0 0.909091
4000 pop1 1.1025 1.00227
4000 pop2 1.0 0.909091
4100 pop1 1.1025 1.00227
4100 pop2 1.0 0.909091
4200 pop1 1.1025 1.00227
4200 pop2 1.0 0.909091
4300 pop1 1.1025 1.00227
4300 pop2 1.0 0.909091
4400 pop1 1.1025 1.00227
4400 pop2 1.0 0.909091
4500 pop1 1.1025 1.00227
4500 pop2 1.0 0.909091
4600 pop1 1.1025 1.00227
4600 pop2 1.0 0.909091
4700 pop1 1.1025 1.00227
4700 pop2 1.0 0.909091
4800 pop1 1.1025 1.00227
4800 pop2 1.0 0.909091
4900 pop1 1.1025 1.00227
4900 pop2 1.0 0.909091
5000 pop1 1.1025 1.00227
5000 pop2 1.0 0.909091
