1 pop1 1.0 0.833333
1 pop2 1.0 0.833333
100 pop1 1.19111 0.992593
100 pop2 1.19284 0.994035
200 pop1 1.19025 0.991876
200 pop2 1.18767 0.989723
300 pop1 1.19011 0.991761
300 pop2 1.19241 0.993677
400 pop1 1.19594 0.99662
400 pop2 1.19152 0.992936
500 pop1 1.18734 0.989452
500 pop2 1.1924 0.993667
600 pop1 1.1899 0.991587
600 pop2 1.1916 0.993
700 pop1 1.19259 0.993825
700 pop2 1.19194 0.993282
800 pop1 1.19523 0.996028
800 pop2 1.18924 0.991032
900 pop1 1.18833 0.990278
900 pop2 1.19087 0.992391
1000 pop1 1.18902 0.990853
1000 pop2 1.19123 0.992695
1100 pop1 1.19146 0.992883
1100 pop2 1.18992 0.991598
1200 pop1 1.19125 0.992711
1200 pop2 1.19286 0.994049
1300 pop1 1.18677 0.988977
1300 pop2 1.18967 0.99139
1400 pop1 1.18993 0.99161
1400 pop2 1.19374 0.994786
1500 pop1 1.19643 0.997025
1500 pop2 1.19206 0.993382
1600 pop1 1.19375 0.994792
1600 pop2 1.19409 0.995073
1700 pop1 1.19129 0.992739
1700 pop2 1.19103 0.992528
1800 pop1 1.19031 0.991923
1800 pop2 1.19063 0.992191
1900 pop1 1.18845 0.990376
1900 pop2 1.18949 0.991241
2000 pop1 1.18877 0.990639
2000 pop2 1.19229 0.993572
2100 pop1 1.18863 0.990529
2100 pop2 1.19073 0.992279
2200 pop1 1.19132 0.992768
2200 pop2 1.19515 0.99596
2300 pop1 1.18954 0.991283
2300 pop2 1.19416 0.995133
2400 pop1 1.18633 0.988611
2400 pop2 1.19368 0.99473
2500 pop1 1.19123 0.992688
2500 pop2 1.19192 0.993266
2600 pop1 1.18868 0.990566
2600 pop2 1.19367 0.994726
2700 pop1 1.19029 0.991912
2700 pop2 1.18906 0.990885
2800 pop1 1.19166 0.993053
2800 pop2 1.19089 0.992412
2900 pop1 1.18738 0.989484
2900 pop2 1.18976 0.99147
3000 pop1 1.19194 0.993286
3000 pop2 1.19237 0.993644
3100 pop1 1.19114 0.992618
3100 pop2 1.18991 0.991591
3200 pop1 1.18738 0.989483
3200 pop2 1.18886 0.990721
3300 pop1 1.18858 0.990483
3300 pop2 1.18837 0.990307
3400 pop1 1.19145 0.992876
3400 pop2 1.18864 0.990535
3500 pop1 1.19277 0.993976
3500 pop2 1.1932 0.99433
3600 pop1 1.19109 0.992577
3600 pop2 1.19229 0.993571
3700 pop1 1.19001 0.991677
3700 pop2 1.19116 0.992636
3800 pop1 1.18973 0.991441
3800 pop2 1.19233 0.993608
3900 pop1 1.19441 0.99534
3900 pop2 1.19242 0.993687
4000 pop1 1.18769 0.989745
4000 pop2 1.1907 0.992254
4100 pop1 1.19111 0.99259
4100 pop2 1.18935 0.991124
4200 pop1 1.18994 0.991617
4200 pop2 1.18946 0.991215
4300 pop1 1.19304 0.994197
4300 pop2 1.18662 0.988851
4400 pop1 1.19047 0.992062
4400 pop2 1.19261 0.993841
4500 pop1 1.19468 0.995564
4500 pop2 1.19026 0.991884
4600 pop1 1.18766 0.989716
4600 pop2 1.18937 0.991143
4700 pop1 1.18657 0.988809
4700 pop2 1.19034 0.991947
4800 pop1 1.19123 0.992695
4800 pop2 1.1937 0.994753
4900 pop1 1.18829 0.990238
4900 pop2 1.19538 0.996152
5000 pop1 1.1934 0.994496
5000 pop2 1.18845 0.990372
