1 pop1 1.0 0.909091
1 pop2 1.0 0.909091
100 pop1 1.03583 0.941663
100 pop2 1.03325 0.939317
200 pop1 1.03506 0.940965
200 pop2 1.03422 0.940199
300 pop1 1.03508 0.94098
300 pop2 1.03802 0.943655
400 pop1 1.0303 0.936637
400 pop2 1.03308 0.939165
500 pop1 1.03253 0.938666
500 pop2 1.03233 0.938483
600 pop1 1.03529 0.941173
600 pop2 1.04069 0.946081
700 pop1 1.03691 0.942641
700 pop2 1.03005 0.93641
800 pop1 1.03561 0.941462
800 pop2 1.0345 0.940456
900 pop1 1.03022 0.93656
900 pop2 1.0417 0.946999
1000 pop1 1.03256 0.938688
1000 pop2 1.03855 0.944138
1100 pop1 1.06772 0.970653
1100 pop2 1.04347 0.948607
1200 pop1 1.06084 0.9644
1200 pop2 1.05806 0.961877
1300 pop1 1.05487 0.958974
1300 pop2 1.06509 0.968259
1400 pop1 1.0546 0.958728
1400 pop2 1.06304 0.966401
1500 pop1 1.05584 0.959854
1500 pop2 1.06337 0.966697
1600 pop1 1.0566 0.960545
1600 pop2 1.06528 0.968439
1700 pop1 1.05703 0.960939
1700 pop2 1.06596 0.969053
1800 pop1 1.06129 0.964806
1800 pop2 1.06254 0.965943
1900 pop1 1.06036 0.963967
1900 pop2 1.06422 0.967472
2000 pop1 1.05765 0.961498
2000 pop2 1.0617 0.96518
2100 pop1 1.06497 0.968154
2100 pop2 1.05977 0.963427
2200 pop1 1.06194 0.965404
2200 pop2 1.06363 0.966936
2300 pop1 1.06756 0.970506
2300 pop2 1.05335 0.957589
2400 pop1 1.05618 0.960163
2400 pop2 1.06611 0.969195
2500 pop1 1.0587 0.962455
2500 pop2 1.06768 0.970614
2600 pop1 1.06013 0.963759
2600 pop2 1.0636 0.966906
2700 pop1 1.06213 0.965571
2700 pop2 1.06081 0.964377
2800 pop1 1.06051 0.964096
2800 pop2 1.0608 0.96436
2900 pop1 1.06079 0.964351
2900 pop2 1.0588 0.962544
3000 pop1 1.06573 0.968847
3000 pop2 1.06005 0.963683
3100 pop1 1.0634 0.966728
3100 pop2 1.05712 0.961016
3200 pop1 1.06131 0.964831
3200 pop2 1.06159 0.965078
3300 pop1 1.0662 0.969269
3300 pop2 1.05739 0.961259
3400 pop1 1.06294 0.966308
3400 pop2 1.06091 0.96446
3500 pop1 1.0611 0.964634
3500 pop2 1.06144 0.964943
3600 pop1 1.06394 0.967218
3600 pop2 1.05967 0.963333
3700 pop1 1.06196 0.965421
3700 pop2 1.05799 0.961813
3800 pop1 1.06496 0.968149
3800 pop2 1.05548 0.959532
3900 pop1 1.06127 0.964793
3900 pop2 1.06306 0.966416
4000 pop1 1.05624 0.960222
4000 pop2 1.0633 0.966639
4100 pop1 1.05646 0.960417
4100 pop2 1.06496 0.968142
4200 pop1 1.05922 0.96293
4200 pop2 1.0637 0.967003
4300 pop1 1.06304 0.966396
4300 pop2 1.0605 0.964094
4400 pop1 1.06606 0.969142
4400 pop2 1.05439 0.958536
4500 pop1 1.06251 0.965923
4500 pop2 1.06027 0.963886
4600 pop1 1.06127 0.964788
4600 pop2 1.0622 0.965632
4700 pop1 1.06193 0.965393
4700 pop2 1.0637 0.967002
4800 pop1 1.06858 0.971432
4800 pop2 1.0566 0.960546
4900 pop1 1.06451 0.967736
4900 pop2 1.058 0.961819
5000 pop1 1.06489 0.968078
5000 pop2 1.05866 0.962418
