1 pop1 1.0 0.980392
1 pop2 1.0 0.980392
100 pop1 0.998421 0.978845
100 pop2 1.00264 0.982979
200 pop1 1.00112 0.981492
200 pop2 1.00113 0.981498
300 pop1 1.00162 0.981979
300 pop2 1.00017 0.980559
400 pop1 1.00278 0.983116
400 pop2 0.998317 0.978742
500 pop1 1.00002 0.980408
500 pop2 1.00077 0.981151
600 pop1 1.0009 0.981274
600 pop2 1.00106 0.981428
700 pop1 0.99873 0.979147
700 pop2 1.00239 0.982732
800 pop1 1.00004 0.980431
800 pop2 1.00176 0.982114
900 pop1 0.998085 0.978515
900 pop2 1.00376 0.984075
1000 pop1 1.00102 0.981396
1000 pop2 1.00117 0.981539
1100 pop1 1.00538 0.985667
1100 pop2 1.00634 0.986603
1200 pop1 1.00504 0.985332
1200 pop2 1.01054 0.99073
1300 pop1 1.00663 0.986888
1300 pop2 1.01232 0.992468
1400 pop1 1.00566 0.985942
1400 pop2 1.01331 0.993438
1500 pop1 1.00675 0.987012
1500 pop2 1.01379 0.99391
1600 pop1 1.00578 0.986058
1600 pop2 1.01457 0.994674
1700 pop1 1.00432 0.98463
1700 pop2 1.01545 0.995542
1800 pop1 1.00455 0.984856
1800 pop2 1.01567 0.995757
1900 pop1 1.00392 0.984239
1900 pop2 1.01533 0.995425
2000 pop1 1.00412 0.984432
2000 pop2 1.01614 0.996211
2100 pop1 1.00439 0.984694
2100 pop2 1.0159 0.995976
2200 pop1 1.0048 0.985095
2200 pop2 1.01608 0.996158
2300 pop1 1.00471 0.985013
2300 pop2 1.01625 0.996324
2400 pop1 1.00402 0.984331
2400 pop2 1.01606 0.996135
2500 pop1 1.00476 0.985055
2500 pop2 1.01546 0.995554
2600 pop1 1.00682 0.987083
2600 pop2 1.01412 0.994231
2700 pop1 1.00641 0.986673
2700 pop2 1.01457 0.994677
2800 pop1 1.00567 0.985948
2800 pop2 1.0151 0.995198
2900 pop1 1.00482 0.985114
2900 pop2 1.0163 0.996372
3000 pop1 1.00582 0.986094
3000 pop2 1.01452 0.994625
3100 pop1 1.00585 0.986125
3100 pop2 1.01492 0.995025
3200 pop1 1.00768 0.987917
3200 pop2 1.0133 0.993434
3300 pop1 1.00634 0.986606
3300 pop2 1.01458 0.99469
3400 pop1 1.00573 0.986008
3400 pop2 1.01463 0.994737
3500 pop1 1.00618 0.986446
3500 pop2 1.01409 0.994203
3600 pop1 1.00683 0.987087
3600 pop2 1.01381 0.993928
3700 pop1 1.00658 0.986842
3700 pop2 1.01434 0.994454
3800 pop1 1.00516 0.985449
3800 pop2 1.01567 0.99575
3900 pop1 1.00445 0.984759
3900 pop2 1.01589 0.995969
4000 pop1 1.00541 0.985696
4000 pop2 1.01517 0.995267
4100 pop1 1.00576 0.986043
4100 pop2 1.01526 0.995356
4200 pop1 1.0066 0.986866
4200 pop2 1.01409 0.994204
4300 pop1 1.00749 0.987739
4300 pop2 1.0136 0.993729
4400 pop1 1.0074 0.987649
4400 pop2 1.0122 0.992357
4500 pop1 1.00846 0.988689
4500 pop2 1.01238 0.992526
4600 pop1 1.00824 0.988475
4600 pop2 1.01199 0.992143
4700 pop1 1.00796 0.988201
4700 pop2 1.01265 0.992797
4800 pop1 1.00945 0.989654
4800 pop2 1.01205 0.992205
4900 pop1 1.01009 0.990283
4900 pop2 1.01194 0.992095
5000 pop1 1.00878 0.989005
5000 pop2 1.0122 0.992355
