1 pop1 1.0 0.833333
1 pop2 1.0 0.833333
100 pop1 1.07241 0.893677
100 pop2 1.06891 0.890758
200 pop1 1.06754 0.889615
200 pop2 1.07413 0.895104
300 pop1 1.06273 0.885611
300 pop2 1.07368 0.894733
400 pop1 1.06106 0.884216
400 pop2 1.07125 0.892706
500 pop1 1.07727 0.897726
500 pop2 1.06529 0.887739
600 pop1 1.07304 0.894199
600 pop2 1.06843 0.890354
700 pop1 1.06584 0.888204
700 pop2 1.07449 0.89541
800 pop1 1.07205 0.893376
800 pop2 1.06495 0.887457
900 pop1 1.07386 0.894882
900 pop2 1.06215 0.885129
1000 pop1 1.06592 0.888266
1000 pop2 1.07024 0.89187
1100 pop1 1.11676 0.930635
1100 pop2 1.12086 0.934051
1200 pop1 1.12235 0.935289
1200 pop2 1.11568 0.929729
1300 pop1 1.11997 0.933308
1300 pop2 1.12747 0.939559
1400 pop1 1.12235 0.935291
1400 pop2 1.12328 0.936063
1500 pop1 1.12071 0.933927
1500 pop2 1.12338 0.936147
1600 pop1 1.12514 0.937613
1600 pop2 1.11676 0.93063
1700 pop1 1.12028 0.933563
1700 pop2 1.12069 0.933905
1800 pop1 1.12114 0.934284
1800 pop2 1.12087 0.934057
1900 pop1 1.12621 0.938504
1900 pop2 1.11758 0.931319
2000 pop1 1.12472 0.937267
2000 pop2 1.11428 0.928564
2100 pop1 1.12852 0.940429
2100 pop2 1.11841 0.932008
2200 pop1 1.12519 0.937655
2200 pop2 1.11441 0.928674
2300 pop1 1.12601 0.93834
2300 pop2 1.12501 0.937507
2400 pop1 1.1329 0.944081
2400 pop2 1.11189 0.926572
2500 pop1 1.12821 0.940173
2500 pop2 1.11714 0.930952
2600 pop1 1.13023 0.941855
2600 pop2 1.10902 0.924185
2700 pop1 1.12688 0.939065
2700 pop2 1.10935 0.92446
2800 pop1 1.12466 0.937213
2800 pop2 1.11714 0.930948
2900 pop1 1.11905 0.932545
2900 pop2 1.11913 0.932607
3000 pop1 1.12754 0.93962
3000 pop2 1.11528 0.929397
3100 pop1 1.1335 0.944586
3100 pop2 1.11052 0.925437
3200 pop1 1.13596 0.946637
3200 pop2 1.10934 0.924451
3300 pop1 1.12941 0.941172
3300 pop2 1.11717 0.930977
3400 pop1 1.12256 0.93547
3400 pop2 1.1173 0.931085
3500 pop1 1.12155 0.934623
3500 pop2 1.11836 0.931963
3600 pop1 1.12155 0.934628
3600 pop2 1.12071 0.933925
3700 pop1 1.12802 0.940018
3700 pop2 1.11912 0.932603
3800 pop1 1.12103 0.934192
3800 pop2 1.12284 0.935698
3900 pop1 1.12318 0.93598
3900 pop2 1.12705 0.939212
4000 pop1 1.1157 0.929754
4000 pop2 1.12624 0.938532
4100 pop1 1.12083 0.934026
4100 pop2 1.12458 0.937152
4200 pop1 1.12404 0.936704
4200 pop2 1.11811 0.931761
4300 pop1 1.12051 0.933759
4300 pop2 1.12363 0.936355
4400 pop1 1.13007 0.941726
4400 pop2 1.11799 0.931662
4500 pop1 1.12607 0.938394
4500 pop2 1.11929 0.932739
4600 pop1 1.12267 0.935557
4600 pop2 1.11606 0.930048
4700 pop1 1.12754 0.939615
4700 pop2 1.11801 0.931672
4800 pop1 1.12237 0.935309
4800 pop2 1.11648 0.930402
4900 pop1 1.11677 0.930645
4900 pop2 1.12327 0.936061
5000 pop1 1.11921 0.932679
5000 pop2 1.12301 0.935838
