1 pop1 1.0 0.980392
1 pop2 1.0 0.980392
100 pop1 0.998967 0.979379
100 pop2 1.00195 0.982301
200 pop1 0.997642 0.978081
200 pop2 1.00332 0.983647
300 pop1 0.99575 0.976226
300 pop2 1.00528 0.985568
400 pop1 0.997426 0.977869
400 pop2 1.00324 0.983568
500 pop1 0.996647 0.977105
500 pop2 1.00429 0.984599
600 pop1 0.996652 0.97711
600 pop2 1.00404 0.984355
700 pop1 0.997286 0.977732
700 pop2 1.00348 0.983809
800 pop1 0.996046 0.976516
800 pop2 1.00559 0.985877
900 pop1 0.997899 0.978332
900 pop2 1.00346 0.983785
1000 pop1 0.995834 0.976308
1000 pop2 1.00387 0.98419
1100 pop1 1.00459 0.984894
1100 pop2 1.00226 0.982604
1200 pop1 1.00771 0.987953
1200 pop2 1.00484 0.985142
1300 pop1 1.00732 0.987571
1300 pop2 1.00993 0.990123
1400 pop1 1.00711 0.987364
1400 pop2 1.01182 0.991977
1500 pop1 1.00633 0.9866
1500 pop2 1.0133 0.99343
1600 pop1 1.00742 0.987669
1600 pop2 1.01221 0.99236
1700 pop1 1.00779 0.988025
1700 pop2 1.01219 0.992348
1800 pop1 1.00722 0.987473
1800 pop2 1.01307 0.993206
1900 pop1 1.0077 0.987937
1900 pop2 1.01294 0.99308
2000 pop1 1.00606 0.986334
2000 pop2 1.0146 0.994705
2100 pop1 1.00745 0.987699
2100 pop2 1.01283 0.992967
2200 pop1 1.0083 0.988533
2200 pop2 1.01201 0.992166
2300 pop1 1.00793 0.988166
2300 pop2 1.01165 0.991813
2400 pop1 1.00947 0.989673
2400 pop2 1.0114 0.99157
2500 pop1 1.00953 0.989732
2500 pop2 1.01085 0.991032
2600 pop1 1.00785 0.988085
2600 pop2 1.01237 0.992517
2700 pop1 1.00733 0.987576
2700 pop2 1.0133 0.993432
2800 pop1 1.00819 0.988422
2800 pop2 1.01207 0.992228
2900 pop1 1.00821 0.988438
2900 pop2 1.01202 0.992172
3000 pop1 1.00846 0.988683
3000 pop2 1.01219 0.992347
3100 pop1 1.00938 0.989585
3100 pop2 1.01117 0.99134
3200 pop1 1.00943 0.989641
3200 pop2 1.01085 0.991028
3300 pop1 1.00959 0.989799
3300 pop2 1.01106 0.991234
3400 pop1 1.00864 0.988865
3400 pop2 1.01184 0.992003
3500 pop1 1.00758 0.98782
3500 pop2 1.01287 0.993012
3600 pop1 1.00903 0.989248
3600 pop2 1.01108 0.991257
3700 pop1 1.00825 0.988484
3700 pop2 1.012 0.992157
3800 pop1 1.00882 0.989038
3800 pop2 1.01133 0.991497
3900 pop1 1.00799 0.988227
3900 pop2 1.01253 0.992681
4000 pop1 1.00934 0.98955
4000 pop2 1.01139 0.991561
4100 pop1 1.01079 0.990971
4100 pop2 1.00922 0.989431
4200 pop1 1.01065 0.990832
4200 pop2 1.01004 0.990231
4300 pop1 1.01165 0.99181
4300 pop2 1.00883 0.989046
4400 pop1 1.01222 0.992377
4400 pop2 1.00865 0.988876
4500 pop1 1.01301 0.993145
4500 pop2 1.00769 0.987933
4600 pop1 1.01183 0.991992
4600 pop2 1.00834 0.988572
4700 pop1 1.01109 0.991264
4700 pop2 1.00906 0.989278
4800 pop1 1.00883 0.989047
4800 pop2 1.01123 0.991399
4900 pop1 1.0099 0.9901
4900 pop2 1.0107 0.990887
5000 pop1 1.00924 0.989446
5000 pop2 1.0112 0.991376
