1 pop1 1.0 0.980392
1 pop2 1.0 0.980392
100 pop1 0.998989 0.979401
100 pop2 1.00249 0.982833
200 pop1 0.998462 0.978884
200 pop2 1.00174 0.982097
300 pop1 0.999328 0.979733
300 pop2 1.0024 0.982746
400 pop1 0.997841 0.978276
400 pop2 1.00261 0.982948
500 pop1 0.998842 0.979257
500 pop2 1.00176 0.982119
600 pop1 0.999567 0.979968
600 pop2 1.00137 0.981731
700 pop1 0.999715 0.980113
700 pop2 1.0011 0.981471
800 pop1 1.00217 0.982518
800 pop2 0.998423 0.978846
900 pop1 0.998431 0.978854
900 pop2 1.00199 0.982343
1000 pop1 0.999107 0.979517
1000 pop2 1.00192 0.982277
1100 pop1 1.00249 0.982836
1100 pop2 0.997953 0.978385
1200 pop1 1.00909 0.989304
1200 pop2 0.999318 0.979724
1300 pop1 1.00934 0.989552
1300 pop2 1.00149 0.981851
1400 pop1 1.00827 0.988503
1400 pop2 1.00487 0.98517
1500 pop1 1.01023 0.990417
1500 pop2 1.00588 0.986159
1600 pop1 1.00897 0.989189
1600 pop2 1.00732 0.987568
1700 pop1 1.00886 0.989074
1700 pop2 1.00877 0.988991
1800 pop1 1.00816 0.988392
1800 pop2 1.00989 0.990085
1900 pop1 1.0085 0.988726
1900 pop2 1.0099 0.990101
2000 pop1 1.00768 0.987926
2000 pop2 1.01182 0.991984
2100 pop1 1.00801 0.988245
2100 pop2 1.0114 0.99157
2200 pop1 1.0096 0.989806
2200 pop2 1.009 0.989217
2300 pop1 1.00887 0.989087
2300 pop2 1.00977 0.989969
2400 pop1 1.00783 0.988064
2400 pop2 1.01113 0.9913
2500 pop1 1.00719 0.987438
2500 pop2 1.01139 0.991555
2600 pop1 1.00536 0.985647
2600 pop2 1.01403 0.994144
2700 pop1 1.00463 0.984934
2700 pop2 1.01542 0.995512
2800 pop1 1.0048 0.985099
2800 pop2 1.0152 0.995296
2900 pop1 1.00374 0.984056
2900 pop2 1.01647 0.996539
3000 pop1 1.00337 0.983691
3000 pop2 1.01685 0.996914
3100 pop1 1.00316 0.983492
3100 pop2 1.01703 0.997089
3200 pop1 1.00364 0.983962
3200 pop2 1.01619 0.996266
3300 pop1 1.0035 0.983821
3300 pop2 1.0164 0.996467
3400 pop1 1.00353 0.983852
3400 pop2 1.0172 0.997253
3500 pop1 1.00333 0.983653
3500 pop2 1.01676 0.99682
3600 pop1 1.0032 0.98353
3600 pop2 1.01693 0.996995
3700 pop1 1.00321 0.983541
3700 pop2 1.01741 0.997462
3800 pop1 1.00301 0.983348
3800 pop2 1.01719 0.997245
3900 pop1 1.00357 0.983892
3900 pop2 1.01721 0.997266
4000 pop1 1.0039 0.984212
4000 pop2 1.01642 0.996493
4100 pop1 1.0054 0.985682
4100 pop2 1.01484 0.994945
4200 pop1 1.00543 0.985718
4200 pop2 1.01463 0.994736
4300 pop1 1.00694 0.987194
4300 pop2 1.01375 0.993872
4400 pop1 1.00661 0.986873
4400 pop2 1.0141 0.994212
4500 pop1 1.00603 0.986303
4500 pop2 1.01373 0.993856
4600 pop1 1.0057 0.98598
4600 pop2 1.01458 0.994689
4700 pop1 1.00525 0.985538
4700 pop2 1.01462 0.994722
4800 pop1 1.0044 0.984705
4800 pop2 1.01633 0.996401
4900 pop1 1.00343 0.983752
4900 pop2 1.01662 0.996682
5000 pop1 1.0039 0.984215
5000 pop2 1.01617 0.996244
