1 pop1 1.0 0.909091
1 pop2 1.0 0.909091
100 pop1 1.0834 0.984906
100 pop2 1.07732 0.97938
200 pop1 1.08316 0.984693
200 pop2 1.08103 0.982758
300 pop1 1.08361 0.9851
300 pop2 1.08024 0.982037
400 pop1 1.08167 0.983332
400 pop2 1.08538 0.986712
500 pop1 1.08155 0.983224
500 pop2 1.08346 0.984962
600 pop1 1.0841 0.985544
600 pop2 1.08509 0.986445
700 pop1 1.0821 0.983731
700 pop2 1.08605 0.987316
800 pop1 1.0853 0.986636
800 pop2 1.08361 0.985098
900 pop1 1.08452 0.985926
900 pop2 1.08142 0.983107
1000 pop1 1.08663 0.987849
1000 pop2 1.08171 0.983376
1100 pop1 1.08996 0.990877
1100 pop2 1.07249 0.974989
1200 pop1 1.08607 0.987333
1200 pop2 1.08524 0.986586
1300 pop1 1.08519 0.986538
1300 pop2 1.0878 0.988906
1400 pop1 1.08916 0.990145
1400 pop2 1.08774 0.988858
1500 pop1 1.0846 0.986002
1500 pop2 1.08892 0.989927
1600 pop1 1.08543 0.986756
1600 pop2 1.08623 0.987481
1700 pop1 1.08367 0.985156
1700 pop2 1.08816 0.989233
1800 pop1 1.08295 0.984503
1800 pop2 1.08696 0.988144
1900 pop1 1.08864 0.989674
1900 pop2 1.08607 0.987334
2000 pop1 1.08425 0.985678
2000 pop2 1.08309 0.984624
2100 pop1 1.08403 0.985482
2100 pop2 1.08678 0.98798
2200 pop1 1.08488 0.986256
2200 pop2 1.08357 0.985063
2300 pop1 1.08219 0.983805
2300 pop2 1.08551 0.986827
2400 pop1 1.08718 0.98835
2400 pop2 1.08371 0.985194
2500 pop1 1.08718 0.988346
2500 pop2 1.08657 0.987789
2600 pop1 1.08456 0.985961
2600 pop2 1.08334 0.984856
2700 pop1 1.08624 0.987492
2700 pop2 1.08597 0.987244
2800 pop1 1.0799 0.981725
2800 pop2 1.08998 0.990894
2900 pop1 1.08429 0.985714
2900 pop2 1.08257 0.984158
3000 pop1 1.08621 0.987462
3000 pop2 1.08231 0.983917
3100 pop1 1.08423 0.985662
3100 pop2 1.08775 0.988865
3200 pop1 1.08508 0.986438
3200 pop2 1.08475 0.986136
3300 pop1 1.08266 0.984238
3300 pop2 1.08222 0.983833
3400 pop1 1.08292 0.98447
3400 pop2 1.08583 0.987121
3500 pop1 1.08073 0.982484
3500 pop2 1.08291 0.984464
3600 pop1 1.09016 0.991054
3600 pop2 1.08407 0.985514
3700 pop1 1.08346 0.984963
3700 pop2 1.08653 0.987755
3800 pop1 1.08909 0.990081
3800 pop2 1.08463 0.986025
3900 pop1 1.08087 0.982611
3900 pop2 1.0872 0.988364
4000 pop1 1.08588 0.987168
4000 pop2 1.08659 0.987812
4100 pop1 1.08468 0.986069
4100 pop2 1.08316 0.984691
4200 pop1 1.08656 0.987786
4200 pop2 1.08722 0.988378
4300 pop1 1.08891 0.989915
4300 pop2 1.08348 0.984978
4400 pop1 1.0871 0.988273
4400 pop2 1.08817 0.989244
4500 pop1 1.08367 0.985157
4500 pop2 1.0862 0.987452
4600 pop1 1.08566 0.986962
4600 pop2 1.08081 0.982554
4700 pop1 1.08644 0.987669
4700 pop2 1.08443 0.985843
4800 pop1 1.08434 0.985762
4800 pop2 1.08632 0.98756
4900 pop1 1.08492 0.986291
4900 pop2 1.08831 0.989371
5000 pop1 1.08419 0.985625
5000 pop2 1.08669 0.987901
