1 pop1 1.0 0.980392
1 pop2 1.0 0.980392
100 pop1 1.0023 0.982643
100 pop2 1.00033 0.98072
200 pop1 1.00131 0.981677
200 pop2 1.00121 0.98158
300 pop1 0.999665 0.980064
300 pop2 1.00374 0.984056
400 pop1 1.00061 0.980994
400 pop2 1.00257 0.982907
500 pop1 1.00199 0.982343
500 pop2 1.00014 0.980528
600 pop1 1.00328 0.983612
600 pop2 0.999764 0.98016
700 pop1 1.00762 0.987867
700 pop2 0.996576 0.977035
800 pop1 1.00683 0.987087
800 pop2 0.996627 0.977086
900 pop1 1.00853 0.988753
900 pop2 0.99321 0.973735
1000 pop1 1.00683 0.987086
1000 pop2 0.995675 0.976152
1100 pop1 1.01284 0.992977
1100 pop2 0.995406 0.975889
1200 pop1 1.01678 0.99684
1200 pop2 0.99522 0.975706
1300 pop1 1.01914 0.999155
1300 pop2 0.995194 0.975681
1400 pop1 1.01946 0.99947
1400 pop2 0.995253 0.975738
1500 pop1 1.02009 1.00009
1500 pop2 0.995882 0.976355
1600 pop1 1.02011 1.00011
1600 pop2 0.996393 0.976856
1700 pop1 1.02011 1.00011
1700 pop2 0.99743 0.977873
1800 pop1 1.02011 1.0001
1800 pop2 0.998129 0.978558
1900 pop1 1.0201 1.0001
1900 pop2 0.998089 0.978518
2000 pop1 1.0201 1.0001
2000 pop2 0.999465 0.979868
2100 pop1 1.0201 1.0001
2100 pop2 0.999992 0.980384
2200 pop1 1.0201 1.0001
2200 pop2 1.0 0.980392
2300 pop1 1.0201 1.0001
2300 pop2 1.0 0.980392
2400 pop1 1.0201 1.0001
2400 pop2 1.0 0.980392
2500 pop1 1.0201 1.0001
2500 pop2 1.0 0.980392
2600 pop1 1.0201 1.0001
2600 pop2 1.0 0.980392
2700 pop1 1.0201 1.0001
2700 pop2 1.0 0.980392
2800 pop1 1.0201 1.0001
2800 pop2 1.0 0.980392
2900 pop1 1.0201 1.0001
2900 pop2 1.0 0.980392
3000 pop1 1.0201 1.0001
3000 pop2 1.0 0.980392
3100 pop1 1.0201 1.0001
3100 pop2 1.0 0.980392
3200 pop1 1.0201 1.0001
3200 pop2 1.0 0.980392
3300 pop1 1.0201 1.0001
3300 pop2 1.0 0.980392
3400 pop1 1.0201 1.0001
3400 pop2 1.0 0.980392
3500 pop1 1.0201 1.0001
3500 pop2 1.0 0.980392
3600 pop1 1.0201 1.0001
3600 pop2 1.0 0.980392
3700 pop1 1.0201 1.0001
3700 pop2 1.0 0.980392
3800 pop1 1.0201 1.0001
3800 pop2 1.0 0.980392
3900 pop1 1.0201 1.0001
3900 pop2 1.0 0.980392
4000 pop1 1.0201 1.0001
4000 pop2 1.0 0.980392
4100 pop1 1.0201 1.0001
4100 pop2 1.0 0.980392
4200 pop1 1.0201 1.0001
4200 pop2 1.0 0.980392
4300 pop1 1.0201 1.0001
4300 pop2 1.0 0.980392
4400 pop1 1.0201 1.0001
4400 pop2 1.0 0.980392
4500 pop1 1.0201 1.0001
4500 pop2 1.0 0.980392
4600 pop1 1.0201 1.0001
4600 pop2 1.0 0.980392
4700 pop1 1.0201 1.0001
4700 pop2 1.0 0.980392
4800 pop1 1.0201 1.0001
4800 pop2 1.0 0.980392
4900 pop1 1.0201 1.0001
4900 pop2 1.0 0.980392
5000 pop1 1.0201 1.0001
5000 pop2 1.0 0.980392
