1 pop1 1.0 0.909091
1 pop2 1.0 0.909091
100 pop1 1.08307 0.984613
100 pop2 1.08158 0.983257
200 pop1 1.08424 0.985673
200 pop2 1.08327 0.984787
300 pop1 1.08191 0.983558
300 pop2 1.08378 0.98525
400 pop1 1.0833 0.984818
400 pop2 1.08351 0.985013
500 pop1 1.08504 0.986396
500 pop2 1.08532 0.986656
600 pop1 1.08455 0.985953
600 pop2 1.08914 0.990129
700 pop1 1.08526 0.986601
700 pop2 1.08397 0.985427
800 pop1 1.07902 0.980923
800 pop2 1.0884 0.989458
900 pop1 1.08628 0.987524
900 pop2 1.08324 0.984762
1000 pop1 1.08282 0.984386
1000 pop2 1.08438 0.985801
1100 pop1 1.09665 0.996959
1100 pop2 0.989793 0.899812
1200 pop1 1.09165 0.992405
1200 pop2 0.991857 0.901688
1300 pop1 1.0954 0.99582
1300 pop2 0.993224 0.902931
1400 pop1 1.09719 0.997445
1400 pop2 0.990141 0.900128
1500 pop1 1.09829 0.998444
1500 pop2 0.994008 0.903643
1600 pop1 1.09808 0.998252
1600 pop2 0.996728 0.906117
1700 pop1 1.10183 1.00166
1700 pop2 0.997592 0.906902
1800 pop1 1.10114 1.00104
1800 pop2 0.99848 0.907709
1900 pop1 1.10217 1.00198
1900 pop2 0.998321 0.907565
2000 pop1 1.10238 1.00216
2000 pop2 0.998519 0.907744
2100 pop1 1.10258 1.00235
2100 pop2 0.999389 0.908535
2200 pop1 1.10253 1.0023
2200 pop2 0.99921 0.908373
2300 pop1 1.10252 1.00229
2300 pop2 0.998993 0.908175
2400 pop1 1.1025 1.00227
2400 pop2 1.0 0.909091
2500 pop1 1.1025 1.00227
2500 pop2 1.0 0.909091
2600 pop1 1.1025 1.00227
2600 pop2 1.0 0.909091
2700 pop1 1.1025 1.00227
2700 pop2 1.0 0.909091
2800 pop1 1.1025 1.00227
2800 pop2 1.0 0.909091
2900 pop1 1.1025 1.00227
2900 pop2 1.0 0.909091
3000 pop1 1.1025 1.00227
3000 pop2 1.0 0.909091
3100 pop1 1.1025 1.00227
3100 pop2 1.0 0.909091
3200 pop1 1.1025 1.00227
3200 pop2 1.0 0.909091
3300 pop1 1.1025 1.00227
3300 pop2 1.0 0.909091
3400 pop1 1.1025 1.00227
3400 pop2 1.0 0.909091
3500 pop1 1.1025 1.00227
3500 pop2 1.0 0.909091
3600 pop1 1.1025 1.00227
3600 pop2 1.0 0.909091
3700 pop1 1.1025 1.00227
3700 pop2 1.0 0.909091
3800 pop1 1.1025 1.00227
3800 pop2 1.0 0.909091
3900 pop1 1.1025 1.00227
3900 pop2 1.0 0.909091
4000 pop1 1.1025 1.00227
4000 pop2 1.0 0.909091
4100 pop1 1.1025 1.00227
4100 pop2 1.0 0.909091
4200 pop1 1.1025 1.00227
4200 pop2 1.0 0.909091
4300 pop1 1.1025 1.00227
4300 pop2 1.0 0.909091
4400 pop1 1.1025 1.00227
4400 pop2 1.0 0.909091
4500 pop1 1.1025 1.00227
4500 pop2 1.0 0.909091
4600 pop1 1.1025 1.00227
4600 pop2 1.0 0.909091
4700 pop1 1.1025 1.00227
4700 pop2 1.0 0.909091
4800 pop1 1.1025 1.00227
4800 pop2 1.0 0.909091
4900 pop1 1.1025 1.00227
4900 pop2 1.0 0.909091
5000 pop1 1.1025 1.00227
5000 pop2 1.0 0.909091
