1 pop1 1.0 0.980392
1 pop2 1.0 0.980392
100 pop1 1.00113 0.981496
100 pop2 1.00322 0.983546
200 pop1 1.00149 0.981849
200 pop2 1.00182 0.982176
300 pop1 1.00372 0.984038
300 pop2 1.00005 0.980438
400 pop1 1.00532 0.985605
400 pop2 0.996796 0.977251
500 pop1 1.00699 0.987247
500 pop2 0.997527 0.977968
600 pop1 1.00674 0.987004
600 pop2 0.997409 0.977852
700 pop1 1.0049 0.985194
700 pop2 0.998243 0.97867
800 pop1 1.00384 0.984159
800 pop2 0.99963 0.980029
900 pop1 1.00369 0.984008
900 pop2 0.999109 0.979519
1000 pop1 1.0046 0.984904
1000 pop2 1.00106 0.981432
1100 pop1 1.01373 0.993851
1100 pop2 0.994889 0.975381
1200 pop1 1.01612 0.996197
1200 pop2 0.994721 0.975217
1300 pop1 1.01766 0.997703
1300 pop2 0.994043 0.974552
1400 pop1 1.01896 0.998976
1400 pop2 0.99372 0.974236
1500 pop1 1.01898 0.999
1500 pop2 0.993699 0.974214
1600 pop1 1.0197 0.999709
1600 pop2 0.994128 0.974636
1700 pop1 1.01996 0.999961
1700 pop2 0.994389 0.974891
1800 pop1 1.01935 0.999361
1800 pop2 0.994669 0.975166
1900 pop1 1.01986 0.999867
1900 pop2 0.994208 0.974714
2000 pop1 1.01964 0.999643
2000 pop2 0.995752 0.976228
2100 pop1 1.01997 0.999975
2100 pop2 0.995157 0.975644
2200 pop1 1.02006 1.00006
2200 pop2 0.996365 0.976829
2300 pop1 1.02011 1.0001
2300 pop2 0.998089 0.978518
2400 pop1 1.0201 1.0001
2400 pop2 0.998915 0.979328
2500 pop1 1.0201 1.0001
2500 pop2 0.999358 0.979762
2600 pop1 1.0201 1.0001
2600 pop2 0.999765 0.980161
2700 pop1 1.0201 1.0001
2700 pop2 0.999888 0.980283
2800 pop1 1.0201 1.0001
2800 pop2 0.999976 0.980369
2900 pop1 1.0201 1.0001
2900 pop2 1.0 0.980392
3000 pop1 1.0201 1.0001
3000 pop2 1.0 0.980392
3100 pop1 1.0201 1.0001
3100 pop2 1.0 0.980392
3200 pop1 1.0201 1.0001
3200 pop2 1.0 0.980392
3300 pop1 1.0201 1.0001
3300 pop2 1.0 0.980392
3400 pop1 1.0201 1.0001
3400 pop2 1.0 0.980392
3500 pop1 1.0201 1.0001
3500 pop2 1.0 0.980392
3600 pop1 1.0201 1.0001
3600 pop2 1.0 0.980392
3700 pop1 1.0201 1.0001
3700 pop2 1.0 0.980392
3800 pop1 1.0201 1.0001
3800 pop2 1.0 0.980392
3900 pop1 1.0201 1.0001
3900 pop2 1.0 0.980392
4000 pop1 1.0201 1.0001
4000 pop2 1.0 0.980392
4100 pop1 1.0201 1.0001
4100 pop2 1.0 0.980392
4200 pop1 1.0201 1.0001
4200 pop2 1.0 0.980392
4300 pop1 1.0201 1.0001
4300 pop2 1.0 0.980392
4400 pop1 1.0201 1.0001
4400 pop2 1.0 0.980392
4500 pop1 1.0201 1.0001
4500 pop2 1.0 0.980392
4600 pop1 1.0201 1.0001
4600 pop2 1.0 0.980392
4700 pop1 1.0201 1.0001
4700 pop2 1.0 0.980392
4800 pop1 1.0201 1.0001
4800 pop2 1.0 0.980392
4900 pop1 1.0201 1.0001
4900 pop2 1.0 0.980392
5000 pop1 1.0201 1.0001
5000 pop2 1.0 0.980392
