1 pop1 1.0 0.909091
1 pop2 1.0 0.909091
100 pop1 1.0386 0.944182
100 pop2 1.03225 0.938406
200 pop1 1.03695 0.942681
200 pop2 1.0328 0.938911
300 pop1 1.02991 0.93628
300 pop2 1.03342 0.939476
400 pop1 1.03657 0.942334
400 pop2 1.03725 0.942952
500 pop1 1.03413 0.940115
500 pop2 1.03311 0.939195
600 pop1 1.03185 0.938045
600 pop2 1.0347 0.940639
700 pop1 1.03495 0.940861
700 pop2 1.03985 0.94532
800 pop1 1.02802 0.934567
800 pop2 1.03527 0.941157
900 pop1 1.02764 0.934218
900 pop2 1.03717 0.942882
1000 pop1 1.03706 0.94278
1000 pop2 1.0371 0.942816
1100 pop1 1.06757 0.970518
1100 pop2 1.04833 0.953031
1200 pop1 1.06521 0.968377
1200 pop2 1.05734 0.961223
1300 pop1 1.06102 0.964565
1300 pop2 1.0643 0.967543
1400 pop1 1.05289 0.957175
1400 pop2 1.06318 0.96653
1500 pop1 1.0591 0.962817
1500 pop2 1.06627 0.969332
1600 pop1 1.0517 0.956095
1600 pop2 1.07193 0.974482
1700 pop1 1.05836 0.962143
1700 pop2 1.06386 0.967146
1800 pop1 1.05759 0.961449
1800 pop2 1.0614 0.964911
1900 pop1 1.0635 0.966819
1900 pop2 1.05964 0.963312
2000 pop1 1.05659 0.960537
2000 pop2 1.0651 0.968276
2100 pop1 1.0626 0.965996
2100 pop2 1.0589 0.962635
2200 pop1 1.06432 0.967568
2200 pop2 1.05678 0.960712
2300 pop1 1.06771 0.970647
2300 pop2 1.05462 0.958741
2400 pop1 1.06626 0.969326
2400 pop2 1.0602 0.963814
2500 pop1 1.06316 0.966507
2500 pop2 1.05932 0.963016
2600 pop1 1.06412 0.967386
2600 pop2 1.05727 0.961152
2700 pop1 1.06683 0.969848
2700 pop2 1.05527 0.959341
2800 pop1 1.0635 0.966814
2800 pop2 1.05887 0.962612
2900 pop1 1.06358 0.966886
2900 pop2 1.06187 0.965339
3000 pop1 1.0612 0.964732
3000 pop2 1.06532 0.968472
3100 pop1 1.05999 0.963623
3100 pop2 1.06278 0.966166
3200 pop1 1.06326 0.966599
3200 pop2 1.06105 0.964594
3300 pop1 1.06707 0.970062
3300 pop2 1.05863 0.962392
3400 pop1 1.06419 0.967443
3400 pop2 1.05667 0.960607
3500 pop1 1.0672 0.970178
3500 pop2 1.05544 0.959493
3600 pop1 1.06734 0.970313
3600 pop2 1.05964 0.963309
3700 pop1 1.06143 0.964934
3700 pop2 1.06459 0.967809
3800 pop1 1.05908 0.962801
3800 pop2 1.05992 0.963564
3900 pop1 1.06304 0.966396
3900 pop2 1.06262 0.966014
4000 pop1 1.0599 0.963546
4000 pop2 1.06339 0.966722
4100 pop1 1.06097 0.964514
4100 pop2 1.06364 0.966945
4200 pop1 1.06498 0.968161
4200 pop2 1.06083 0.964394
4300 pop1 1.0609 0.964451
4300 pop2 1.06154 0.965038
4400 pop1 1.06078 0.964347
4400 pop2 1.06641 0.969464
4500 pop1 1.06405 0.967314
4500 pop2 1.05835 0.962133
4600 pop1 1.06785 0.970776
4600 pop2 1.05531 0.959377
4700 pop1 1.06754 0.970494
4700 pop2 1.0556 0.959635
4800 pop1 1.06555 0.96868
4800 pop2 1.05536 0.959422
4900 pop1 1.06004 0.963677
4900 pop2 1.06388 0.967168
5000 pop1 1.05748 0.961343
5000 pop2 1.06552 0.968653
