1 pop1 1.0 0.909091
1 pop2 1.0 0.909091
100 pop1 1.03517 0.941066
100 pop2 1.0391 0.944637
200 pop1 1.03022 0.936559
200 pop2 1.03657 0.942334
300 pop1 1.02441 0.931278
300 pop2 1.04456 0.949597
400 pop1 1.0349 0.940821
400 pop2 1.03513 0.941025
500 pop1 1.03807 0.943704
500 pop2 1.03193 0.938119
600 pop1 1.03471 0.940646
600 pop2 1.03499 0.940902
700 pop1 1.0328 0.938908
700 pop2 1.03668 0.942433
800 pop1 1.03669 0.942447
800 pop2 1.03074 0.93704
900 pop1 1.03573 0.941571
900 pop2 1.02852 0.935015
1000 pop1 1.03824 0.943857
1000 pop2 1.03189 0.938084
1100 pop1 1.06852 0.971385
1100 pop2 1.04211 0.947374
1200 pop1 1.05921 0.962916
1200 pop2 1.0613 0.964817
1300 pop1 1.05706 0.96096
1300 pop2 1.06678 0.969799
1400 pop1 1.06281 0.966191
1400 pop2 1.05944 0.963129
1500 pop1 1.05904 0.962765
1500 pop2 1.0608 0.964362
1600 pop1 1.06599 0.969078
1600 pop2 1.0579 0.961724
1700 pop1 1.06045 0.96405
1700 pop2 1.06046 0.96405
1800 pop1 1.05986 0.963513
1800 pop2 1.06145 0.964954
1900 pop1 1.0583 0.962091
1900 pop2 1.06388 0.967164
2000 pop1 1.06253 0.965938
2000 pop2 1.06129 0.964811
2100 pop1 1.06126 0.964781
2100 pop2 1.0608 0.964366
2200 pop1 1.0596 0.963275
2200 pop2 1.06546 0.968598
2300 pop1 1.0596 0.963276
2300 pop2 1.06513 0.968296
2400 pop1 1.05887 0.962612
2400 pop2 1.05997 0.963605
2500 pop1 1.06393 0.967205
2500 pop2 1.06325 0.966587
2600 pop1 1.06658 0.969615
2600 pop2 1.05644 0.960404
2700 pop1 1.06515 0.968319
2700 pop2 1.05594 0.959943
2800 pop1 1.06439 0.967626
2800 pop2 1.0572 0.96109
2900 pop1 1.0586 0.962365
2900 pop2 1.06436 0.967597
3000 pop1 1.06509 0.968262
3000 pop2 1.05483 0.958934
3100 pop1 1.06697 0.969977
3100 pop2 1.05411 0.958278
3200 pop1 1.06417 0.96743
3200 pop2 1.05723 0.961119
3300 pop1 1.06198 0.965439
3300 pop2 1.05819 0.961989
3400 pop1 1.06016 0.963778
3400 pop2 1.05958 0.963254
3500 pop1 1.05814 0.961943
3500 pop2 1.06378 0.967073
3600 pop1 1.05761 0.961462
3600 pop2 1.06416 0.967415
3700 pop1 1.05841 0.962191
3700 pop2 1.06191 0.965373
3800 pop1 1.06372 0.967018
3800 pop2 1.05661 0.960556
3900 pop1 1.05733 0.961206
3900 pop2 1.06696 0.96996
4000 pop1 1.06685 0.969868
4000 pop2 1.05644 0.960397
4100 pop1 1.06713 0.97012
4100 pop2 1.05704 0.960944
4200 pop1 1.06056 0.964147
4200 pop2 1.05729 0.961174
4300 pop1 1.05687 0.960792
4300 pop2 1.0633 0.966632
4400 pop1 1.06403 0.967304
4400 pop2 1.05679 0.960719
4500 pop1 1.06146 0.964966
4500 pop2 1.06343 0.966758
4600 pop1 1.06371 0.967013
4600 pop2 1.06039 0.963993
4700 pop1 1.06295 0.966316
4700 pop2 1.05904 0.962766
4800 pop1 1.06598 0.969071
4800 pop2 1.05769 0.961539
4900 pop1 1.05889 0.962623
4900 pop2 1.06581 0.968921
5000 pop1 1.06163 0.965119
5000 pop2 1.06428 0.967526
