1 pop1 1.0 0.833333
1 pop2 1.0 0.833333
100 pop1 1.12296 0.935802
100 pop2 1.12387 0.93656
200 pop1 1.13593 0.946605
200 pop2 1.11572 0.929766
300 pop1 1.12804 0.940031
300 pop2 1.12257 0.935475
400 pop1 1.12285 0.935709
400 pop2 1.1233 0.936087
500 pop1 1.13129 0.942743
500 pop2 1.12467 0.937224
600 pop1 1.11383 0.928192
600 pop2 1.1285 0.940421
700 pop1 1.12301 0.935844
700 pop2 1.13088 0.942396
800 pop1 1.12818 0.940153
800 pop2 1.11789 0.931576
900 pop1 1.13011 0.941756
900 pop2 1.12317 0.935973
1000 pop1 1.12498 0.937483
1000 pop2 1.11358 0.927983
1100 pop1 1.14008 0.950067
1100 pop2 1.13847 0.948725
1200 pop1 1.13507 0.945893
1200 pop2 1.14541 0.954505
1300 pop1 1.13494 0.945782
1300 pop2 1.14684 0.9557
1400 pop1 1.14512 0.954269
1400 pop2 1.14025 0.95021
1500 pop1 1.13856 0.948803
1500 pop2 1.14738 0.956151
1600 pop1 1.13709 0.947578
1600 pop2 1.14177 0.951472
1700 pop1 1.13332 0.944436
1700 pop2 1.13989 0.949907
1800 pop1 1.1449 0.954083
1800 pop2 1.14398 0.953314
1900 pop1 1.13965 0.949712
1900 pop2 1.14443 0.953689
2000 pop1 1.13545 0.946207
2000 pop2 1.14753 0.956272
2100 pop1 1.13782 0.948184
2100 pop2 1.14155 0.951292
2200 pop1 1.14448 0.953734
2200 pop2 1.13414 0.945113
2300 pop1 1.14112 0.950932
2300 pop2 1.14635 0.955291
2400 pop1 1.14293 0.952442
2400 pop2 1.14549 0.954575
2500 pop1 1.13905 0.949209
2500 pop2 1.14673 0.95561
2600 pop1 1.14684 0.955701
2600 pop2 1.13405 0.945041
2700 pop1 1.13752 0.947934
2700 pop2 1.14466 0.953887
2800 pop1 1.13655 0.947125
2800 pop2 1.14236 0.951968
2900 pop1 1.13804 0.948363
2900 pop2 1.13983 0.949856
3000 pop1 1.13874 0.94895
3000 pop2 1.14746 0.956216
3100 pop1 1.1436 0.953003
3100 pop2 1.13836 0.948632
3200 pop1 1.14162 0.951347
3200 pop2 1.13603 0.946693
3300 pop1 1.14039 0.950321
3300 pop2 1.13751 0.947928
3400 pop1 1.14061 0.950505
3400 pop2 1.14265 0.952205
3500 pop1 1.136 0.946668
3500 pop2 1.14182 0.951519
3600 pop1 1.14573 0.954772
3600 pop2 1.13966 0.949716
3700 pop1 1.14253 0.952109
3700 pop2 1.14585 0.954877
3800 pop1 1.14769 0.956406
3800 pop2 1.13982 0.949851
3900 pop1 1.13586 0.946548
3900 pop2 1.14391 0.953257
4000 pop1 1.14439 0.953657
4000 pop2 1.13908 0.949232
4100 pop1 1.14425 0.953538
4100 pop2 1.13761 0.948008
4200 pop1 1.13624 0.946864
4200 pop2 1.14342 0.952851
4300 pop1 1.14179 0.951495
4300 pop2 1.1362 0.94683
4400 pop1 1.13898 0.949149
4400 pop2 1.14763 0.956359
4500 pop1 1.1416 0.951334
4500 pop2 1.1404 0.950337
4600 pop1 1.13673 0.947274
4600 pop2 1.14648 0.955397
4700 pop1 1.14542 0.954513
4700 pop2 1.13849 0.948738
4800 pop1 1.1436 0.953002
4800 pop2 1.1438 0.95317
4900 pop1 1.14738 0.956154
4900 pop2 1.14273 0.952273
5000 pop1 1.13995 0.949959
5000 pop2 1.1431 0.952582
