1 pop1 1.0 0.980392
1 pop2 1.0 0.980392
100 pop1 1.00897 0.989181
100 pop2 1.00644 0.986703
200 pop1 1.00884 0.989062
200 pop2 1.01036 0.990546
300 pop1 1.00851 0.988739
300 pop2 1.00863 0.988849
400 pop1 1.01023 0.99042
400 pop2 1.00787 0.988112
500 pop1 1.00868 0.988907
500 pop2 1.00674 0.987003
600 pop1 1.00797 0.988207
600 pop2 1.00685 0.987104
700 pop1 1.01019 0.990387
700 pop2 1.00794 0.988173
800 pop1 1.00796 0.9882
800 pop2 1.00967 0.989869
900 pop1 1.00975 0.989953
900 pop2 1.0081 0.988332
1000 pop1 1.00752 0.987761
1000 pop2 1.00774 0.98798
1100 pop1 1.01199 0.99215
1100 pop2 0.996713 0.97717
1200 pop1 1.01503 0.99513
1200 pop2 0.997014 0.977464
1300 pop1 1.01599 0.996067
1300 pop2 0.997313 0.977758
1400 pop1 1.01843 0.99846
1400 pop2 0.996687 0.977145
1500 pop1 1.01972 0.999727
1500 pop2 0.997428 0.97787
1600 pop1 1.01965 0.999654
1600 pop2 0.998456 0.978879
1700 pop1 1.01994 0.999937
1700 pop2 0.998899 0.979313
1800 pop1 1.01992 0.999926
1800 pop2 0.999226 0.979633
1900 pop1 1.0201 1.0001
1900 pop2 0.999509 0.979911
2000 pop1 1.0201 1.0001
2000 pop2 0.999473 0.979876
2100 pop1 1.0201 1.0001
2100 pop2 0.999816 0.980212
2200 pop1 1.0201 1.0001
2200 pop2 1.0 0.980392
2300 pop1 1.0201 1.0001
2300 pop2 1.0 0.980392
2400 pop1 1.0201 1.0001
2400 pop2 1.0 0.980392
2500 pop1 1.0201 1.0001
2500 pop2 1.0 0.980392
2600 pop1 1.0201 1.0001
2600 pop2 1.0 0.980392
2700 pop1 1.0201 1.0001
2700 pop2 1.0 0.980392
2800 pop1 1.0201 1.0001
2800 pop2 1.0 0.980392
2900 pop1 1.0201 1.0001
2900 pop2 1.0 0.980392
3000 pop1 1.0201 1.0001
3000 pop2 1.0 0.980392
3100 pop1 1.0201 1.0001
3100 pop2 1.0 0.980392
3200 pop1 1.0201 1.0001
3200 pop2 1.0 0.980392
3300 pop1 1.0201 1.0001
3300 pop2 1.0 0.980392
3400 pop1 1.0201 1.0001
3400 pop2 1.0 0.980392
3500 pop1 1.0201 1.0001
3500 pop2 1.0 0.980392
3600 pop1 1.0201 1.0001
3600 pop2 1.0 0.980392
3700 pop1 1.0201 1.0001
3700 pop2 1.0 0.980392
3800 pop1 1.0201 1.0001
3800 pop2 1.0 0.980392
3900 pop1 1.0201 1.0001
3900 pop2 1.0 0.980392
4000 pop1 1.0201 1.0001
4000 pop2 1.0 0.980392
4100 pop1 1.0201 1.0001
4100 pop2 1.0 0.980392
4200 pop1 1.0201 1.0001
4200 pop2 1.0 0.980392
4300 pop1 1.0201 1.0001
4300 pop2 1.0 0.980392
4400 pop1 1.0201 1.0001
4400 pop2 1.0 0.980392
4500 pop1 1.0201 1.0001
4500 pop2 1.0 0.980392
4600 pop1 1.0201 1.0001
4600 pop2 1.0 0.980392
4700 pop1 1.0201 1.0001
4700 pop2 1.0 0.980392
4800 pop1 1.0201 1.0001
4800 pop2 1.0 0.980392
4900 pop1 1.0201 1.0001
4900 pop2 1.0 0.980392
5000 pop1 1.0201 1.0001
5000 pop2 1.0 0.980392
