1 pop1 1.0 0.980392
1 pop2 1.0 0.980392
100 pop1 1.00278 0.983119
100 pop2 0.999612 0.980012
200 pop1 1.00329 0.983613
200 pop2 0.999053 0.979464
300 pop1 1.00503 0.98532
300 pop2 0.997927 0.97836
400 pop1 1.00396 0.984275
400 pop2 0.999974 0.980367
500 pop1 1.00289 0.983223
500 pop2 1.00029 0.980676
600 pop1 1.00373 0.984046
600 pop2 0.999279 0.979685
700 pop1 1.00494 0.985239
700 pop2 0.99941 0.979814
800 pop1 1.00759 0.987835
800 pop2 0.995977 0.976448
900 pop1 1.01064 0.990819
900 pop2 0.993612 0.97413
1000 pop1 1.01113 0.991307
1000 pop2 0.991501 0.97206
1100 pop1 1.01274 0.992878
1100 pop2 0.994561 0.975059
1200 pop1 1.01483 0.994928
1200 pop2 0.993764 0.974279
1300 pop1 1.0175 0.99755
1300 pop2 0.992407 0.972948
1400 pop1 1.01811 0.998152
1400 pop2 0.992006 0.972555
1500 pop1 1.01863 0.998657
1500 pop2 0.991839 0.972391
1600 pop1 1.01887 0.998894
1600 pop2 0.992164 0.97271
1700 pop1 1.01875 0.998776
1700 pop2 0.992372 0.972914
1800 pop1 1.01985 0.999848
1800 pop2 0.992385 0.972926
1900 pop1 1.02012 1.00011
1900 pop2 0.993197 0.973722
2000 pop1 1.02012 1.00011
2000 pop2 0.994237 0.974742
2100 pop1 1.02011 1.00011
2100 pop2 0.99524 0.975725
2200 pop1 1.02011 1.00011
2200 pop2 0.997008 0.977459
2300 pop1 1.02011 1.0001
2300 pop2 0.997598 0.978037
2400 pop1 1.02011 1.0001
2400 pop2 0.997965 0.978397
2500 pop1 1.0201 1.0001
2500 pop2 0.99911 0.97952
2600 pop1 1.0201 1.0001
2600 pop2 0.998971 0.979383
2700 pop1 1.0201 1.0001
2700 pop2 0.999437 0.979841
2800 pop1 1.0201 1.0001
2800 pop2 0.999904 0.980298
2900 pop1 1.0201 1.0001
2900 pop2 1.0 0.980392
3000 pop1 1.0201 1.0001
3000 pop2 1.0 0.980392
3100 pop1 1.0201 1.0001
3100 pop2 1.0 0.980392
3200 pop1 1.0201 1.0001
3200 pop2 1.0 0.980392
3300 pop1 1.0201 1.0001
3300 pop2 1.0 0.980392
3400 pop1 1.0201 1.0001
3400 pop2 1.0 0.980392
3500 pop1 1.0201 1.0001
3500 pop2 1.0 0.980392
3600 pop1 1.0201 1.0001
3600 pop2 1.0 0.980392
3700 pop1 1.0201 1.0001
3700 pop2 1.0 0.980392
3800 pop1 1.0201 1.0001
3800 pop2 1.0 0.980392
3900 pop1 1.0201 1.0001
3900 pop2 1.0 0.980392
4000 pop1 1.0201 1.0001
4000 pop2 1.0 0.980392
4100 pop1 1.0201 1.0001
4100 pop2 1.0 0.980392
4200 pop1 1.0201 1.0001
4200 pop2 1.0 0.980392
4300 pop1 1.0201 1.0001
4300 pop2 1.0 0.980392
4400 pop1 1.0201 1.0001
4400 pop2 1.0 0.980392
4500 pop1 1.0201 1.0001
4500 pop2 1.0 0.980392
4600 pop1 1.0201 1.0001
4600 pop2 1.0 0.980392
4700 pop1 1.0201 1.0001
4700 pop2 1.0 0.980392
4800 pop1 1.0201 1.0001
4800 pop2 1.0 0.980392
4900 pop1 1.0201 1.0001
4900 pop2 1.0 0.980392
5000 pop1 1.0201 1.0001
5000 pop2 1.0 0.980392
