1 pop1 1.0 0.833333
1 pop2 1.0 0.833333
100 pop1 1.07509 0.895912
100 pop2 1.06895 0.89079
200 pop1 1.06765 0.88971
200 pop2 1.06854 0.890446
300 pop1 1.07264 0.893866
300 pop2 1.06399 0.886659
400 pop1 1.07412 0.8951
400 pop2 1.07221 0.89351
500 pop1 1.07848 0.898735
500 pop2 1.0671 0.889248
600 pop1 1.07675 0.897293
600 pop2 1.06409 0.886743
700 pop1 1.07921 0.899338
700 pop2 1.06868 0.890567
800 pop1 1.07805 0.898378
800 pop2 1.063 0.885832
900 pop1 1.07881 0.899005
900 pop2 1.07588 0.896564
1000 pop1 1.0723 0.893582
1000 pop2 1.06039 0.883659
1100 pop1 1.11897 0.932475
1100 pop2 1.1211 0.934248
1200 pop1 1.1078 0.923167
1200 pop2 1.13174 0.943117
1300 pop1 1.11268 0.927235
1300 pop2 1.13132 0.942766
1400 pop1 1.12338 0.936147
1400 pop2 1.12265 0.935539
1500 pop1 1.12018 0.933485
1500 pop2 1.12554 0.937951
1600 pop1 1.12387 0.936559
1600 pop2 1.11713 0.93094
1700 pop1 1.12261 0.93551
1700 pop2 1.11739 0.931157
1800 pop1 1.13021 0.941846
1800 pop2 1.11392 0.92827
1900 pop1 1.12649 0.938746
1900 pop2 1.11553 0.929607
2000 pop1 1.13335 0.94446
2000 pop2 1.11011 0.925088
2100 pop1 1.12102 0.934182
2100 pop2 1.12227 0.935222
2200 pop1 1.12545 0.937873
2200 pop2 1.1133 0.927749
2300 pop1 1.13138 0.942819
2300 pop2 1.11866 0.932217
2400 pop1 1.11626 0.930221
2400 pop2 1.12411 0.936762
2500 pop1 1.11995 0.933291
2500 pop2 1.12632 0.938604
2600 pop1 1.12507 0.937558
2600 pop2 1.11645 0.930374
2700 pop1 1.13265 0.943872
2700 pop2 1.115 0.929163
2800 pop1 1.11365 0.928045
2800 pop2 1.1275 0.939584
2900 pop1 1.12542 0.937847
2900 pop2 1.11259 0.927156
3000 pop1 1.13036 0.941963
3000 pop2 1.11785 0.931542
3100 pop1 1.11673 0.930609
3100 pop2 1.12673 0.938942
3200 pop1 1.11731 0.931094
3200 pop2 1.12206 0.93505
3300 pop1 1.12437 0.936971
3300 pop2 1.12043 0.933695
3400 pop1 1.12949 0.941245
3400 pop2 1.11299 0.927494
3500 pop1 1.12638 0.938652
3500 pop2 1.11673 0.930606
3600 pop1 1.12603 0.938357
3600 pop2 1.11571 0.929762
3700 pop1 1.1333 0.944419
3700 pop2 1.11281 0.927343
3800 pop1 1.12173 0.934779
3800 pop2 1.12271 0.935592
3900 pop1 1.12075 0.933957
3900 pop2 1.11791 0.931592
4000 pop1 1.12846 0.940382
4000 pop2 1.11101 0.925841
4100 pop1 1.12234 0.935282
4100 pop2 1.11869 0.932243
4200 pop1 1.11928 0.932735
4200 pop2 1.12351 0.93626
4300 pop1 1.12625 0.938543
4300 pop2 1.12209 0.935071
4400 pop1 1.12822 0.940182
4400 pop2 1.11525 0.929372
4500 pop1 1.11858 0.932146
4500 pop2 1.12054 0.933781
4600 pop1 1.12173 0.934779
4600 pop2 1.12467 0.937228
4700 pop1 1.12023 0.933525
4700 pop2 1.12348 0.936231
4800 pop1 1.12284 0.935697
4800 pop2 1.1264 0.938669
4900 pop1 1.12084 0.934031
4900 pop2 1.12508 0.937566
5000 pop1 1.118 0.931663
5000 pop2 1.12649 0.938745
