1 pop1 1.0 0.833333
1 pop2 1.0 0.833333
100 pop1 1.11758 0.931314
100 pop2 1.12329 0.936074
200 pop1 1.12528 0.937734
200 pop2 1.12425 0.936873
300 pop1 1.12014 0.933453
300 pop2 1.12117 0.934311
400 pop1 1.11857 0.932139
400 pop2 1.12479 0.937328
500 pop1 1.12917 0.940974
500 pop2 1.1191 0.932583
600 pop1 1.13099 0.94249
600 pop2 1.12359 0.936325
700 pop1 1.11783 0.931522
700 pop2 1.13541 0.946179
800 pop1 1.12589 0.938244
800 pop2 1.12396 0.93663
900 pop1 1.11496 0.929131
900 pop2 1.12315 0.935961
1000 pop1 1.12291 0.935755
1000 pop2 1.12715 0.939294
1100 pop1 1.13978 0.949814
1100 pop2 1.14372 0.953101
1200 pop1 1.13077 0.94231
1200 pop2 1.15325 0.961045
1300 pop1 1.13442 0.945347
1300 pop2 1.149 0.957501
1400 pop1 1.13322 0.944346
1400 pop2 1.14895 0.957462
1500 pop1 1.13857 0.948811
1500 pop2 1.13991 0.949927
1600 pop1 1.13553 0.946272
1600 pop2 1.14483 0.954023
1700 pop1 1.14671 0.955593
1700 pop2 1.14091 0.950755
1800 pop1 1.14263 0.95219
1800 pop2 1.14257 0.952144
1900 pop1 1.13839 0.94866
1900 pop2 1.15274 0.960616
2000 pop1 1.1435 0.952918
2000 pop2 1.15209 0.960075
2100 pop1 1.1459 0.95492
2100 pop2 1.14526 0.95438
2200 pop1 1.13493 0.945774
2200 pop2 1.15586 0.963216
2300 pop1 1.14545 0.954543
2300 pop2 1.14791 0.956593
2400 pop1 1.1373 0.947747
2400 pop2 1.14587 0.954891
2500 pop1 1.14117 0.950977
2500 pop2 1.14429 0.953577
2600 pop1 1.13628 0.946896
2600 pop2 1.14933 0.957776
2700 pop1 1.14027 0.950224
2700 pop2 1.15278 0.960649
2800 pop1 1.14414 0.953452
2800 pop2 1.14032 0.950268
2900 pop1 1.14661 0.955508
2900 pop2 1.14371 0.953088
3000 pop1 1.14137 0.951138
3000 pop2 1.14052 0.950431
3100 pop1 1.13988 0.949904
3100 pop2 1.13962 0.949685
3200 pop1 1.14433 0.953612
3200 pop2 1.14621 0.955175
3300 pop1 1.13867 0.948893
3300 pop2 1.14632 0.955263
3400 pop1 1.13586 0.946554
3400 pop2 1.14342 0.95285
3500 pop1 1.14746 0.956215
3500 pop2 1.14088 0.950736
3600 pop1 1.14444 0.953701
3600 pop2 1.14168 0.951398
3700 pop1 1.14166 0.951381
3700 pop2 1.14802 0.956682
3800 pop1 1.14548 0.954567
3800 pop2 1.14776 0.956466
3900 pop1 1.14348 0.952897
3900 pop2 1.14184 0.95153
4000 pop1 1.13378 0.944817
4000 pop2 1.14674 0.95562
4100 pop1 1.14797 0.956645
4100 pop2 1.13414 0.945117
4200 pop1 1.13376 0.9448
4200 pop2 1.14949 0.95791
4300 pop1 1.14067 0.950557
4300 pop2 1.14181 0.951506
4400 pop1 1.14435 0.953621
4400 pop2 1.14621 0.955176
4500 pop1 1.14552 0.954597
4500 pop2 1.13589 0.946576
4600 pop1 1.1447 0.953913
4600 pop2 1.13563 0.946362
4700 pop1 1.13727 0.947728
4700 pop2 1.14298 0.952483
4800 pop1 1.14927 0.957729
4800 pop2 1.13449 0.945407
4900 pop1 1.15181 0.959839
4900 pop2 1.14382 0.953184
5000 pop1 1.1445 0.953746
5000 pop2 1.14633 0.955272
