1 pop1 1.0 0.980392
1 pop2 1.0 0.980392
100 pop1 1.00158 0.981939
100 pop2 0.999632 0.980032
200 pop1 1.00184 0.982195
200 pop2 0.99868 0.979098
300 pop1 1.00102 0.981397
300 pop2 1.00002 0.980408
400 pop1 1.0017 0.982057
400 pop2 0.999051 0.979462
500 pop1 1.0018 0.982154
500 pop2 0.998885 0.979299
600 pop1 1.00333 0.983658
600 pop2 0.99726 0.977706
700 pop1 1.00362 0.983938
700 pop2 0.997329 0.977774
800 pop1 1.00295 0.983289
800 pop2 0.998787 0.979203
900 pop1 1.00303 0.983362
900 pop2 0.998442 0.978865
1000 pop1 1.00556 0.985838
1000 pop2 0.995035 0.975525
1100 pop1 1.00772 0.98796
1100 pop2 1.00149 0.981852
1200 pop1 1.00789 0.988129
1200 pop2 1.00355 0.983875
1300 pop1 1.01099 0.991162
1300 pop2 1.00691 0.987166
1400 pop1 1.01139 0.991555
1400 pop2 1.00693 0.987188
1500 pop1 1.01198 0.992139
1500 pop2 1.00739 0.987634
1600 pop1 1.01188 0.992035
1600 pop2 1.00758 0.987823
1700 pop1 1.01294 0.993079
1700 pop2 1.0069 0.987159
1800 pop1 1.01389 0.99401
1800 pop2 1.0059 0.986177
1900 pop1 1.01448 0.994585
1900 pop2 1.00566 0.985945
2000 pop1 1.01502 0.99512
2000 pop2 1.00548 0.985768
2100 pop1 1.01473 0.994837
2100 pop2 1.00565 0.985927
2200 pop1 1.01403 0.994151
2200 pop2 1.00607 0.986345
2300 pop1 1.01399 0.994112
2300 pop2 1.00684 0.987094
2400 pop1 1.01312 0.993256
2400 pop2 1.00797 0.988205
2500 pop1 1.01151 0.991675
2500 pop2 1.00836 0.988583
2600 pop1 1.01151 0.991675
2600 pop2 1.00874 0.988962
2700 pop1 1.01153 0.991699
2700 pop2 1.00864 0.988867
2800 pop1 1.01189 0.992051
2800 pop2 1.00822 0.988454
2900 pop1 1.01168 0.991841
2900 pop2 1.00934 0.989554
3000 pop1 1.01072 0.990899
3000 pop2 1.00939 0.989601
3100 pop1 1.01125 0.991417
3100 pop2 1.00912 0.989329
3200 pop1 1.01119 0.991363
3200 pop2 1.00961 0.989814
3300 pop1 1.01276 0.992899
3300 pop2 1.00711 0.987358
3400 pop1 1.01259 0.992736
3400 pop2 1.00834 0.988572
3500 pop1 1.01226 0.992416
3500 pop2 1.00867 0.988895
3600 pop1 1.01163 0.991798
3600 pop2 1.00844 0.988667
3700 pop1 1.01011 0.990301
3700 pop2 1.01049 0.990673
3800 pop1 1.00997 0.990167
3800 pop2 1.01021 0.990397
3900 pop1 1.00965 0.989854
3900 pop2 1.01077 0.990953
4000 pop1 1.00997 0.990163
4000 pop2 1.01027 0.990464
4100 pop1 1.00898 0.989197
4100 pop2 1.01146 0.991632
4200 pop1 1.00661 0.98687
4200 pop2 1.01348 0.993608
4300 pop1 1.00653 0.986795
4300 pop2 1.01401 0.99413
4400 pop1 1.00743 0.987677
4400 pop2 1.01263 0.992775
4500 pop1 1.00703 0.987281
4500 pop2 1.0141 0.994215
4600 pop1 1.00526 0.985547
4600 pop2 1.01509 0.995186
4700 pop1 1.0036 0.983919
4700 pop2 1.01664 0.99671
4800 pop1 1.00374 0.984057
4800 pop2 1.01632 0.996394
4900 pop1 1.00452 0.98482
4900 pop2 1.01572 0.995805
5000 pop1 1.00428 0.984591
5000 pop2 1.01641 0.996485
