1 pop1 1.0 0.833333
1 pop2 1.0 0.833333
100 pop1 1.07623 0.896855
100 pop2 1.07257 0.893806
200 pop1 1.06883 0.890696
200 pop2 1.06821 0.890176
300 pop1 1.06545 0.887875
300 pop2 1.07123 0.892694
400 pop1 1.06808 0.890064
400 pop2 1.0717 0.893084
500 pop1 1.06707 0.889221
500 pop2 1.06498 0.887485
600 pop1 1.07547 0.896222
600 pop2 1.08281 0.902346
700 pop1 1.06707 0.889229
700 pop2 1.07394 0.89495
800 pop1 1.06955 0.891289
800 pop2 1.06354 0.886284
900 pop1 1.07229 0.893578
900 pop2 1.076 0.896663
1000 pop1 1.07177 0.893138
1000 pop2 1.07077 0.892308
1100 pop1 1.10276 0.918963
1100 pop2 1.12669 0.938906
1200 pop1 1.11671 0.930594
1200 pop2 1.12378 0.936487
1300 pop1 1.11842 0.932016
1300 pop2 1.12459 0.93716
1400 pop1 1.1199 0.933248
1400 pop2 1.12804 0.940031
1500 pop1 1.11622 0.930186
1500 pop2 1.12468 0.937235
1600 pop1 1.13189 0.943245
1600 pop2 1.11363 0.928028
1700 pop1 1.13473 0.945612
1700 pop2 1.11284 0.927368
1800 pop1 1.12479 0.937323
1800 pop2 1.12462 0.937184
1900 pop1 1.12664 0.93887
1900 pop2 1.11413 0.928442
2000 pop1 1.14237 0.951973
2000 pop2 1.10589 0.921579
2100 pop1 1.13476 0.945631
2100 pop2 1.11004 0.925032
2200 pop1 1.12057 0.933807
2200 pop2 1.12216 0.935133
2300 pop1 1.11716 0.930965
2300 pop2 1.13091 0.942422
2400 pop1 1.1251 0.937581
2400 pop2 1.11897 0.932479
2500 pop1 1.1267 0.938918
2500 pop2 1.11663 0.930526
2600 pop1 1.1274 0.939502
2600 pop2 1.11301 0.927507
2700 pop1 1.13863 0.948855
2700 pop2 1.10428 0.920233
2800 pop1 1.12769 0.939743
2800 pop2 1.11559 0.929657
2900 pop1 1.12519 0.937661
2900 pop2 1.11903 0.932528
3000 pop1 1.12723 0.939357
3000 pop2 1.11431 0.928595
3100 pop1 1.12412 0.93677
3100 pop2 1.12335 0.936123
3200 pop1 1.12854 0.940448
3200 pop2 1.11325 0.927712
3300 pop1 1.12049 0.933741
3300 pop2 1.12478 0.937317
3400 pop1 1.12741 0.939505
3400 pop2 1.11832 0.931937
3500 pop1 1.13009 0.941742
3500 pop2 1.10659 0.922159
3600 pop1 1.13789 0.948244
3600 pop2 1.1129 0.927414
3700 pop1 1.12628 0.938564
3700 pop2 1.11907 0.932556
3800 pop1 1.13371 0.944762
3800 pop2 1.10943 0.924529
3900 pop1 1.12817 0.94014
3900 pop2 1.10934 0.924449
4000 pop1 1.13716 0.94763
4000 pop2 1.10821 0.923508
4100 pop1 1.12605 0.938379
4100 pop2 1.11861 0.932177
4200 pop1 1.12496 0.937468
4200 pop2 1.11995 0.93329
4300 pop1 1.12152 0.934598
4300 pop2 1.12294 0.935787
4400 pop1 1.12564 0.938031
4400 pop2 1.11655 0.930455
4500 pop1 1.12344 0.936201
4500 pop2 1.11582 0.929849
4600 pop1 1.12146 0.934546
4600 pop2 1.12198 0.934981
4700 pop1 1.12636 0.938635
4700 pop2 1.11455 0.928791
4800 pop1 1.12377 0.936477
4800 pop2 1.1186 0.932171
4900 pop1 1.10987 0.924888
4900 pop2 1.12862 0.940513
5000 pop1 1.12106 0.93422
5000 pop2 1.12334 0.936117
