1 pop1 1.0 0.980392
1 pop2 1.0 0.980392
100 pop1 1.00208 0.982428
100 pop2 1.00178 0.982137
200 pop1 1.00081 0.981186
200 pop2 1.00174 0.982095
300 pop1 0.996456 0.976918
300 pop2 1.00459 0.984894
400 pop1 0.998374 0.978798
400 pop2 1.00452 0.984824
500 pop1 1.00051 0.98089
500 pop2 1.0009 0.981274
600 pop1 0.999476 0.979879
600 pop2 1.00269 0.983034
700 pop1 0.998399 0.978823
700 pop2 1.00336 0.983689
800 pop1 0.99874 0.979157
800 pop2 1.00268 0.983018
900 pop1 0.99723 0.977676
900 pop2 1.00345 0.983772
1000 pop1 0.99499 0.97548
1000 pop2 1.00616 0.986427
1100 pop1 1.00003 0.98042
1100 pop2 1.00298 0.98331
1200 pop1 1.00271 0.983046
1200 pop2 1.00602 0.98629
1300 pop1 1.00709 0.987346
1300 pop2 1.00935 0.989562
1400 pop1 1.00709 0.987343
1400 pop2 1.00989 0.990092
1500 pop1 1.00693 0.987184
1500 pop2 1.01193 0.992088
1600 pop1 1.00722 0.987474
1600 pop2 1.01266 0.992808
1700 pop1 1.00659 0.986852
1700 pop2 1.01326 0.993395
1800 pop1 1.00621 0.986476
1800 pop2 1.01437 0.994483
1900 pop1 1.00665 0.986908
1900 pop2 1.01416 0.994271
2000 pop1 1.00534 0.985632
2000 pop2 1.01446 0.994566
2100 pop1 1.00699 0.987241
2100 pop2 1.01359 0.993718
2200 pop1 1.00869 0.988908
2200 pop2 1.01237 0.992524
2300 pop1 1.00867 0.988896
2300 pop2 1.01202 0.992176
2400 pop1 1.0093 0.98951
2400 pop2 1.01171 0.991876
2500 pop1 1.0093 0.989514
2500 pop2 1.01136 0.991534
2600 pop1 1.00842 0.988647
2600 pop2 1.01256 0.992705
2700 pop1 1.00914 0.989356
2700 pop2 1.01137 0.991538
2800 pop1 1.00908 0.989296
2800 pop2 1.01202 0.99218
2900 pop1 1.00769 0.987931
2900 pop2 1.01252 0.992662
3000 pop1 1.0088 0.989019
3000 pop2 1.01241 0.992563
3100 pop1 1.00738 0.987631
3100 pop2 1.01328 0.993408
3200 pop1 1.01047 0.990654
3200 pop2 1.01049 0.990674
3300 pop1 1.01067 0.990856
3300 pop2 1.01028 0.990468
3400 pop1 1.01025 0.990444
3400 pop2 1.01101 0.991182
3500 pop1 1.01094 0.991117
3500 pop2 1.00924 0.989447
3600 pop1 1.01207 0.992222
3600 pop2 1.00783 0.988071
3700 pop1 1.01219 0.992341
3700 pop2 1.00803 0.988269
3800 pop1 1.01215 0.992301
3800 pop2 1.00866 0.988884
3900 pop1 1.01197 0.992131
3900 pop2 1.00971 0.989908
4000 pop1 1.01253 0.992673
4000 pop2 1.00914 0.989353
4100 pop1 1.01178 0.991945
4100 pop2 1.00934 0.989546
4200 pop1 1.01124 0.99141
4200 pop2 1.0099 0.990094
4300 pop1 1.01153 0.991699
4300 pop2 1.00923 0.989439
4400 pop1 1.01119 0.991363
4400 pop2 1.0094 0.989609
4500 pop1 1.01137 0.991536
4500 pop2 1.00969 0.989888
4600 pop1 1.0111 0.991279
4600 pop2 1.00979 0.989992
4700 pop1 1.01144 0.991613
4700 pop2 1.00893 0.989148
4800 pop1 1.01105 0.991227
4800 pop2 1.00991 0.99011
4900 pop1 1.01211 0.992261
4900 pop2 1.00898 0.989195
5000 pop1 1.01266 0.992804
5000 pop2 1.00833 0.988556
