1 pop1 1.0 0.980392
1 pop2 1.0 0.980392
100 pop1 1.00745 0.987695
100 pop2 1.00545 0.985733
200 pop1 1.01099 0.991165
200 pop2 1.00563 0.985912
300 pop1 1.01034 0.990526
300 pop2 1.00768 0.987923
400 pop1 1.00767 0.987914
400 pop2 1.00693 0.987184
500 pop1 1.01069 0.990877
500 pop2 1.00623 0.986499
600 pop1 1.00505 0.985342
600 pop2 1.00931 0.989515
700 pop1 1.00659 0.986853
700 pop2 1.00754 0.98778
800 pop1 1.00851 0.988734
800 pop2 1.00611 0.98638
900 pop1 1.00785 0.988087
900 pop2 1.00382 0.98414
1000 pop1 1.00764 0.987886
1000 pop2 1.00641 0.986673
1100 pop1 1.00937 0.989581
1100 pop2 0.995688 0.976164
1200 pop1 1.01433 0.994438
1200 pop2 0.995621 0.976099
1300 pop1 1.01715 0.997201
1300 pop2 0.994874 0.975367
1400 pop1 1.01731 0.997366
1400 pop2 0.994317 0.97482
1500 pop1 1.01762 0.997664
1500 pop2 0.99561 0.976088
1600 pop1 1.01919 0.999203
1600 pop2 0.994649 0.975146
1700 pop1 1.01983 0.999835
1700 pop2 0.994746 0.975242
1800 pop1 1.02009 1.00009
1800 pop2 0.995316 0.9758
1900 pop1 1.01997 0.999974
1900 pop2 0.995783 0.976258
2000 pop1 1.02011 1.00011
2000 pop2 0.996114 0.976583
2100 pop1 1.02011 1.00011
2100 pop2 0.99763 0.978069
2200 pop1 1.02011 1.00011
2200 pop2 0.997626 0.978065
2300 pop1 1.0201 1.0001
2300 pop2 0.998767 0.979183
2400 pop1 1.0201 1.0001
2400 pop2 0.999158 0.979567
2500 pop1 1.0201 1.0001
2500 pop2 0.999645 0.980044
2600 pop1 1.0201 1.0001
2600 pop2 0.999701 0.980099
2700 pop1 1.0201 1.0001
2700 pop2 0.999968 0.980361
2800 pop1 1.0201 1.0001
2800 pop2 0.999908 0.980302
2900 pop1 1.0201 1.0001
2900 pop2 0.99992 0.980314
3000 pop1 1.0201 1.0001
3000 pop2 1.0 0.980392
3100 pop1 1.0201 1.0001
3100 pop2 1.0 0.980392
3200 pop1 1.0201 1.0001
3200 pop2 1.0 0.980392
3300 pop1 1.0201 1.0001
3300 pop2 1.0 0.980392
3400 pop1 1.0201 1.0001
3400 pop2 1.0 0.980392
3500 pop1 1.0201 1.0001
3500 pop2 1.0 0.980392
3600 pop1 1.0201 1.0001
3600 pop2 1.0 0.980392
3700 pop1 1.0201 1.0001
3700 pop2 1.0 0.980392
3800 pop1 1.0201 1.0001
3800 pop2 1.0 0.980392
3900 pop1 1.0201 1.0001
3900 pop2 1.0 0.980392
4000 pop1 1.0201 1.0001
4000 pop2 1.0 0.980392
4100 pop1 1.0201 1.0001
4100 pop2 1.0 0.980392
4200 pop1 1.0201 1.0001
4200 pop2 1.0 0.980392
4300 pop1 1.0201 1.0001
4300 pop2 1.0 0.980392
4400 pop1 1.0201 1.0001
4400 pop2 1.0 0.980392
4500 pop1 1.0201 1.0001
4500 pop2 1.0 0.980392
4600 pop1 1.0201 1.0001
4600 pop2 1.0 0.980392
4700 pop1 1.0201 1.0001
4700 pop2 1.0 0.980392
4800 pop1 1.0201 1.0001
4800 pop2 1.0 0.980392
4900 pop1 1.0201 1.0001
4900 pop2 1.0 0.980392
5000 pop1 1.0201 1.0001
5000 pop2 1.0 0.980392
