1 pop1 1.0 0.833333
1 pop2 1.0 0.833333
100 pop1 1.12919 0.940993
100 pop2 1.11882 0.932349
200 pop1 1.12703 0.939195
200 pop2 1.11797 0.931642
300 pop1 1.12366 0.936384
300 pop2 1.11354 0.927952
400 pop1 1.12539 0.937825
400 pop2 1.11595 0.929956
500 pop1 1.1243 0.936914
500 pop2 1.127 0.939167
600 pop1 1.11436 0.928636
600 pop2 1.1269 0.939081
700 pop1 1.11867 0.932228
700 pop2 1.11393 0.928271
800 pop1 1.12473 0.937277
800 pop2 1.11721 0.931008
900 pop1 1.12795 0.939957
900 pop2 1.12606 0.938385
1000 pop1 1.12595 0.938294
1000 pop2 1.12651 0.938755
1100 pop1 1.13815 0.948457
1100 pop2 1.13795 0.948292
1200 pop1 1.14074 0.95062
1200 pop2 1.14671 0.955589
1300 pop1 1.13967 0.949725
1300 pop2 1.14105 0.950874
1400 pop1 1.13009 0.94174
1400 pop2 1.15248 0.960401
1500 pop1 1.13137 0.942811
1500 pop2 1.15253 0.960444
1600 pop1 1.14967 0.958061
1600 pop2 1.13592 0.946603
1700 pop1 1.1405 0.950414
1700 pop2 1.14625 0.955211
1800 pop1 1.14464 0.953864
1800 pop2 1.14437 0.953643
1900 pop1 1.14513 0.954274
1900 pop2 1.14114 0.950949
2000 pop1 1.15012 0.958431
2000 pop2 1.13455 0.945458
2100 pop1 1.14917 0.957644
2100 pop2 1.13835 0.948625
2200 pop1 1.14183 0.951521
2200 pop2 1.13638 0.946982
2300 pop1 1.14432 0.953601
2300 pop2 1.13793 0.948272
2400 pop1 1.14125 0.951044
2400 pop2 1.14385 0.953212
2500 pop1 1.14306 0.952547
2500 pop2 1.13875 0.948959
2600 pop1 1.13992 0.949933
2600 pop2 1.14098 0.950817
2700 pop1 1.13971 0.949761
2700 pop2 1.13911 0.94926
2800 pop1 1.13988 0.949898
2800 pop2 1.14476 0.953969
2900 pop1 1.14445 0.953705
2900 pop2 1.14129 0.951077
3000 pop1 1.1491 0.957586
3000 pop2 1.14222 0.951847
3100 pop1 1.1423 0.951919
3100 pop2 1.14191 0.951593
3200 pop1 1.13637 0.946976
3200 pop2 1.14093 0.950775
3300 pop1 1.14158 0.951314
3300 pop2 1.13448 0.9454
3400 pop1 1.1446 0.95383
3400 pop2 1.13943 0.949526
3500 pop1 1.14315 0.952628
3500 pop2 1.14738 0.956149
3600 pop1 1.14954 0.957953
3600 pop2 1.13552 0.946267
3700 pop1 1.14165 0.951379
3700 pop2 1.14477 0.953976
3800 pop1 1.14842 0.957018
3800 pop2 1.13943 0.949526
3900 pop1 1.14031 0.950257
3900 pop2 1.14943 0.957858
4000 pop1 1.14105 0.950872
4000 pop2 1.13691 0.947429
4100 pop1 1.15207 0.96006
4100 pop2 1.14052 0.950432
4200 pop1 1.14615 0.955125
4200 pop2 1.142 0.951666
4300 pop1 1.14553 0.954605
4300 pop2 1.14756 0.956304
4400 pop1 1.13609 0.946745
4400 pop2 1.14662 0.955513
4500 pop1 1.14619 0.95516
4500 pop2 1.14052 0.950432
4600 pop1 1.13474 0.945614
4600 pop2 1.14715 0.955955
4700 pop1 1.13677 0.947304
4700 pop2 1.14021 0.950177
4800 pop1 1.13933 0.949438
4800 pop2 1.1431 0.952583
4900 pop1 1.13311 0.944259
4900 pop2 1.14659 0.955492
5000 pop1 1.14088 0.950731
5000 pop2 1.14851 0.957092
