1 pop1 1.0 0.980392
1 pop2 1.0 0.980392
100 pop1 1.00541 0.985698
100 pop2 1.00788 0.988113
200 pop1 1.00928 0.989494
200 pop2 1.00677 0.987026
300 pop1 1.01098 0.991156
300 pop2 1.00559 0.985875
400 pop1 1.00942 0.989629
400 pop2 1.00678 0.987038
500 pop1 1.00936 0.989573
500 pop2 1.00742 0.987665
600 pop1 1.0078 0.988041
600 pop2 1.0077 0.98794
700 pop1 1.0093 0.989506
700 pop2 1.00677 0.987034
800 pop1 1.00883 0.989051
800 pop2 1.00713 0.987383
900 pop1 1.0076 0.987842
900 pop2 1.00709 0.987339
1000 pop1 1.00767 0.987908
1000 pop2 1.00768 0.987925
1100 pop1 1.0145 0.994606
1100 pop2 0.9962 0.976667
1200 pop1 1.01583 0.995908
1200 pop2 0.994538 0.975037
1300 pop1 1.01746 0.997505
1300 pop2 0.993825 0.974338
1400 pop1 1.0181 0.998136
1400 pop2 0.993168 0.973694
1500 pop1 1.0183 0.998335
1500 pop2 0.99338 0.973902
1600 pop1 1.01882 0.998841
1600 pop2 0.992704 0.973239
1700 pop1 1.01809 0.998129
1700 pop2 0.9927 0.973235
1800 pop1 1.01832 0.998358
1800 pop2 0.993177 0.973703
1900 pop1 1.01809 0.998128
1900 pop2 0.993682 0.974198
2000 pop1 1.01721 0.997265
2000 pop2 0.992985 0.973515
2100 pop1 1.01828 0.99831
2100 pop2 0.993244 0.973769
2200 pop1 1.01798 0.998018
2200 pop2 0.992492 0.973032
2300 pop1 1.01806 0.998096
2300 pop2 0.99304 0.973569
2400 pop1 1.01863 0.998656
2400 pop2 0.99404 0.974549
2500 pop1 1.0171 0.99716
2500 pop2 0.995557 0.976036
2600 pop1 1.01863 0.998659
2600 pop2 0.995549 0.976028
2700 pop1 1.0187 0.998729
2700 pop2 0.995503 0.975983
2800 pop1 1.0193 0.999309
2800 pop2 0.996486 0.976948
2900 pop1 1.01891 0.998936
2900 pop2 0.997814 0.978249
3000 pop1 1.01905 0.999068
3000 pop2 0.998061 0.978491
3100 pop1 1.01989 0.999896
3100 pop2 0.998452 0.978874
3200 pop1 1.02007 1.00007
3200 pop2 0.998735 0.979152
3300 pop1 1.02005 1.00005
3300 pop2 0.999118 0.979528
3400 pop1 1.0201 1.0001
3400 pop2 0.999194 0.979602
3500 pop1 1.0201 1.0001
3500 pop2 0.999098 0.979508
3600 pop1 1.0201 1.0001
3600 pop2 0.999142 0.979551
3700 pop1 1.0201 1.0001
3700 pop2 0.999505 0.979907
3800 pop1 1.0201 1.0001
3800 pop2 0.999581 0.979981
3900 pop1 1.0201 1.0001
3900 pop2 0.999769 0.980165
4000 pop1 1.0201 1.0001
4000 pop2 0.999796 0.980193
4100 pop1 1.0201 1.0001
4100 pop2 0.999968 0.980361
4200 pop1 1.0201 1.0001
4200 pop2 0.99998 0.980373
4300 pop1 1.0201 1.0001
4300 pop2 0.999956 0.980349
4400 pop1 1.0201 1.0001
4400 pop2 0.999988 0.98038
4500 pop1 1.0201 1.0001
4500 pop2 0.999812 0.980208
4600 pop1 1.0201 1.0001
4600 pop2 0.999836 0.980232
4700 pop1 1.0201 1.0001
4700 pop2 1.0 0.980392
4800 pop1 1.0201 1.0001
4800 pop2 1.0 0.980392
4900 pop1 1.0201 1.0001
4900 pop2 1.0 0.980392
5000 pop1 1.0201 1.0001
5000 pop2 1.0 0.980392
