1 pop1 1.0 0.980392
1 pop2 1.0 0.980392
100 pop1 1.00112 0.981486
100 pop2 1.00262 0.982963
200 pop1 0.999672 0.980071
200 pop2 1.00184 0.982199
300 pop1 0.999947 0.98034
300 pop2 1.00364 0.983959
400 pop1 0.999044 0.979455
400 pop2 1.00356 0.98388
500 pop1 0.997179 0.977627
500 pop2 1.00581 0.986087
600 pop1 0.997734 0.978171
600 pop2 1.00318 0.983506
700 pop1 0.99838 0.978804
700 pop2 1.00312 0.983447
800 pop1 0.998007 0.978438
800 pop2 1.00261 0.982949
900 pop1 0.999656 0.980055
900 pop2 1.00267 0.983007
1000 pop1 1.00102 0.981396
1000 pop2 1.00023 0.980614
1100 pop1 1.00525 0.985536
1100 pop2 1.00911 0.989328
1200 pop1 1.00543 0.985717
1200 pop2 1.01098 0.991154
1300 pop1 1.00639 0.986661
1300 pop2 1.01173 0.991888
1400 pop1 1.00673 0.986991
1400 pop2 1.01223 0.992381
1500 pop1 1.00609 0.986366
1500 pop2 1.01199 0.992149
1600 pop1 1.00534 0.985632
1600 pop2 1.01398 0.994096
1700 pop1 1.0064 0.986663
1700 pop2 1.01328 0.993414
1800 pop1 1.00655 0.986813
1800 pop2 1.01327 0.993405
1900 pop1 1.00691 0.987166
1900 pop2 1.01244 0.992585
2000 pop1 1.00602 0.986299
2000 pop2 1.01342 0.993549
2100 pop1 1.00604 0.98631
2100 pop2 1.01438 0.994487
2200 pop1 1.00518 0.985468
2200 pop2 1.01455 0.99466
2300 pop1 1.0041 0.984412
2300 pop2 1.01663 0.996698
2400 pop1 1.00346 0.983783
2400 pop2 1.01665 0.996714
2500 pop1 1.0039 0.984214
2500 pop2 1.01582 0.995906
2600 pop1 1.00425 0.984559
2600 pop2 1.01617 0.996247
2700 pop1 1.00366 0.983978
2700 pop2 1.01707 0.997123
2800 pop1 1.00277 0.983111
2800 pop2 1.01709 0.99715
2900 pop1 1.00335 0.983678
2900 pop2 1.01672 0.996787
3000 pop1 1.00398 0.984296
3000 pop2 1.01653 0.996599
3100 pop1 1.00394 0.984253
3100 pop2 1.01686 0.996921
3200 pop1 1.00382 0.98414
3200 pop2 1.01686 0.996918
3300 pop1 1.00392 0.984235
3300 pop2 1.01642 0.996492
3400 pop1 1.00245 0.982796
3400 pop2 1.01735 0.997401
3500 pop1 1.00225 0.9826
3500 pop2 1.01809 0.99813
3600 pop1 1.00291 0.98325
3600 pop2 1.01766 0.997702
3700 pop1 1.00245 0.982794
3700 pop2 1.01829 0.998325
3800 pop1 1.00242 0.982764
3800 pop2 1.01798 0.998024
3900 pop1 1.00112 0.981489
3900 pop2 1.01933 0.999341
4000 pop1 1.00086 0.981231
4000 pop2 1.01918 0.999199
4100 pop1 1.00152 0.981883
4100 pop2 1.01913 0.999145
4200 pop1 1.00082 0.981198
4200 pop2 1.0192 0.999217
4300 pop1 1.00112 0.98149
4300 pop2 1.01902 0.999037
4400 pop1 1.00112 0.981493
4400 pop2 1.01933 0.999344
4500 pop1 1.00115 0.981523
4500 pop2 1.01926 0.999279
4600 pop1 1.0006 0.980976
4600 pop2 1.01908 0.9991
4700 pop1 1.00063 0.981013
4700 pop2 1.01975 0.999757
4800 pop1 1.00029 0.980677
4800 pop2 1.01986 0.999866
4900 pop1 1.00044 0.980827
4900 pop2 1.01961 0.999621
5000 pop1 1.00164 0.981999
5000 pop2 1.01921 0.999225
