1 pop1 1.0 0.909091
1 pop2 1.0 0.909091
100 pop1 1.03974 0.945221
100 pop2 1.03646 0.942236
200 pop1 1.03719 0.942898
200 pop2 1.04449 0.949536
300 pop1 1.03654 0.942309
300 pop2 1.03996 0.945418
400 pop1 1.04025 0.945682
400 pop2 1.03656 0.94233
500 pop1 1.03795 0.943589
500 pop2 1.04239 0.947624
600 pop1 1.04326 0.948415
600 pop2 1.03782 0.943471
700 pop1 1.03853 0.944115
700 pop2 1.03819 0.943809
800 pop1 1.04416 0.949233
800 pop2 1.03968 0.945163
900 pop1 1.04044 0.945851
900 pop2 1.0408 0.946184
1000 pop1 1.04132 0.946659
1000 pop2 1.03422 0.9402
1100 pop1 1.09778 0.997978
1100 pop2 0.990225 0.900204
1200 pop1 1.10237 1.00216
1200 pop2 0.995339 0.904854
1300 pop1 1.1025 1.00228
1300 pop2 0.999546 0.908678
1400 pop1 1.10251 1.00228
1400 pop2 0.999506 0.908642
1500 pop1 1.10251 1.00228
1500 pop2 0.999921 0.909019
1600 pop1 1.1025 1.00227
1600 pop2 1.0 0.909091
1700 pop1 1.1025 1.00227
1700 pop2 1.0 0.909091
1800 pop1 1.1025 1.00227
1800 pop2 1.0 0.909091
1900 pop1 1.1025 1.00227
1900 pop2 1.0 0.909091
2000 pop1 1.1025 1.00227
2000 pop2 1.0 0.909091
2100 pop1 1.1025 1.00227
2100 pop2 1.0 0.909091
2200 pop1 1.1025 1.00227
2200 pop2 1.0 0.909091
2300 pop1 1.1025 1.00227
2300 pop2 1.0 0.909091
2400 pop1 1.1025 1.00227
2400 pop2 1.0 0.909091
2500 pop1 1.1025 1.00227
2500 pop2 1.0 0.909091
2600 pop1 1.1025 1.00227
2600 pop2 1.0 0.909091
2700 pop1 1.1025 1.00227
2700 pop2 1.0 0.909091
2800 pop1 1.1025 1.00227
2800 pop2 1.0 0.909091
2900 pop1 1.1025 1.00227
2900 pop2 1.0 0.909091
3000 pop1 1.1025 1.00227
3000 pop2 1.0 0.909091
3100 pop1 1.1025 1.00227
3100 pop2 1.0 0.909091
3200 pop1 1.1025 1.00227
3200 pop2 1.0 0.909091
3300 pop1 1.1025 1.00227
3300 pop2 1.0 0.909091
3400 pop1 1.1025 1.00227
3400 pop2 1.0 0.909091
3500 pop1 1.1025 1.00227
3500 pop2 1.0 0.909091
3600 pop1 1.1025 1.00227
3600 pop2 1.0 0.909091
3700 pop1 1.1025 1.00227
3700 pop2 1.0 0.909091
3800 pop1 1.1025 1.00227
3800 pop2 1.0 0.909091
3900 pop1 1.1025 1.00227
3900 pop2 1.0 0.909091
4000 pop1 1.1025 1.00227
4000 pop2 1.0 0.909091
4100 pop1 1.1025 1.00227
4100 pop2 1.0 0.909091
4200 pop1 1.1025 1.00227
4200 pop2 1.0 0.909091
4300 pop1 1.1025 1.00227
4300 pop2 1.0 0.909091
4400 pop1 1.1025 1.00227
4400 pop2 1.0 0.909091
4500 pop1 1.1025 1.00227
4500 pop2 1.0 0.909091
4600 pop1 1.1025 1.00227
4600 pop2 1.0 0.909091
4700 pop1 1.1025 1.00227
4700 pop2 1.0 0.909091
4800 pop1 1.1025 1.00227
4800 pop2 1.0 0.909091
4900 pop1 1.1025 1.00227
4900 pop2 1.0 0.909091
5000 pop1 1.1025 1.00227
5000 pop2 1.0 0.909091
