1 pop1 1.0 0.909091
1 pop2 1.0 0.909091
100 pop1 1.01346 0.921325
100 pop2 1.01728 0.924803
200 pop1 1.0092 0.917451
200 pop2 1.02193 0.929029
300 pop1 1.00624 0.91476
300 pop2 1.02003 0.927304
400 pop1 1.02187 0.928976
400 pop2 1.01379 0.921631
500 pop1 1.01464 0.922401
500 pop2 1.01561 0.923284
600 pop1 1.01321 0.921102
600 pop2 1.01803 0.925484
700 pop1 1.012 0.919998
700 pop2 1.01247 0.920426
800 pop1 1.01162 0.919652
800 pop2 1.01683 0.924389
900 pop1 1.0075 0.915912
900 pop2 1.01839 0.925813
1000 pop1 1.01106 0.919147
1000 pop2 1.0164 0.923997
1100 pop1 1.05765 0.961496
1100 pop2 1.04302 0.948204
1200 pop1 1.05448 0.958621
1200 pop2 1.052 0.956359
1300 pop1 1.05215 0.956498
1300 pop2 1.05904 0.962766
1400 pop1 1.04853 0.95321
1400 pop2 1.06261 0.966009
1500 pop1 1.0561 0.96009
1500 pop2 1.05685 0.960769
1600 pop1 1.05429 0.958443
1600 pop2 1.05604 0.960041
1700 pop1 1.05663 0.960576
1700 pop2 1.05431 0.95846
1800 pop1 1.05842 0.962198
1800 pop2 1.05384 0.958035
1900 pop1 1.05057 0.955067
1900 pop2 1.05825 0.962048
2000 pop1 1.05183 0.956207
2000 pop2 1.05776 0.961601
2100 pop1 1.05434 0.95849
2100 pop2 1.05661 0.960559
2200 pop1 1.05071 0.95519
2200 pop2 1.06243 0.965842
2300 pop1 1.05441 0.958552
2300 pop2 1.05842 0.962204
2400 pop1 1.05758 0.961435
2400 pop2 1.05594 0.959942
2500 pop1 1.06065 0.964228
2500 pop2 1.04769 0.952447
2600 pop1 1.05765 0.961501
2600 pop2 1.05465 0.958776
2700 pop1 1.06166 0.965143
2700 pop2 1.05076 0.955233
2800 pop1 1.05799 0.961811
2800 pop2 1.05214 0.95649
2900 pop1 1.06661 0.969644
2900 pop2 1.04244 0.947672
3000 pop1 1.0548 0.958906
3000 pop2 1.05272 0.95702
3100 pop1 1.05989 0.963539
3100 pop2 1.05341 0.957649
3200 pop1 1.05462 0.958742
3200 pop2 1.05402 0.958198
3300 pop1 1.05874 0.96249
3300 pop2 1.05231 0.956649
3400 pop1 1.05383 0.958029
3400 pop2 1.05487 0.958975
3500 pop1 1.0608 0.964364
3500 pop2 1.04514 0.950125
3600 pop1 1.06432 0.967564
3600 pop2 1.04592 0.95084
3700 pop1 1.06455 0.967776
3700 pop2 1.04614 0.951039
3800 pop1 1.05469 0.958812
3800 pop2 1.05547 0.959521
3900 pop1 1.05551 0.959559
3900 pop2 1.05401 0.95819
4000 pop1 1.05541 0.959464
4000 pop2 1.05393 0.958117
4100 pop1 1.05569 0.959723
4100 pop2 1.05521 0.959284
4200 pop1 1.05521 0.959278
4200 pop2 1.0553 0.959367
4300 pop1 1.05175 0.956136
4300 pop2 1.06026 0.963869
4400 pop1 1.05181 0.956193
4400 pop2 1.0589 0.962634
4500 pop1 1.05667 0.960606
4500 pop2 1.05775 0.961591
4600 pop1 1.04796 0.952688
4600 pop2 1.06322 0.966561
4700 pop1 1.04488 0.949889
4700 pop2 1.06352 0.966832
4800 pop1 1.06011 0.963738
4800 pop2 1.05141 0.955828
4900 pop1 1.05588 0.959894
4900 pop2 1.05318 0.957434
5000 pop1 1.05429 0.958444
5000 pop2 1.05521 0.95928
