1 pop1 1.0 0.980392
1 pop2 1.0 0.980392
100 pop1 0.997598 0.978037
100 pop2 1.0028 0.983138
200 pop1 0.997223 0.97767
200 pop2 1.00369 0.984014
300 pop1 0.997306 0.977751
300 pop2 1.00385 0.984168
400 pop1 0.998229 0.978656
400 pop2 1.00277 0.983111
500 pop1 0.994996 0.975487
500 pop2 1.00588 0.986158
600 pop1 0.994669 0.975166
600 pop2 1.00554 0.985828
700 pop1 0.994825 0.975318
700 pop2 1.0062 0.986473
800 pop1 0.994522 0.975021
800 pop2 1.00654 0.986807
900 pop1 0.995308 0.975792
900 pop2 1.00577 0.986051
1000 pop1 0.995067 0.975556
1000 pop2 1.00598 0.986251
1100 pop1 0.999362 0.979766
1100 pop2 1.00542 0.985703
1200 pop1 1.00244 0.982785
1200 pop2 1.01071 0.990896
1300 pop1 1.00593 0.986203
1300 pop2 1.01285 0.992994
1400 pop1 1.00516 0.985448
1400 pop2 1.01503 0.995125
1500 pop1 1.00405 0.984363
1500 pop2 1.01519 0.995288
1600 pop1 1.00307 0.983404
1600 pop2 1.01685 0.996913
1700 pop1 1.00349 0.983815
1700 pop2 1.01597 0.996044
1800 pop1 1.00241 0.982757
1800 pop2 1.01783 0.997871
1900 pop1 1.00286 0.983191
1900 pop2 1.01713 0.997183
2000 pop1 1.00302 0.983353
2000 pop2 1.01728 0.997338
2100 pop1 1.00399 0.984302
2100 pop2 1.0162 0.996273
2200 pop1 1.00444 0.984748
2200 pop2 1.01588 0.995962
2300 pop1 1.00272 0.983062
2300 pop2 1.01759 0.997641
2400 pop1 1.00284 0.983181
2400 pop2 1.01765 0.997694
2500 pop1 1.00278 0.983122
2500 pop2 1.01739 0.997439
2600 pop1 1.00081 0.981191
2600 pop2 1.01925 0.99926
2700 pop1 1.00064 0.981022
2700 pop2 1.01955 0.999563
2800 pop1 1.00038 0.98077
2800 pop2 1.01966 0.999667
2900 pop1 1.0006 0.980985
2900 pop2 1.01961 0.999619
3000 pop1 1.00001 0.980401
3000 pop2 1.02 1.0
3100 pop1 0.999916 0.98031
3100 pop2 1.02012 1.00011
3200 pop1 0.999916 0.98031
3200 pop2 1.02012 1.00011
3300 pop1 0.999915 0.980309
3300 pop2 1.02012 1.00011
3400 pop1 0.999914 0.980308
3400 pop2 1.02011 1.00011
3500 pop1 0.999914 0.980308
3500 pop2 1.02011 1.00011
3600 pop1 0.999913 0.980307
3600 pop2 1.02011 1.00011
3700 pop1 0.999913 0.980307
3700 pop2 1.02011 1.00011
3800 pop1 0.999913 0.980307
3800 pop2 1.02011 1.00011
3900 pop1 0.999913 0.980306
3900 pop2 1.02011 1.00011
4000 pop1 0.999913 0.980307
4000 pop2 1.02011 1.00011
4100 pop1 0.999912 0.980306
4100 pop2 1.02011 1.00011
4200 pop1 0.999912 0.980306
4200 pop2 1.02011 1.00011
4300 pop1 0.999911 0.980305
4300 pop2 1.02011 1.00011
4400 pop1 0.999912 0.980306
4400 pop2 1.02011 1.00011
4500 pop1 0.999912 0.980306
4500 pop2 1.02011 1.00011
4600 pop1 0.999912 0.980306
4600 pop2 1.02011 1.00011
4700 pop1 0.999912 0.980306
4700 pop2 1.02011 1.00011
4800 pop1 0.999911 0.980305
4800 pop2 1.02011 1.00011
4900 pop1 0.999912 0.980306
4900 pop2 1.02011 1.00011
5000 pop1 0.999911 0.980305
5000 pop2 1.02011 1.00011
