1 pop1 1.0 0.980392
1 pop2 1.0 0.980392
100 pop1 1.00815 0.988382
100 pop2 1.00654 0.986806
200 pop1 1.01057 0.990751
200 pop2 1.006 0.986277
300 pop1 1.01055 0.990735
300 pop2 1.00647 0.986735
400 pop1 1.00586 0.98614
400 pop2 1.00927 0.98948
500 pop1 1.00965 0.989849
500 pop2 1.00803 0.988261
600 pop1 1.00796 0.988193
600 pop2 1.00932 0.989527
700 pop1 1.0058 0.986076
700 pop2 1.0099 0.990095
800 pop1 1.00798 0.988212
800 pop2 1.00875 0.988974
900 pop1 1.00815 0.988383
900 pop2 1.00847 0.9887
1000 pop1 1.00765 0.987896
1000 pop2 1.00753 0.987779
1100 pop1 1.01328 0.993408
1100 pop2 0.997724 0.978161
1200 pop1 1.01712 0.997178
1200 pop2 0.997031 0.977481
1300 pop1 1.01615 0.996223
1300 pop2 0.998349 0.978773
1400 pop1 1.01634 0.996411
1400 pop2 0.998125 0.978554
1500 pop1 1.01795 0.997988
1500 pop2 0.998073 0.978503
1600 pop1 1.01848 0.998506
1600 pop2 0.998971 0.979383
1700 pop1 1.01968 0.999684
1700 pop2 0.999154 0.979563
1800 pop1 1.01997 0.999967
1800 pop2 0.998851 0.979266
1900 pop1 1.01997 0.999974
1900 pop2 0.999106 0.979516
2000 pop1 1.0201 1.0001
2000 pop2 0.999733 0.98013
2100 pop1 1.0201 1.0001
2100 pop2 1.0 0.980392
2200 pop1 1.0201 1.0001
2200 pop2 1.0 0.980392
2300 pop1 1.0201 1.0001
2300 pop2 1.0 0.980392
2400 pop1 1.0201 1.0001
2400 pop2 1.0 0.980392
2500 pop1 1.0201 1.0001
2500 pop2 1.0 0.980392
2600 pop1 1.0201 1.0001
2600 pop2 1.0 0.980392
2700 pop1 1.0201 1.0001
2700 pop2 1.0 0.980392
2800 pop1 1.0201 1.0001
2800 pop2 1.0 0.980392
2900 pop1 1.0201 1.0001
2900 pop2 1.0 0.980392
3000 pop1 1.0201 1.0001
3000 pop2 1.0 0.980392
3100 pop1 1.0201 1.0001
3100 pop2 1.0 0.980392
3200 pop1 1.0201 1.0001
3200 pop2 1.0 0.980392
3300 pop1 1.0201 1.0001
3300 pop2 1.0 0.980392
3400 pop1 1.0201 1.0001
3400 pop2 1.0 0.980392
3500 pop1 1.0201 1.0001
3500 pop2 1.0 0.980392
3600 pop1 1.0201 1.0001
3600 pop2 1.0 0.980392
3700 pop1 1.0201 1.0001
3700 pop2 1.0 0.980392
3800 pop1 1.0201 1.0001
3800 pop2 1.0 0.980392
3900 pop1 1.0201 1.0001
3900 pop2 1.0 0.980392
4000 pop1 1.0201 1.0001
4000 pop2 1.0 0.980392
4100 pop1 1.0201 1.0001
4100 pop2 1.0 0.980392
4200 pop1 1.0201 1.0001
4200 pop2 1.0 0.980392
4300 pop1 1.0201 1.0001
4300 pop2 1.0 0.980392
4400 pop1 1.0201 1.0001
4400 pop2 1.0 0.980392
4500 pop1 1.0201 1.0001
4500 pop2 1.0 0.980392
4600 pop1 1.0201 1.0001
4600 pop2 1.0 0.980392
4700 pop1 1.0201 1.0001
4700 pop2 1.0 0.980392
4800 pop1 1.0201 1.0001
4800 pop2 1.0 0.980392
4900 pop1 1.0201 1.0001
4900 pop2 1.0 0.980392
5000 pop1 1.0201 1.0001
5000 pop2 1.0 0.980392
