1 pop1 1.0 0.909091
1 pop2 1.0 0.909091
100 pop1 1.01299 0.920896
100 pop2 1.02894 0.935404
200 pop1 1.01404 0.921856
200 pop2 1.02455 0.931414
300 pop1 1.02131 0.92846
300 pop2 1.01494 0.92267
400 pop1 1.02074 0.927948
400 pop2 1.02591 0.932648
500 pop1 1.02836 0.934872
500 pop2 1.01469 0.922449
600 pop1 1.02346 0.930415
600 pop2 1.0141 0.921911
700 pop1 1.01774 0.925221
700 pop2 1.02429 0.931176
800 pop1 1.02219 0.929263
800 pop2 1.02051 0.927737
900 pop1 1.02217 0.929242
900 pop2 1.02028 0.92753
1000 pop1 1.02011 0.927372
1000 pop2 1.0152 0.922909
1100 pop1 1.09394 0.994493
1100 pop2 0.972408 0.884007
1200 pop1 1.10251 1.00228
1200 pop2 0.994505 0.904096
1300 pop1 1.1025 1.00228
1300 pop2 0.999881 0.908983
1400 pop1 1.1025 1.00227
1400 pop2 1.0 0.909091
1500 pop1 1.1025 1.00227
1500 pop2 1.0 0.909091
1600 pop1 1.1025 1.00227
1600 pop2 1.0 0.909091
1700 pop1 1.1025 1.00227
1700 pop2 1.0 0.909091
1800 pop1 1.1025 1.00227
1800 pop2 1.0 0.909091
1900 pop1 1.1025 1.00227
1900 pop2 1.0 0.909091
2000 pop1 1.1025 1.00227
2000 pop2 1.0 0.909091
2100 pop1 1.1025 1.00227
2100 pop2 1.0 0.909091
2200 pop1 1.1025 1.00227
2200 pop2 1.0 0.909091
2300 pop1 1.1025 1.00227
2300 pop2 1.0 0.909091
2400 pop1 1.1025 1.00227
2400 pop2 1.0 0.909091
2500 pop1 1.1025 1.00227
2500 pop2 1.0 0.909091
2600 pop1 1.1025 1.00227
2600 pop2 1.0 0.909091
2700 pop1 1.1025 1.00227
2700 pop2 1.0 0.909091
2800 pop1 1.1025 1.00227
2800 pop2 1.0 0.909091
2900 pop1 1.1025 1.00227
2900 pop2 1.0 0.909091
3000 pop1 1.1025 1.00227
3000 pop2 1.0 0.909091
3100 pop1 1.1025 1.00227
3100 pop2 1.0 0.909091
3200 pop1 1.1025 1.00227
3200 pop2 1.0 0.909091
3300 pop1 1.1025 1.00227
3300 pop2 1.0 0.909091
3400 pop1 1.1025 1.00227
3400 pop2 1.0 0.909091
3500 pop1 1.1025 1.00227
3500 pop2 1.0 0.909091
3600 pop1 1.1025 1.00227
3600 pop2 1.0 0.909091
3700 pop1 1.1025 1.00227
3700 pop2 1.0 0.909091
3800 pop1 1.1025 1.00227
3800 pop2 1.0 0.909091
3900 pop1 1.1025 1.00227
3900 pop2 1.0 0.909091
4000 pop1 1.1025 1.00227
4000 pop2 1.0 0.909091
4100 pop1 1.1025 1.00227
4100 pop2 1.0 0.909091
4200 pop1 1.1025 1.00227
4200 pop2 1.0 0.909091
4300 pop1 1.1025 1.00227
4300 pop2 1.0 0.909091
4400 pop1 1.1025 1.00227
4400 pop2 1.0 0.909091
4500 pop1 1.1025 1.00227
4500 pop2 1.0 0.909091
4600 pop1 1.1025 1.00227
4600 pop2 1.0 0.909091
4700 pop1 1.1025 1.00227
4700 pop2 1.0 0.909091
4800 pop1 1.1025 1.00227
4800 pop2 1.0 0.909091
4900 pop1 1.1025 1.00227
4900 pop2 1.0 0.909091
5000 pop1 1.1025 1.00227
5000 pop2 1.0 0.909091
