1 pop1 1.0 0.980392
1 pop2 1.0 0.980392
100 pop1 1.00538 0.985662
100 pop2 1.00507 0.985366
200 pop1 1.00653 0.986797
200 pop2 1.00512 0.985416
300 pop1 1.0036 0.983921
300 pop2 1.0073 0.987549
400 pop1 1.00274 0.983078
400 pop2 1.00808 0.98831
500 pop1 1.00199 0.982346
500 pop2 1.0092 0.98941
600 pop1 1.0019 0.982257
600 pop2 1.00966 0.989858
700 pop1 1.0057 0.985978
700 pop2 1.00603 0.986303
800 pop1 1.00837 0.988598
800 pop2 1.00224 0.982589
900 pop1 1.00751 0.987755
900 pop2 1.00272 0.983063
1000 pop1 1.00638 0.986652
1000 pop2 1.00367 0.983986
1100 pop1 1.00877 0.988989
1100 pop2 1.00193 0.982289
1200 pop1 1.01164 0.991808
1200 pop2 1.00644 0.98671
1300 pop1 1.01395 0.99407
1300 pop2 1.00756 0.987808
1400 pop1 1.01331 0.993441
1400 pop2 1.00806 0.98829
1500 pop1 1.01247 0.992616
1500 pop2 1.01169 0.991852
1600 pop1 1.01223 0.992386
1600 pop2 1.011 0.991176
1700 pop1 1.01161 0.991777
1700 pop2 1.01081 0.990986
1800 pop1 1.01111 0.991281
1800 pop2 1.01175 0.991909
1900 pop1 1.01133 0.991496
1900 pop2 1.01256 0.99271
2000 pop1 1.01177 0.991933
2000 pop2 1.01158 0.991746
2100 pop1 1.01168 0.991841
2100 pop2 1.01195 0.992112
2200 pop1 1.00935 0.989561
2200 pop2 1.01344 0.993572
2300 pop1 1.01049 0.99068
2300 pop2 1.01344 0.993566
2400 pop1 1.00952 0.989728
2400 pop2 1.01475 0.99485
2500 pop1 1.00848 0.988708
2500 pop2 1.01589 0.99597
2600 pop1 1.00991 0.990108
2600 pop2 1.01362 0.993743
2700 pop1 1.01227 0.992423
2700 pop2 1.01314 0.993276
2800 pop1 1.0112 0.991377
2800 pop2 1.01378 0.993902
2900 pop1 1.01164 0.991807
2900 pop2 1.01312 0.99325
3000 pop1 1.01067 0.990851
3000 pop2 1.01417 0.994287
3100 pop1 1.00961 0.989818
3100 pop2 1.01428 0.994396
3200 pop1 1.0094 0.989611
3200 pop2 1.01522 0.995314
3300 pop1 1.0109 0.991076
3300 pop2 1.01443 0.994536
3400 pop1 1.01058 0.990766
3400 pop2 1.01335 0.99348
3500 pop1 1.01137 0.991537
3500 pop2 1.01325 0.993384
3600 pop1 1.01192 0.992077
3600 pop2 1.01208 0.992233
3700 pop1 1.0137 0.993827
3700 pop2 1.01241 0.99256
3800 pop1 1.01285 0.992991
3800 pop2 1.01155 0.991719
3900 pop1 1.01312 0.993256
3900 pop2 1.01201 0.992169
4000 pop1 1.01247 0.992614
4000 pop2 1.012 0.992156
4100 pop1 1.01219 0.992344
4100 pop2 1.01148 0.991645
4200 pop1 1.01187 0.992032
4200 pop2 1.01215 0.992307
4300 pop1 1.01088 0.991058
4300 pop2 1.01368 0.993803
4400 pop1 1.01087 0.991046
4400 pop2 1.01496 0.995059
4500 pop1 1.01073 0.990911
4500 pop2 1.01424 0.994355
4600 pop1 1.01007 0.990261
4600 pop2 1.0147 0.994806
4700 pop1 1.01256 0.992709
4700 pop2 1.01193 0.992085
4800 pop1 1.01271 0.992852
4800 pop2 1.01252 0.992669
4900 pop1 1.01241 0.992559
4900 pop2 1.01324 0.993368
5000 pop1 1.01291 0.993054
5000 pop2 1.01282 0.992961
