1 pop1 1.0 0.833333
1 pop2 1.0 0.833333
100 pop1 1.0714 0.892836
100 pop2 1.07135 0.892796
200 pop1 1.07093 0.892439
200 pop2 1.06847 0.890394
300 pop1 1.06945 0.89121
300 pop2 1.07235 0.893626
400 pop1 1.07699 0.897489
400 pop2 1.05658 0.88048
500 pop1 1.0663 0.888586
500 pop2 1.06693 0.889111
600 pop1 1.06988 0.891563
600 pop2 1.06757 0.889645
700 pop1 1.07011 0.89176
700 pop2 1.06576 0.888136
800 pop1 1.06426 0.886886
800 pop2 1.08521 0.904343
900 pop1 1.07392 0.894931
900 pop2 1.07392 0.894935
1000 pop1 1.07356 0.894635
1000 pop2 1.07075 0.892293
1100 pop1 1.10796 0.923298
1100 pop2 1.13013 0.941777
1200 pop1 1.10976 0.924797
1200 pop2 1.13072 0.942268
1300 pop1 1.12074 0.933952
1300 pop2 1.11913 0.932607
1400 pop1 1.12455 0.937125
1400 pop2 1.12058 0.933815
1500 pop1 1.12874 0.940616
1500 pop2 1.1169 0.930748
1600 pop1 1.1189 0.932416
1600 pop2 1.13145 0.942875
1700 pop1 1.12023 0.933524
1700 pop2 1.1162 0.930163
1800 pop1 1.13347 0.94456
1800 pop2 1.11441 0.928678
1900 pop1 1.13122 0.942681
1900 pop2 1.11029 0.925238
2000 pop1 1.12895 0.940788
2000 pop2 1.12075 0.933961
2100 pop1 1.12987 0.941561
2100 pop2 1.11184 0.926536
2200 pop1 1.11583 0.92986
2200 pop2 1.1231 0.935913
2300 pop1 1.12792 0.939934
2300 pop2 1.11652 0.930431
2400 pop1 1.13499 0.945825
2400 pop2 1.10755 0.922956
2500 pop1 1.1159 0.929913
2500 pop2 1.12236 0.935303
2600 pop1 1.121 0.934169
2600 pop2 1.12406 0.936717
2700 pop1 1.12783 0.939861
2700 pop2 1.11519 0.929325
2800 pop1 1.12135 0.934462
2800 pop2 1.12266 0.935549
2900 pop1 1.12515 0.937629
2900 pop2 1.11408 0.928398
3000 pop1 1.12512 0.937602
3000 pop2 1.11352 0.927931
3100 pop1 1.12849 0.940412
3100 pop2 1.11423 0.928529
3200 pop1 1.12958 0.941314
3200 pop2 1.11575 0.929791
3300 pop1 1.12573 0.938105
3300 pop2 1.11627 0.930221
3400 pop1 1.11904 0.932531
3400 pop2 1.12541 0.937838
3500 pop1 1.12951 0.94126
3500 pop2 1.11321 0.927671
3600 pop1 1.13291 0.944094
3600 pop2 1.10971 0.924757
3700 pop1 1.12351 0.93626
3700 pop2 1.12477 0.937311
3800 pop1 1.11718 0.930983
3800 pop2 1.12639 0.938655
3900 pop1 1.12453 0.937106
3900 pop2 1.11785 0.931539
4000 pop1 1.12591 0.938257
4000 pop2 1.11656 0.930469
4100 pop1 1.11877 0.932307
4100 pop2 1.12689 0.939078
4200 pop1 1.11965 0.933044
4200 pop2 1.12233 0.935274
4300 pop1 1.11622 0.930183
4300 pop2 1.12691 0.939092
4400 pop1 1.1255 0.937921
4400 pop2 1.11788 0.931567
4500 pop1 1.12567 0.938055
4500 pop2 1.11736 0.931131
4600 pop1 1.12481 0.937343
4600 pop2 1.12202 0.935019
4700 pop1 1.12975 0.94146
4700 pop2 1.1091 0.924254
4800 pop1 1.12818 0.940152
4800 pop2 1.11794 0.931613
4900 pop1 1.1236 0.936332
4900 pop2 1.1192 0.932669
5000 pop1 1.11766 0.931387
5000 pop2 1.12696 0.939134
