1 pop1 1.0 0.980392
1 pop2 1.0 0.980392
100 pop1 1.00777 0.988013
100 pop2 1.00624 0.98651
200 pop1 1.00752 0.98776
200 pop2 1.00352 0.983841
300 pop1 1.00603 0.986307
300 pop2 1.00752 0.987768
400 pop1 1.00496 0.985258
400 pop2 1.0083 0.988533
500 pop1 1.00284 0.983175
500 pop2 1.00806 0.988298
600 pop1 1.00485 0.985146
600 pop2 1.00774 0.98798
700 pop1 1.00204 0.98239
700 pop2 1.00833 0.988561
800 pop1 1.003 0.98333
800 pop2 1.00665 0.986914
900 pop1 1.00346 0.983788
900 pop2 1.00935 0.989561
1000 pop1 1.00374 0.984057
1000 pop2 1.00565 0.985929
1100 pop1 1.00639 0.986655
1100 pop2 1.00862 0.988843
1200 pop1 1.00937 0.989574
1200 pop2 1.01059 0.990777
1300 pop1 1.01081 0.990993
1300 pop2 1.01045 0.990641
1400 pop1 1.01279 0.99293
1400 pop2 1.01162 0.991785
1500 pop1 1.01391 0.994033
1500 pop2 1.01041 0.990594
1600 pop1 1.01372 0.993846
1600 pop2 1.01199 0.992144
1700 pop1 1.01377 0.993894
1700 pop2 1.01143 0.991597
1800 pop1 1.01332 0.993455
1800 pop2 1.01138 0.99155
1900 pop1 1.01274 0.992887
1900 pop2 1.01032 0.990508
2000 pop1 1.01245 0.992598
2000 pop2 1.0117 0.991865
2100 pop1 1.01359 0.993719
2100 pop2 1.01173 0.991888
2200 pop1 1.0134 0.993533
2200 pop2 1.01151 0.991675
2300 pop1 1.01294 0.993077
2300 pop2 1.01016 0.990351
2400 pop1 1.01289 0.99303
2400 pop2 1.01218 0.992335
2500 pop1 1.01362 0.993743
2500 pop2 1.0122 0.992349
2600 pop1 1.01406 0.994176
2600 pop2 1.01107 0.99125
2700 pop1 1.01312 0.993252
2700 pop2 1.01165 0.991814
2800 pop1 1.01224 0.992393
2800 pop2 1.01204 0.992192
2900 pop1 1.01188 0.992039
2900 pop2 1.01126 0.991435
3000 pop1 1.01236 0.992507
3000 pop2 1.01121 0.99138
3100 pop1 1.01155 0.991711
3100 pop2 1.01349 0.993621
3200 pop1 1.01217 0.992325
3200 pop2 1.01192 0.992082
3300 pop1 1.01332 0.99345
3300 pop2 1.011 0.991178
3400 pop1 1.01296 0.993101
3400 pop2 1.01064 0.990827
3500 pop1 1.01378 0.993898
3500 pop2 1.01104 0.991213
3600 pop1 1.01433 0.99444
3600 pop2 1.01249 0.99264
3700 pop1 1.01254 0.992688
3700 pop2 1.01139 0.991554
3800 pop1 1.01149 0.991659
3800 pop2 1.01354 0.993665
3900 pop1 1.01201 0.99217
3900 pop2 1.01451 0.994621
4000 pop1 1.01278 0.992926
4000 pop2 1.01381 0.993933
4100 pop1 1.01243 0.992582
4100 pop2 1.01345 0.993583
4200 pop1 1.01 0.990193
4200 pop2 1.01365 0.993777
4300 pop1 1.0117 0.991864
4300 pop2 1.01154 0.991709
4400 pop1 1.00995 0.990145
4400 pop2 1.01343 0.993563
4500 pop1 1.01224 0.992395
4500 pop2 1.01284 0.992978
4600 pop1 1.0114 0.991567
4600 pop2 1.01476 0.994858
4700 pop1 1.01091 0.991092
4700 pop2 1.01308 0.993212
4800 pop1 1.01075 0.990929
4800 pop2 1.01391 0.994029
4900 pop1 1.01209 0.992248
4900 pop2 1.01249 0.99264
5000 pop1 1.01008 0.990277
5000 pop2 1.0145 0.994607
