1 pop1 1.0 0.833333
1 pop2 1.0 0.833333
100 pop1 1.18724 0.989365
100 pop2 1.1892 0.990997
200 pop1 1.1926 0.993833
200 pop2 1.19104 0.99253
300 pop1 1.18776 0.989798
300 pop2 1.19367 0.994728
400 pop1 1.18749 0.989571
400 pop2 1.19238 0.993646
500 pop1 1.19129 0.992745
500 pop2 1.19417 0.995146
600 pop1 1.18567 0.98806
600 pop2 1.19104 0.99253
700 pop1 1.18667 0.988895
700 pop2 1.19171 0.99309
800 pop1 1.18995 0.991627
800 pop2 1.19275 0.993958
900 pop1 1.19314 0.994285
900 pop2 1.19321 0.994343
1000 pop1 1.18901 0.990838
1000 pop2 1.19071 0.992255
1100 pop1 1.20272 1.00227
1100 pop2 0.994462 0.828718
1200 pop1 1.20826 1.00688
1200 pop2 0.997387 0.831156
1300 pop1 1.21015 1.00846
1300 pop2 0.998479 0.832066
1400 pop1 1.21011 1.00843
1400 pop2 0.999142 0.832618
1500 pop1 1.21004 1.00837
1500 pop2 1.0 0.833333
1600 pop1 1.21 1.00833
1600 pop2 1.0 0.833333
1700 pop1 1.21 1.00833
1700 pop2 1.0 0.833333
1800 pop1 1.21 1.00833
1800 pop2 1.0 0.833333
1900 pop1 1.21 1.00833
1900 pop2 1.0 0.833333
2000 pop1 1.21 1.00833
2000 pop2 1.0 0.833333
2100 pop1 1.21 1.00833
2100 pop2 1.0 0.833333
2200 pop1 1.21 1.00833
2200 pop2 1.0 0.833333
2300 pop1 1.21 1.00833
2300 pop2 1.0 0.833333
2400 pop1 1.21 1.00833
2400 pop2 1.0 0.833333
2500 pop1 1.21 1.00833
2500 pop2 1.0 0.833333
2600 pop1 1.21 1.00833
2600 pop2 1.0 0.833333
2700 pop1 1.21 1.00833
2700 pop2 1.0 0.833333
2800 pop1 1.21 1.00833
2800 pop2 1.0 0.833333
2900 pop1 1.21 1.00833
2900 pop2 1.0 0.833333
3000 pop1 1.21 1.00833
3000 pop2 1.0 0.833333
3100 pop1 1.21 1.00833
3100 pop2 1.0 0.833333
3200 pop1 1.21 1.00833
3200 pop2 1.0 0.833333
3300 pop1 1.21 1.00833
3300 pop2 1.0 0.833333
3400 pop1 1.21 1.00833
3400 pop2 1.0 0.833333
3500 pop1 1.21 1.00833
3500 pop2 1.0 0.833333
3600 pop1 1.21 1.00833
3600 pop2 1.0 0.833333
3700 pop1 1.21 1.00833
3700 pop2 1.0 0.833333
3800 pop1 1.21 1.00833
3800 pop2 1.0 0.833333
3900 pop1 1.21 1.00833
3900 pop2 1.0 0.833333
4000 pop1 1.21 1.00833
4000 pop2 1.0 0.833333
4100 pop1 1.21 1.00833
4100 pop2 1.0 0.833333
4200 pop1 1.21 1.00833
4200 pop2 1.0 0.833333
4300 pop1 1.21 1.00833
4300 pop2 1.0 0.833333
4400 pop1 1.21 1.00833
4400 pop2 1.0 0.833333
4500 pop1 1.21 1.00833
4500 pop2 1.0 0.833333
4600 pop1 1.21 1.00833
4600 pop2 1.0 0.833333
4700 pop1 1.21 1.00833
4700 pop2 1.0 0.833333
4800 pop1 1.21 1.00833
4800 pop2 1.0 0.833333
4900 pop1 1.21 1.00833
4900 pop2 1.0 0.833333
5000 pop1 1.21 1.00833
5000 pop2 1.0 0.833333
