1 pop1 1.0 0.909091
1 pop2 1.0 0.909091
100 pop1 1.08396 0.985414
100 pop2 1.08294 0.984492
200 pop1 1.08347 0.984974
200 pop2 1.08291 0.984466
300 pop1 1.08444 0.985857
300 pop2 1.08364 0.985129
400 pop1 1.07956 0.98142
400 pop2 1.08262 0.984198
500 pop1 1.0837 0.985185
500 pop2 1.07872 0.980657
600 pop1 1.08422 0.985655
600 pop2 1.0838 0.985275
700 pop1 1.08382 0.985288
700 pop2 1.08172 0.983386
800 pop1 1.07686 0.978963
800 pop2 1.08101 0.98274
900 pop1 1.07978 0.981622
900 pop2 1.08187 0.983519
1000 pop1 1.08375 0.985232
1000 pop2 1.08327 0.984792
1100 pop1 1.0883 0.989363
1100 pop2 1.06702 0.970014
1200 pop1 1.08549 0.986808
1200 pop2 1.08524 0.986579
1300 pop1 1.0867 0.987907
1300 pop2 1.08192 0.983561
1400 pop1 1.0843 0.985725
1400 pop2 1.08456 0.985964
1500 pop1 1.08434 0.985764
1500 pop2 1.08492 0.986287
1600 pop1 1.0845 0.985906
1600 pop2 1.08669 0.987903
1700 pop1 1.08459 0.985993
1700 pop2 1.08455 0.985954
1800 pop1 1.08876 0.989782
1800 pop2 1.08203 0.983667
1900 pop1 1.08331 0.984827
1900 pop2 1.0836 0.985089
2000 pop1 1.08625 0.987497
2000 pop2 1.08492 0.98629
2100 pop1 1.0853 0.986639
2100 pop2 1.08652 0.987741
2200 pop1 1.08535 0.986678
2200 pop2 1.08742 0.988559
2300 pop1 1.08419 0.98563
2300 pop2 1.0861 0.98736
2400 pop1 1.08289 0.984442
2400 pop2 1.0864 0.987637
2500 pop1 1.08604 0.987312
2500 pop2 1.08305 0.984591
2600 pop1 1.08823 0.989301
2600 pop2 1.08631 0.987554
2700 pop1 1.08457 0.985977
2700 pop2 1.08547 0.986787
2800 pop1 1.08127 0.982974
2800 pop2 1.08528 0.986615
2900 pop1 1.08494 0.986306
2900 pop2 1.08848 0.989523
3000 pop1 1.08644 0.98767
3000 pop2 1.08693 0.988122
3100 pop1 1.0836 0.985091
3100 pop2 1.08604 0.987311
3200 pop1 1.09106 0.991875
3200 pop2 1.08403 0.985486
3300 pop1 1.08414 0.985586
3300 pop2 1.08598 0.98725
3400 pop1 1.08576 0.987056
3400 pop2 1.08352 0.985021
3500 pop1 1.08538 0.986709
3500 pop2 1.08449 0.985903
3600 pop1 1.07984 0.981672
3600 pop2 1.08528 0.986615
3700 pop1 1.08566 0.986964
3700 pop2 1.08582 0.987105
3800 pop1 1.08587 0.987155
3800 pop2 1.0829 0.984456
3900 pop1 1.08309 0.984628
3900 pop2 1.08375 0.985225
4000 pop1 1.08359 0.98508
4000 pop2 1.08206 0.98369
4100 pop1 1.08587 0.987156
4100 pop2 1.08557 0.98688
4200 pop1 1.08496 0.986324
4200 pop2 1.0858 0.987088
4300 pop1 1.08937 0.990334
4300 pop2 1.08371 0.985189
4400 pop1 1.08799 0.989082
4400 pop2 1.08526 0.986602
4500 pop1 1.08212 0.983748
4500 pop2 1.08522 0.986565
4600 pop1 1.08384 0.985307
4600 pop2 1.08377 0.985243
4700 pop1 1.08843 0.989481
4700 pop2 1.08255 0.984137
4800 pop1 1.08598 0.98725
4800 pop2 1.08597 0.987242
4900 pop1 1.08464 0.986036
4900 pop2 1.08391 0.985372
5000 pop1 1.08565 0.986951
5000 pop2 1.08323 0.984753
