1 pop1 1.0 0.980392
1 pop2 1.0 0.980392
100 pop1 1.00243 0.982775
100 pop2 1.00034 0.980728
200 pop1 1.00056 0.980937
200 pop2 1.00374 0.984057
300 pop1 0.998223 0.97865
300 pop2 1.00513 0.985421
400 pop1 1.00006 0.980449
400 pop2 1.00453 0.984829
500 pop1 1.00219 0.982537
500 pop2 1.00226 0.982612
600 pop1 1.00342 0.983748
600 pop2 1.00024 0.980625
700 pop1 1.00461 0.984914
700 pop2 0.999468 0.97987
800 pop1 1.00549 0.985776
800 pop2 0.997132 0.977581
900 pop1 1.00492 0.985219
900 pop2 0.996886 0.977339
1000 pop1 1.00339 0.983718
1000 pop2 0.998397 0.97882
1100 pop1 1.01231 0.99246
1100 pop2 0.994314 0.974818
1200 pop1 1.01579 0.995869
1200 pop2 0.993196 0.973722
1300 pop1 1.01822 0.998255
1300 pop2 0.992086 0.972634
1400 pop1 1.01808 0.998119
1400 pop2 0.992753 0.973287
1500 pop1 1.01838 0.998415
1500 pop2 0.993829 0.974342
1600 pop1 1.01899 0.999014
1600 pop2 0.99474 0.975235
1700 pop1 1.01848 0.998507
1700 pop2 0.995401 0.975883
1800 pop1 1.01976 0.999768
1800 pop2 0.995588 0.976066
1900 pop1 1.01995 0.999949
1900 pop2 0.996181 0.976648
2000 pop1 1.02011 1.0001
2000 pop2 0.998029 0.97846
2100 pop1 1.0201 1.0001
2100 pop2 0.998991 0.979403
2200 pop1 1.0201 1.0001
2200 pop2 0.999653 0.980052
2300 pop1 1.0201 1.0001
2300 pop2 0.999409 0.979813
2400 pop1 1.0201 1.0001
2400 pop2 0.999793 0.980189
2500 pop1 1.0201 1.0001
2500 pop2 0.999904 0.980298
2600 pop1 1.0201 1.0001
2600 pop2 1.0 0.980392
2700 pop1 1.0201 1.0001
2700 pop2 1.0 0.980392
2800 pop1 1.0201 1.0001
2800 pop2 1.0 0.980392
2900 pop1 1.0201 1.0001
2900 pop2 1.0 0.980392
3000 pop1 1.0201 1.0001
3000 pop2 1.0 0.980392
3100 pop1 1.0201 1.0001
3100 pop2 1.0 0.980392
3200 pop1 1.0201 1.0001
3200 pop2 1.0 0.980392
3300 pop1 1.0201 1.0001
3300 pop2 1.0 0.980392
3400 pop1 1.0201 1.0001
3400 pop2 1.0 0.980392
3500 pop1 1.0201 1.0001
3500 pop2 1.0 0.980392
3600 pop1 1.0201 1.0001
3600 pop2 1.0 0.980392
3700 pop1 1.0201 1.0001
3700 pop2 1.0 0.980392
3800 pop1 1.0201 1.0001
3800 pop2 1.0 0.980392
3900 pop1 1.0201 1.0001
3900 pop2 1.0 0.980392
4000 pop1 1.0201 1.0001
4000 pop2 1.0 0.980392
4100 pop1 1.0201 1.0001
4100 pop2 1.0 0.980392
4200 pop1 1.0201 1.0001
4200 pop2 1.0 0.980392
4300 pop1 1.0201 1.0001
4300 pop2 1.0 0.980392
4400 pop1 1.0201 1.0001
4400 pop2 1.0 0.980392
4500 pop1 1.0201 1.0001
4500 pop2 1.0 0.980392
4600 pop1 1.0201 1.0001
4600 pop2 1.0 0.980392
4700 pop1 1.0201 1.0001
4700 pop2 1.0 0.980392
4800 pop1 1.0201 1.0001
4800 pop2 1.0 0.980392
4900 pop1 1.0201 1.0001
4900 pop2 1.0 0.980392
5000 pop1 1.0201 1.0001
5000 pop2 1.0 0.980392
