1 pop1 1.0 0.909091
1 pop2 1.0 0.909091
100 pop1 1.02043 0.92766
100 pop2 1.0148 0.922543
200 pop1 1.01209 0.920084
200 pop2 1.01176 0.919777
300 pop1 1.01855 0.925959
300 pop2 1.01403 0.921848
400 pop1 1.01596 0.923597
400 pop2 1.01448 0.922256
500 pop1 1.0057 0.914277
500 pop2 1.01391 0.921736
600 pop1 1.01386 0.921687
600 pop2 1.02039 0.927626
700 pop1 1.01039 0.918533
700 pop2 1.01884 0.926214
800 pop1 1.01189 0.919901
800 pop2 1.02119 0.928351
900 pop1 1.01319 0.921081
900 pop2 1.01653 0.924115
1000 pop1 1.01501 0.922734
1000 pop2 1.01393 0.921756
1100 pop1 1.0581 0.96191
1100 pop2 1.03546 0.941325
1200 pop1 1.04568 0.950616
1200 pop2 1.05722 0.961107
1300 pop1 1.04285 0.948048
1300 pop2 1.06408 0.967341
1400 pop1 1.0361 0.941905
1400 pop2 1.06641 0.969464
1500 pop1 1.03885 0.944405
1500 pop2 1.06179 0.965262
1600 pop1 1.04037 0.945789
1600 pop2 1.06298 0.966342
1700 pop1 1.04166 0.94696
1700 pop2 1.06235 0.965773
1800 pop1 1.03294 0.939034
1800 pop2 1.07102 0.973653
1900 pop1 1.03739 0.943082
1900 pop2 1.06949 0.972259
2000 pop1 1.04817 0.952885
2000 pop2 1.06013 0.963753
2100 pop1 1.05379 0.957993
2100 pop2 1.05393 0.958114
2200 pop1 1.05148 0.955888
2200 pop2 1.05778 0.961615
2300 pop1 1.05664 0.960586
2300 pop2 1.052 0.956362
2400 pop1 1.0601 0.963725
2400 pop2 1.0534 0.957634
2500 pop1 1.05643 0.960388
2500 pop2 1.0497 0.954275
2600 pop1 1.04837 0.95306
2600 pop2 1.06122 0.964743
2700 pop1 1.04495 0.949951
2700 pop2 1.06212 0.965563
2800 pop1 1.05223 0.956576
2800 pop2 1.05814 0.961945
2900 pop1 1.05783 0.961662
2900 pop2 1.05129 0.95572
3000 pop1 1.05521 0.959286
3000 pop2 1.05399 0.958174
3100 pop1 1.05638 0.960348
3100 pop2 1.05615 0.960134
3200 pop1 1.05118 0.955617
3200 pop2 1.06179 0.965262
3300 pop1 1.04904 0.953673
3300 pop2 1.0615 0.964996
3400 pop1 1.0499 0.954454
3400 pop2 1.05898 0.962711
3500 pop1 1.05161 0.956009
3500 pop2 1.05878 0.962527
3600 pop1 1.05471 0.958827
3600 pop2 1.05788 0.961705
3700 pop1 1.05436 0.958505
3700 pop2 1.05449 0.958623
3800 pop1 1.05945 0.963136
3800 pop2 1.05029 0.954806
3900 pop1 1.06806 0.970963
3900 pop2 1.0478 0.952542
4000 pop1 1.05897 0.962703
4000 pop2 1.05445 0.958591
4100 pop1 1.06151 0.965005
4100 pop2 1.05152 0.955927
4200 pop1 1.0557 0.959731
4200 pop2 1.05535 0.959413
4300 pop1 1.05533 0.95939
4300 pop2 1.05453 0.958664
4400 pop1 1.05605 0.960043
4400 pop2 1.05225 0.956594
4500 pop1 1.0532 0.957454
4500 pop2 1.05782 0.961652
4600 pop1 1.05329 0.957536
4600 pop2 1.05462 0.958747
4700 pop1 1.056 0.96
4700 pop2 1.05328 0.957523
4800 pop1 1.05863 0.962391
4800 pop2 1.05102 0.95547
4900 pop1 1.05095 0.95541
4900 pop2 1.05845 0.962231
5000 pop1 1.06099 0.964538
5000 pop2 1.04965 0.954229
