1 pop1 1.0 0.833333
1 pop2 1.0 0.833333
100 pop1 1.18951 0.991257
100 pop2 1.1909 0.992414
200 pop1 1.1925 0.993747
200 pop2 1.19505 0.995873
300 pop1 1.19089 0.992411
300 pop2 1.19106 0.992553
400 pop1 1.19282 0.994013
400 pop2 1.19479 0.995657
500 pop1 1.18709 0.989245
500 pop2 1.19627 0.996896
600 pop1 1.19084 0.992368
600 pop2 1.18576 0.98813
700 pop1 1.19725 0.997709
700 pop2 1.19129 0.992741
800 pop1 1.19164 0.993035
800 pop2 1.18764 0.989699
900 pop1 1.19083 0.992355
900 pop2 1.18883 0.990693
1000 pop1 1.18993 0.991605
1000 pop2 1.19008 0.99173
1100 pop1 1.20017 1.00014
1100 pop2 0.991035 0.825862
1200 pop1 1.20165 1.00138
1200 pop2 0.989749 0.82479
1300 pop1 1.20665 1.00554
1300 pop2 0.995288 0.829406
1400 pop1 1.20603 1.00503
1400 pop2 0.993321 0.827768
1500 pop1 1.208 1.00666
1500 pop2 0.99782 0.831516
1600 pop1 1.20917 1.00764
1600 pop2 0.997036 0.830863
1700 pop1 1.20771 1.00642
1700 pop2 0.997816 0.831513
1800 pop1 1.20991 1.00826
1800 pop2 0.998752 0.832293
1900 pop1 1.20918 1.00765
1900 pop2 0.999298 0.832748
2000 pop1 1.21001 1.00834
2000 pop2 0.999844 0.833203
2100 pop1 1.21 1.00833
2100 pop2 1.0 0.833333
2200 pop1 1.21 1.00833
2200 pop2 1.0 0.833333
2300 pop1 1.21 1.00833
2300 pop2 1.0 0.833333
2400 pop1 1.21 1.00833
2400 pop2 1.0 0.833333
2500 pop1 1.21 1.00833
2500 pop2 1.0 0.833333
2600 pop1 1.21 1.00833
2600 pop2 1.0 0.833333
2700 pop1 1.21 1.00833
2700 pop2 1.0 0.833333
2800 pop1 1.21 1.00833
2800 pop2 1.0 0.833333
2900 pop1 1.21 1.00833
2900 pop2 1.0 0.833333
3000 pop1 1.21 1.00833
3000 pop2 1.0 0.833333
3100 pop1 1.21 1.00833
3100 pop2 1.0 0.833333
3200 pop1 1.21 1.00833
3200 pop2 1.0 0.833333
3300 pop1 1.21 1.00833
3300 pop2 1.0 0.833333
3400 pop1 1.21 1.00833
3400 pop2 1.0 0.833333
3500 pop1 1.21 1.00833
3500 pop2 1.0 0.833333
3600 pop1 1.21 1.00833
3600 pop2 1.0 0.833333
3700 pop1 1.21 1.00833
3700 pop2 1.0 0.833333
3800 pop1 1.21 1.00833
3800 pop2 1.0 0.833333
3900 pop1 1.21 1.00833
3900 pop2 1.0 0.833333
4000 pop1 1.21 1.00833
4000 pop2 1.0 0.833333
4100 pop1 1.21 1.00833
4100 pop2 1.0 0.833333
4200 pop1 1.21 1.00833
4200 pop2 1.0 0.833333
4300 pop1 1.21 1.00833
4300 pop2 1.0 0.833333
4400 pop1 1.21 1.00833
4400 pop2 1.0 0.833333
4500 pop1 1.21 1.00833
4500 pop2 1.0 0.833333
4600 pop1 1.21 1.00833
4600 pop2 1.0 0.833333
4700 pop1 1.21 1.00833
4700 pop2 1.0 0.833333
4800 pop1 1.21 1.00833
4800 pop2 1.0 0.833333
4900 pop1 1.21 1.00833
4900 pop2 1.0 0.833333
5000 pop1 1.21 1.00833
5000 pop2 1.0 0.833333
