1 pop1 1.0 0.980392
1 pop2 1.0 0.980392
100 pop1 1.00204 0.982389
100 pop2 0.99979 0.980187
200 pop1 1.00143 0.981796
200 pop2 0.999918 0.980312
300 pop1 1.00096 0.981331
300 pop2 1.00057 0.980952
400 pop1 1.0024 0.98275
400 pop2 0.999389 0.979793
500 pop1 1.00566 0.985942
500 pop2 0.996026 0.976496
600 pop1 1.00144 0.981809
600 pop2 1.00095 0.98132
700 pop1 0.997639 0.978078
700 pop2 1.0037 0.984019
800 pop1 0.996527 0.976987
800 pop2 1.005 0.985297
900 pop1 0.997428 0.97787
900 pop2 1.00456 0.984863
1000 pop1 0.997165 0.977613
1000 pop2 1.00485 0.985146
1100 pop1 1.00615 0.986425
1100 pop2 0.997031 0.977481
1200 pop1 1.01303 0.993166
1200 pop2 0.996417 0.976879
1300 pop1 1.01677 0.996832
1300 pop2 0.995655 0.976133
1400 pop1 1.01756 0.997612
1400 pop2 0.996215 0.976682
1500 pop1 1.0184 0.998434
1500 pop2 0.995546 0.976025
1600 pop1 1.01842 0.998455
1600 pop2 0.996893 0.977346
1700 pop1 1.01946 0.999473
1700 pop2 0.997181 0.977628
1800 pop1 1.01983 0.999829
1800 pop2 0.997232 0.977679
1900 pop1 1.0201 1.0001
1900 pop2 0.998261 0.978687
2000 pop1 1.0201 1.0001
2000 pop2 0.99921 0.979618
2100 pop1 1.0201 1.0001
2100 pop2 0.999278 0.979684
2200 pop1 1.0201 1.0001
2200 pop2 0.999729 0.980126
2300 pop1 1.0201 1.0001
2300 pop2 0.999753 0.98015
2400 pop1 1.0201 1.0001
2400 pop2 0.999725 0.980122
2500 pop1 1.0201 1.0001
2500 pop2 0.999836 0.980232
2600 pop1 1.0201 1.0001
2600 pop2 1.0 0.980392
2700 pop1 1.0201 1.0001
2700 pop2 1.0 0.980392
2800 pop1 1.0201 1.0001
2800 pop2 1.0 0.980392
2900 pop1 1.0201 1.0001
2900 pop2 1.0 0.980392
3000 pop1 1.0201 1.0001
3000 pop2 1.0 0.980392
3100 pop1 1.0201 1.0001
3100 pop2 1.0 0.980392
3200 pop1 1.0201 1.0001
3200 pop2 1.0 0.980392
3300 pop1 1.0201 1.0001
3300 pop2 1.0 0.980392
3400 pop1 1.0201 1.0001
3400 pop2 1.0 0.980392
3500 pop1 1.0201 1.0001
3500 pop2 1.0 0.980392
3600 pop1 1.0201 1.0001
3600 pop2 1.0 0.980392
3700 pop1 1.0201 1.0001
3700 pop2 1.0 0.980392
3800 pop1 1.0201 1.0001
3800 pop2 1.0 0.980392
3900 pop1 1.0201 1.0001
3900 pop2 1.0 0.980392
4000 pop1 1.0201 1.0001
4000 pop2 1.0 0.980392
4100 pop1 1.0201 1.0001
4100 pop2 1.0 0.980392
4200 pop1 1.0201 1.0001
4200 pop2 1.0 0.980392
4300 pop1 1.0201 1.0001
4300 pop2 1.0 0.980392
4400 pop1 1.0201 1.0001
4400 pop2 1.0 0.980392
4500 pop1 1.0201 1.0001
4500 pop2 1.0 0.980392
4600 pop1 1.0201 1.0001
4600 pop2 1.0 0.980392
4700 pop1 1.0201 1.0001
4700 pop2 1.0 0.980392
4800 pop1 1.0201 1.0001
4800 pop2 1.0 0.980392
4900 pop1 1.0201 1.0001
4900 pop2 1.0 0.980392
5000 pop1 1.0201 1.0001
5000 pop2 1.0 0.980392
