1 pop1 1.0 0.833333
1 pop2 1.0 0.833333
100 pop1 1.18969 0.991406
100 pop2 1.18781 0.989841
200 pop1 1.18777 0.98981
200 pop2 1.19289 0.994079
300 pop1 1.18968 0.991401
300 pop2 1.18797 0.989977
400 pop1 1.19174 0.993118
400 pop2 1.19168 0.993063
500 pop1 1.1927 0.993914
500 pop2 1.18961 0.991342
600 pop1 1.19393 0.994942
600 pop2 1.18767 0.989726
700 pop1 1.19006 0.991714
700 pop2 1.19338 0.994485
800 pop1 1.19284 0.994037
800 pop2 1.19025 0.991873
900 pop1 1.19023 0.99186
900 pop2 1.18977 0.991473
1000 pop1 1.19119 0.992659
1000 pop2 1.18863 0.990527
1100 pop1 1.19654 0.997117
1100 pop2 1.19117 0.992644
1200 pop1 1.19041 0.992012
1200 pop2 1.192 0.993331
1300 pop1 1.18986 0.991547
1300 pop2 1.19649 0.997076
1400 pop1 1.18876 0.990634
1400 pop2 1.19375 0.994788
1500 pop1 1.18664 0.988869
1500 pop2 1.18895 0.990791
1600 pop1 1.18884 0.9907
1600 pop2 1.19228 0.993564
1700 pop1 1.19564 0.996371
1700 pop2 1.18937 0.991139
1800 pop1 1.18792 0.989935
1800 pop2 1.19499 0.995821
1900 pop1 1.19215 0.993456
1900 pop2 1.18918 0.99098
2000 pop1 1.19226 0.993552
2000 pop2 1.19244 0.993697
2100 pop1 1.19043 0.992025
2100 pop2 1.19197 0.99331
2200 pop1 1.18978 0.991483
2200 pop2 1.19259 0.993828
2300 pop1 1.19179 0.993155
2300 pop2 1.19136 0.992799
2400 pop1 1.191 0.992496
2400 pop2 1.19643 0.997028
2500 pop1 1.19194 0.993281
2500 pop2 1.19072 0.992265
2600 pop1 1.18808 0.990066
2600 pop2 1.18933 0.991108
2700 pop1 1.19206 0.99338
2700 pop2 1.19154 0.992947
2800 pop1 1.19262 0.993847
2800 pop2 1.19064 0.992204
2900 pop1 1.18984 0.991537
2900 pop2 1.19211 0.993426
3000 pop1 1.19338 0.99448
3000 pop2 1.19582 0.996513
3100 pop1 1.19062 0.992183
3100 pop2 1.19162 0.993018
3200 pop1 1.19151 0.992927
3200 pop2 1.19149 0.992905
3300 pop1 1.18778 0.989814
3300 pop2 1.19075 0.992293
3400 pop1 1.19384 0.994868
3400 pop2 1.18851 0.990424
3500 pop1 1.19162 0.993013
3500 pop2 1.19146 0.992887
3600 pop1 1.19204 0.993364
3600 pop2 1.19224 0.993533
3700 pop1 1.19063 0.992192
3700 pop2 1.19021 0.991842
3800 pop1 1.18633 0.988611
3800 pop2 1.18912 0.990929
3900 pop1 1.1951 0.995915
3900 pop2 1.19047 0.992055
4000 pop1 1.18926 0.991049
4000 pop2 1.19038 0.991984
4100 pop1 1.19101 0.992511
4100 pop2 1.19129 0.992738
4200 pop1 1.19323 0.994359
4200 pop2 1.18922 0.991014
4300 pop1 1.19396 0.994967
4300 pop2 1.19577 0.996476
4400 pop1 1.19038 0.991987
4400 pop2 1.19166 0.99305
4500 pop1 1.18995 0.991623
4500 pop2 1.1891 0.990921
4600 pop1 1.18701 0.989179
4600 pop2 1.19309 0.994243
4700 pop1 1.1886 0.990504
4700 pop2 1.1929 0.99408
4800 pop1 1.1916 0.992998
4800 pop2 1.19105 0.992543
4900 pop1 1.19136 0.992798
4900 pop2 1.1943 0.995247
5000 pop1 1.1875 0.989583
5000 pop2 1.19037 0.991974
