1 pop1 1.0 0.980392
1 pop2 1.0 0.980392
100 pop1 1.0064 0.986668
100 pop2 1.00472 0.985016
200 pop1 1.00761 0.987851
200 pop2 1.00255 0.982893
300 pop1 1.00693 0.987191
300 pop2 1.00283 0.98317
400 pop1 1.00518 0.98547
400 pop2 1.00732 0.987571
500 pop1 1.00669 0.986953
500 pop2 1.00374 0.984057
600 pop1 1.00547 0.985754
600 pop2 1.00571 0.985989
700 pop1 1.00367 0.983995
700 pop2 1.00658 0.98684
800 pop1 1.00277 0.983109
800 pop2 1.00607 0.986341
900 pop1 1.00384 0.98416
900 pop2 1.00612 0.986391
1000 pop1 1.0046 0.984906
1000 pop2 1.00694 0.987198
1100 pop1 1.00619 0.986465
1100 pop2 1.00337 0.9837
1200 pop1 1.0064 0.986669
1200 pop2 1.00516 0.985448
1300 pop1 1.00912 0.989332
1300 pop2 1.00742 0.987671
1400 pop1 1.01049 0.990678
1400 pop2 1.01115 0.991327
1500 pop1 1.01003 0.990221
1500 pop2 1.01131 0.991483
1600 pop1 1.0114 0.99157
1600 pop2 1.01209 0.992241
1700 pop1 1.01003 0.990223
1700 pop2 1.01527 0.995367
1800 pop1 1.01156 0.991721
1800 pop2 1.01285 0.992986
1900 pop1 1.01025 0.990444
1900 pop2 1.01262 0.992765
2000 pop1 1.00997 0.990168
2000 pop2 1.01443 0.994541
2100 pop1 1.01054 0.990722
2100 pop2 1.01237 0.992524
2200 pop1 1.01175 0.991908
2200 pop2 1.01264 0.992787
2300 pop1 1.01177 0.991929
2300 pop2 1.01277 0.992916
2400 pop1 1.01072 0.990906
2400 pop2 1.01289 0.993028
2500 pop1 1.01037 0.990564
2500 pop2 1.01378 0.993903
2600 pop1 1.01219 0.99234
2600 pop2 1.01162 0.99178
2700 pop1 1.01147 0.991636
2700 pop2 1.01272 0.992863
2800 pop1 1.013 0.993137
2800 pop2 1.01348 0.993606
2900 pop1 1.01237 0.992524
2900 pop2 1.01308 0.993217
3000 pop1 1.01269 0.992832
3000 pop2 1.01209 0.99224
3100 pop1 1.0117 0.991863
3100 pop2 1.01099 0.991169
3200 pop1 1.01256 0.992708
3200 pop2 1.01279 0.992936
3300 pop1 1.01293 0.993067
3300 pop2 1.01216 0.992313
3400 pop1 1.01193 0.992086
3400 pop2 1.01143 0.991596
3500 pop1 1.01394 0.994058
3500 pop2 1.01135 0.991519
3600 pop1 1.01129 0.991466
3600 pop2 1.01331 0.99344
3700 pop1 1.01072 0.990903
3700 pop2 1.01259 0.992732
3800 pop1 1.0113 0.991467
3800 pop2 1.01262 0.992768
3900 pop1 1.01271 0.992857
3900 pop2 1.01072 0.990898
4000 pop1 1.01069 0.990871
4000 pop2 1.01367 0.99379
4100 pop1 1.01141 0.991575
4100 pop2 1.01348 0.993611
4200 pop1 1.01026 0.990455
4200 pop2 1.01321 0.993344
4300 pop1 1.0123 0.992455
4300 pop2 1.01453 0.994638
4400 pop1 1.01266 0.992807
4400 pop2 1.01255 0.992695
4500 pop1 1.01099 0.991162
4500 pop2 1.01411 0.994227
4600 pop1 1.01166 0.99182
4600 pop2 1.01333 0.993462
4700 pop1 1.01109 0.99127
4700 pop2 1.01315 0.993285
4800 pop1 1.01171 0.991871
4800 pop2 1.01147 0.991636
4900 pop1 1.01007 0.990262
4900 pop2 1.01459 0.994696
5000 pop1 1.01067 0.990857
5000 pop2 1.01425 0.994366
