1 pop1 1.0 0.909091
1 pop2 1.0 0.909091
100 pop1 1.04104 0.946402
100 pop2 1.03601 0.94183
200 pop1 1.03923 0.944752
200 pop2 1.03807 0.943702
300 pop1 1.04381 0.948921
300 pop2 1.03858 0.944165
400 pop1 1.04303 0.948205
400 pop2 1.03877 0.944336
500 pop1 1.03649 0.942266
500 pop2 1.03814 0.943765
600 pop1 1.03863 0.944205
600 pop2 1.04104 0.946401
700 pop1 1.03346 0.939506
700 pop2 1.03987 0.945334
800 pop1 1.03813 0.943755
800 pop2 1.04044 0.945851
900 pop1 1.04126 0.946597
900 pop2 1.03224 0.938396
1000 pop1 1.04302 0.948196
1000 pop2 1.03466 0.940598
1100 pop1 1.09507 0.995523
1100 pop2 0.992719 0.902472
1200 pop1 1.10205 1.00187
1200 pop2 0.999783 0.908893
1300 pop1 1.1025 1.00227
1300 pop2 1.0 0.909091
1400 pop1 1.1025 1.00227
1400 pop2 1.0 0.909091
1500 pop1 1.1025 1.00227
1500 pop2 1.0 0.909091
1600 pop1 1.1025 1.00227
1600 pop2 1.0 0.909091
1700 pop1 1.1025 1.00227
1700 pop2 1.0 0.909091
1800 pop1 1.1025 1.00227
1800 pop2 1.0 0.909091
1900 pop1 1.1025 1.00227
1900 pop2 1.0 0.909091
2000 pop1 1.1025 1.00227
2000 pop2 1.0 0.909091
2100 pop1 1.1025 1.00227
2100 pop2 1.0 0.909091
2200 pop1 1.1025 1.00227
2200 pop2 1.0 0.909091
2300 pop1 1.1025 1.00227
2300 pop2 1.0 0.909091
2400 pop1 1.1025 1.00227
2400 pop2 1.0 0.909091
2500 pop1 1.1025 1.00227
2500 pop2 1.0 0.909091
2600 pop1 1.1025 1.00227
2600 pop2 1.0 0.909091
2700 pop1 1.1025 1.00227
2700 pop2 1.0 0.909091
2800 pop1 1.1025 1.00227
2800 pop2 1.0 0.909091
2900 pop1 1.1025 1.00227
2900 pop2 1.0 0.909091
3000 pop1 1.1025 1.00227
3000 pop2 1.0 0.909091
3100 pop1 1.1025 1.00227
3100 pop2 1.0 0.909091
3200 pop1 1.1025 1.00227
3200 pop2 1.0 0.909091
3300 pop1 1.1025 1.00227
3300 pop2 1.0 0.909091
3400 pop1 1.1025 1.00227
3400 pop2 1.0 0.909091
3500 pop1 1.1025 1.00227
3500 pop2 1.0 0.909091
3600 pop1 1.1025 1.00227
3600 pop2 1.0 0.909091
3700 pop1 1.1025 1.00227
3700 pop2 1.0 0.909091
3800 pop1 1.1025 1.00227
3800 pop2 1.0 0.909091
3900 pop1 1.1025 1.00227
3900 pop2 1.0 0.909091
4000 pop1 1.1025 1.00227
4000 pop2 1.0 0.909091
4100 pop1 1.1025 1.00227
4100 pop2 1.0 0.909091
4200 pop1 1.1025 1.00227
4200 pop2 1.0 0.909091
4300 pop1 1.1025 1.00227
4300 pop2 1.0 0.909091
4400 pop1 1.1025 1.00227
4400 pop2 1.0 0.909091
4500 pop1 1.1025 1.00227
4500 pop2 1.0 0.909091
4600 pop1 1.1025 1.00227
4600 pop2 1.0 0.909091
4700 pop1 1.1025 1.00227
4700 pop2 1.0 0.909091
4800 pop1 1.1025 1.00227
4800 pop2 1.0 0.909091
4900 pop1 1.1025 1.00227
4900 pop2 1.0 0.909091
5000 pop1 1.1025 1.00227
5000 pop2 1.0 0.909091
