1 pop1 1.0 0.980392
1 pop2 1.0 0.980392
100 pop1 1.00365 0.983974
100 pop2 1.00684 0.987094
200 pop1 1.00371 0.984033
200 pop2 1.00733 0.98758
300 pop1 1.00539 0.985678
300 pop2 1.00602 0.986296
400 pop1 1.00433 0.984641
400 pop2 1.00452 0.984828
500 pop1 1.00415 0.984461
500 pop2 1.00704 0.987292
600 pop1 1.00574 0.986022
600 pop2 1.00592 0.986199
700 pop1 1.00582 0.986103
700 pop2 1.00325 0.983575
800 pop1 1.00543 0.98572
800 pop2 1.00345 0.983775
900 pop1 1.00735 0.987598
900 pop2 1.00525 0.985544
1000 pop1 1.00721 0.987457
1000 pop2 1.00302 0.983357
1100 pop1 1.00732 0.987564
1100 pop2 1.00406 0.984368
1200 pop1 1.00942 0.98963
1200 pop2 1.01117 0.991342
1300 pop1 1.00826 0.988489
1300 pop2 1.01494 0.995037
1400 pop1 1.00694 0.987194
1400 pop2 1.01473 0.994836
1500 pop1 1.00992 0.990121
1500 pop2 1.01337 0.993503
1600 pop1 1.0096 0.989804
1600 pop2 1.01469 0.994793
1700 pop1 1.0085 0.988723
1700 pop2 1.01283 0.992972
1800 pop1 1.00902 0.989238
1800 pop2 1.01348 0.99361
1900 pop1 1.00957 0.989778
1900 pop2 1.01514 0.995236
2000 pop1 1.00969 0.98989
2000 pop2 1.01412 0.994235
2100 pop1 1.01092 0.991101
2100 pop2 1.01284 0.992982
2200 pop1 1.00771 0.98795
2200 pop2 1.01411 0.994221
2300 pop1 1.00772 0.987961
2300 pop2 1.01467 0.99477
2400 pop1 1.01035 0.990535
2400 pop2 1.01278 0.992924
2500 pop1 1.00898 0.989193
2500 pop2 1.01214 0.992298
2600 pop1 1.00839 0.988619
2600 pop2 1.0145 0.994604
2700 pop1 1.0089 0.989121
2700 pop2 1.01435 0.994461
2800 pop1 1.0108 0.990983
2800 pop2 1.01296 0.993101
2900 pop1 1.01091 0.991088
2900 pop2 1.01341 0.993541
3000 pop1 1.01106 0.99123
3000 pop2 1.01459 0.994698
3100 pop1 1.01137 0.991543
3100 pop2 1.01406 0.994178
3200 pop1 1.01025 0.990442
3200 pop2 1.01397 0.994089
3300 pop1 1.00885 0.98907
3300 pop2 1.01483 0.994933
3400 pop1 1.00904 0.989252
3400 pop2 1.01469 0.994794
3500 pop1 1.0075 0.987746
3500 pop2 1.01477 0.994869
3600 pop1 1.00878 0.988995
3600 pop2 1.01555 0.995641
3700 pop1 1.00863 0.988851
3700 pop2 1.01494 0.995043
3800 pop1 1.00958 0.989785
3800 pop2 1.01434 0.99445
3900 pop1 1.01014 0.990334
3900 pop2 1.01341 0.993536
4000 pop1 1.01112 0.991296
4000 pop2 1.01261 0.992758
4100 pop1 1.01161 0.991771
4100 pop2 1.0117 0.991863
4200 pop1 1.01227 0.992424
4200 pop2 1.0126 0.992749
4300 pop1 1.01094 0.991113
4300 pop2 1.01401 0.994131
4400 pop1 1.0099 0.990096
4400 pop2 1.01343 0.993554
4500 pop1 1.01188 0.992036
4500 pop2 1.01376 0.993886
4600 pop1 1.01279 0.992931
4600 pop2 1.01147 0.991641
4700 pop1 1.01526 0.995353
4700 pop2 1.01108 0.991258
4800 pop1 1.0127 0.99284
4800 pop2 1.01077 0.99095
4900 pop1 1.01295 0.993085
4900 pop2 1.01225 0.992406
5000 pop1 1.01262 0.992761
5000 pop2 1.01228 0.992429
