1 pop1 1.0 0.833333
1 pop2 1.0 0.833333
100 pop1 1.13432 0.945271
100 pop2 1.12446 0.937051
200 pop1 1.12657 0.938808
200 pop2 1.12291 0.93576
300 pop1 1.12978 0.941484
300 pop2 1.12041 0.933677
400 pop1 1.12203 0.935029
400 pop2 1.12523 0.93769
500 pop1 1.12275 0.935627
500 pop2 1.125 0.937499
600 pop1 1.13051 0.94209
600 pop2 1.11886 0.932385
700 pop1 1.12141 0.934511
700 pop2 1.12329 0.936072
800 pop1 1.12982 0.941513
800 pop2 1.1293 0.941081
900 pop1 1.12884 0.940703
900 pop2 1.13768 0.948063
1000 pop1 1.1193 0.932754
1000 pop2 1.13249 0.943745
1100 pop1 1.20296 1.00247
1100 pop2 0.977473 0.814561
1200 pop1 1.20897 1.00748
1200 pop2 0.999341 0.832784
1300 pop1 1.21 1.00833
1300 pop2 1.0 0.833333
1400 pop1 1.21 1.00833
1400 pop2 1.0 0.833333
1500 pop1 1.21 1.00833
1500 pop2 1.0 0.833333
1600 pop1 1.21 1.00833
1600 pop2 1.0 0.833333
1700 pop1 1.21 1.00833
1700 pop2 1.0 0.833333
1800 pop1 1.21 1.00833
1800 pop2 1.0 0.833333
1900 pop1 1.21 1.00833
1900 pop2 1.0 0.833333
2000 pop1 1.21 1.00833
2000 pop2 1.0 0.833333
2100 pop1 1.21 1.00833
2100 pop2 1.0 0.833333
2200 pop1 1.21 1.00833
2200 pop2 1.0 0.833333
2300 pop1 1.21 1.00833
2300 pop2 1.0 0.833333
2400 pop1 1.21 1.00833
2400 pop2 1.0 0.833333
2500 pop1 1.21 1.00833
2500 pop2 1.0 0.833333
2600 pop1 1.21 1.00833
2600 pop2 1.0 0.833333
2700 pop1 1.21 1.00833
2700 pop2 1.0 0.833333
2800 pop1 1.21 1.00833
2800 pop2 1.0 0.833333
2900 pop1 1.21 1.00833
2900 pop2 1.0 0.833333
3000 pop1 1.21 1.00833
3000 pop2 1.0 0.833333
3100 pop1 1.21 1.00833
3100 pop2 1.0 0.833333
3200 pop1 1.21 1.00833
3200 pop2 1.0 0.833333
3300 pop1 1.21 1.00833
3300 pop2 1.0 0.833333
3400 pop1 1.21 1.00833
3400 pop2 1.0 0.833333
3500 pop1 1.21 1.00833
3500 pop2 1.0 0.833333
3600 pop1 1.21 1.00833
3600 pop2 1.0 0.833333
3700 pop1 1.21 1.00833
3700 pop2 1.0 0.833333
3800 pop1 1.21 1.00833
3800 pop2 1.0 0.833333
3900 pop1 1.21 1.00833
3900 pop2 1.0 0.833333
4000 pop1 1.21 1.00833
4000 pop2 1.0 0.833333
4100 pop1 1.21 1.00833
4100 pop2 1.0 0.833333
4200 pop1 1.21 1.00833
4200 pop2 1.0 0.833333
4300 pop1 1.21 1.00833
4300 pop2 1.0 0.833333
4400 pop1 1.21 1.00833
4400 pop2 1.0 0.833333
4500 pop1 1.21 1.00833
4500 pop2 1.0 0.833333
4600 pop1 1.21 1.00833
4600 pop2 1.0 0.833333
4700 pop1 1.21 1.00833
4700 pop2 1.0 0.833333
4800 pop1 1.21 1.00833
4800 pop2 1.0 0.833333
4900 pop1 1.21 1.00833
4900 pop2 1.0 0.833333
5000 pop1 1.21 1.00833
5000 pop2 1.0 0.833333
