1 pop1 1.0 0.980392
1 pop2 1.0 0.980392
100 pop1 1.00716 0.987408
100 pop2 1.00688 0.987134
200 pop1 1.00768 0.987918
200 pop2 1.00675 0.987011
300 pop1 1.00556 0.985844
300 pop2 1.00774 0.987977
400 pop1 1.0094 0.989605
400 pop2 1.00798 0.988214
500 pop1 1.00783 0.988073
500 pop2 1.00978 0.989978
600 pop1 1.01007 0.990269
600 pop2 1.00865 0.988873
700 pop1 1.00872 0.988943
700 pop2 1.00814 0.98837
800 pop1 1.00811 0.988347
800 pop2 1.0095 0.989702
900 pop1 1.00746 0.987701
900 pop2 1.00947 0.989678
1000 pop1 1.00976 0.989958
1000 pop2 1.00828 0.988506
1100 pop1 1.01155 0.991715
1100 pop2 0.996458 0.97692
1200 pop1 1.01402 0.994134
1200 pop2 0.995748 0.976224
1300 pop1 1.01718 0.997235
1300 pop2 0.996064 0.976533
1400 pop1 1.01898 0.999003
1400 pop2 0.996014 0.976485
1500 pop1 1.01979 0.999793
1500 pop2 0.996202 0.976668
1600 pop1 1.02002 1.00002
1600 pop2 0.996608 0.977067
1700 pop1 1.0201 1.0001
1700 pop2 0.996856 0.97731
1800 pop1 1.02011 1.00011
1800 pop2 0.997207 0.977654
1900 pop1 1.02011 1.0001
1900 pop2 0.998061 0.978491
2000 pop1 1.0201 1.0001
2000 pop2 0.998831 0.979246
2100 pop1 1.0201 1.0001
2100 pop2 0.999258 0.979665
2200 pop1 1.0201 1.0001
2200 pop2 0.99937 0.979774
2300 pop1 1.0201 1.0001
2300 pop2 0.999553 0.979954
2400 pop1 1.0201 1.0001
2400 pop2 0.999868 0.980263
2500 pop1 1.0201 1.0001
2500 pop2 0.99992 0.980314
2600 pop1 1.0201 1.0001
2600 pop2 0.999924 0.980318
2700 pop1 1.0201 1.0001
2700 pop2 0.999912 0.980306
2800 pop1 1.0201 1.0001
2800 pop2 0.999693 0.980091
2900 pop1 1.0201 1.0001
2900 pop2 0.999924 0.980318
3000 pop1 1.0201 1.0001
3000 pop2 1.0 0.980392
3100 pop1 1.0201 1.0001
3100 pop2 1.0 0.980392
3200 pop1 1.0201 1.0001
3200 pop2 1.0 0.980392
3300 pop1 1.0201 1.0001
3300 pop2 1.0 0.980392
3400 pop1 1.0201 1.0001
3400 pop2 1.0 0.980392
3500 pop1 1.0201 1.0001
3500 pop2 1.0 0.980392
3600 pop1 1.0201 1.0001
3600 pop2 1.0 0.980392
3700 pop1 1.0201 1.0001
3700 pop2 1.0 0.980392
3800 pop1 1.0201 1.0001
3800 pop2 1.0 0.980392
3900 pop1 1.0201 1.0001
3900 pop2 1.0 0.980392
4000 pop1 1.0201 1.0001
4000 pop2 1.0 0.980392
4100 pop1 1.0201 1.0001
4100 pop2 1.0 0.980392
4200 pop1 1.0201 1.0001
4200 pop2 1.0 0.980392
4300 pop1 1.0201 1.0001
4300 pop2 1.0 0.980392
4400 pop1 1.0201 1.0001
4400 pop2 1.0 0.980392
4500 pop1 1.0201 1.0001
4500 pop2 1.0 0.980392
4600 pop1 1.0201 1.0001
4600 pop2 1.0 0.980392
4700 pop1 1.0201 1.0001
4700 pop2 1.0 0.980392
4800 pop1 1.0201 1.0001
4800 pop2 1.0 0.980392
4900 pop1 1.0201 1.0001
4900 pop2 1.0 0.980392
5000 pop1 1.0201 1.0001
5000 pop2 1.0 0.980392
