1 pop1 1.0 0.909091
1 pop2 1.0 0.909091
100 pop1 1.03756 0.943235
100 pop2 1.03231 0.938464
200 pop1 1.02635 0.933049
200 pop2 1.03005 0.936413
300 pop1 1.04555 0.950503
300 pop2 1.02778 0.934347
400 pop1 1.03728 0.942979
400 pop2 1.03751 0.943187
500 pop1 1.03748 0.943161
500 pop2 1.02832 0.934834
600 pop1 1.02397 0.930886
600 pop2 1.03875 0.94432
700 pop1 1.03621 0.942005
700 pop2 1.03632 0.942109
800 pop1 1.03067 0.936977
800 pop2 1.03493 0.940846
900 pop1 1.02854 0.935039
900 pop2 1.03972 0.945201
1000 pop1 1.03509 0.940995
1000 pop2 1.03232 0.93847
1100 pop1 1.07159 0.974171
1100 pop2 1.04088 0.946254
1200 pop1 1.05856 0.962324
1200 pop2 1.06061 0.964189
1300 pop1 1.05509 0.95917
1300 pop2 1.05916 0.962877
1400 pop1 1.05233 0.956664
1400 pop2 1.07009 0.972805
1500 pop1 1.05571 0.959737
1500 pop2 1.06591 0.969011
1600 pop1 1.0629 0.966269
1600 pop2 1.06231 0.965738
1700 pop1 1.05933 0.963023
1700 pop2 1.06679 0.969807
1800 pop1 1.05384 0.958036
1800 pop2 1.0657 0.968819
1900 pop1 1.06224 0.965674
1900 pop2 1.0617 0.965184
2000 pop1 1.05644 0.960397
2000 pop2 1.06434 0.967581
2100 pop1 1.05472 0.95884
2100 pop2 1.06572 0.968834
2200 pop1 1.0534 0.957638
2200 pop2 1.06889 0.971714
2300 pop1 1.05653 0.960486
2300 pop2 1.06303 0.966391
2400 pop1 1.05465 0.95877
2400 pop2 1.06634 0.969401
2500 pop1 1.06264 0.966039
2500 pop2 1.06006 0.96369
2600 pop1 1.06766 0.970599
2600 pop2 1.05765 0.961498
2700 pop1 1.06524 0.968396
2700 pop2 1.05903 0.962756
2800 pop1 1.06385 0.967139
2800 pop2 1.05949 0.963173
2900 pop1 1.0603 0.963906
2900 pop2 1.06278 0.966162
3000 pop1 1.06032 0.963931
3000 pop2 1.05986 0.963507
3100 pop1 1.06316 0.966508
3100 pop2 1.05695 0.960865
3200 pop1 1.06599 0.969085
3200 pop2 1.0599 0.963543
3300 pop1 1.06258 0.965983
3300 pop2 1.0581 0.961913
3400 pop1 1.06026 0.963877
3400 pop2 1.06384 0.967128
3500 pop1 1.06669 0.969717
3500 pop2 1.05907 0.962789
3600 pop1 1.05982 0.96347
3600 pop2 1.06474 0.967948
3700 pop1 1.06127 0.964788
3700 pop2 1.0598 0.963457
3800 pop1 1.05867 0.962426
3800 pop2 1.0636 0.966909
3900 pop1 1.05995 0.963588
3900 pop2 1.0629 0.966271
4000 pop1 1.06217 0.96561
4000 pop2 1.06341 0.96674
4100 pop1 1.06024 0.963856
4100 pop2 1.06045 0.964044
4200 pop1 1.06336 0.966691
4200 pop2 1.05832 0.962107
4300 pop1 1.05973 0.963393
4300 pop2 1.06466 0.967877
4400 pop1 1.05567 0.959701
4400 pop2 1.06384 0.967128
4500 pop1 1.06884 0.971671
4500 pop2 1.05264 0.956942
4600 pop1 1.07113 0.973757
4600 pop2 1.05246 0.956782
4700 pop1 1.06269 0.966081
4700 pop2 1.05703 0.960938
4800 pop1 1.06298 0.966346
4800 pop2 1.05914 0.962859
4900 pop1 1.06204 0.965489
4900 pop2 1.06249 0.965898
5000 pop1 1.05774 0.961586
5000 pop2 1.06306 0.966415
