1 pop1 1.0 0.980392
1 pop2 1.0 0.980392
100 pop1 1.00349 0.983818
100 pop2 0.999289 0.979695
200 pop1 1.00353 0.983857
200 pop2 1.00113 0.981497
300 pop1 1.00471 0.985014
300 pop2 1.0003 0.980688
400 pop1 1.00628 0.986551
400 pop2 0.998407 0.97883
500 pop1 1.00545 0.98574
500 pop2 0.998262 0.978689
600 pop1 1.00509 0.985383
600 pop2 0.999558 0.979958
700 pop1 1.00411 0.984421
700 pop2 1.00046 0.980845
800 pop1 1.00602 0.986292
800 pop2 0.997289 0.977734
900 pop1 1.0054 0.985682
900 pop2 0.998636 0.979055
1000 pop1 1.00807 0.988308
1000 pop2 0.996137 0.976605
1100 pop1 1.01301 0.993145
1100 pop2 0.993767 0.974281
1200 pop1 1.01562 0.995705
1200 pop2 0.992267 0.972811
1300 pop1 1.01874 0.998762
1300 pop2 0.99115 0.971715
1400 pop1 1.01938 0.999395
1400 pop2 0.99019 0.970775
1500 pop1 1.01936 0.999371
1500 pop2 0.990638 0.971214
1600 pop1 1.02 1.0
1600 pop2 0.99036 0.970941
1700 pop1 1.01941 0.999426
1700 pop2 0.990671 0.971246
1800 pop1 1.01938 0.999395
1800 pop2 0.990901 0.971471
1900 pop1 1.01962 0.999632
1900 pop2 0.9909 0.971471
2000 pop1 1.01982 0.999821
2000 pop2 0.990579 0.971156
2100 pop1 1.01996 0.999957
2100 pop2 0.990487 0.971066
2200 pop1 1.01928 0.999291
2200 pop2 0.990873 0.971444
2300 pop1 1.01987 0.999875
2300 pop2 0.991027 0.971595
2400 pop1 1.01988 0.999881
2400 pop2 0.991964 0.972514
2500 pop1 1.02008 1.00008
2500 pop2 0.992428 0.972968
2600 pop1 1.02012 1.00012
2600 pop2 0.992703 0.973239
2700 pop1 1.02012 1.00011
2700 pop2 0.994171 0.974678
2800 pop1 1.02012 1.00011
2800 pop2 0.993318 0.973842
2900 pop1 1.02011 1.00011
2900 pop2 0.994697 0.975193
3000 pop1 1.02011 1.00011
3000 pop2 0.996242 0.976708
3100 pop1 1.02011 1.00011
3100 pop2 0.996809 0.977264
3200 pop1 1.0201 1.0001
3200 pop2 0.998636 0.979055
3300 pop1 1.0201 1.0001
3300 pop2 0.999294 0.9797
3400 pop1 1.0201 1.0001
3400 pop2 0.999581 0.979981
3500 pop1 1.0201 1.0001
3500 pop2 0.999948 0.980341
3600 pop1 1.0201 1.0001
3600 pop2 0.999928 0.980322
3700 pop1 1.0201 1.0001
3700 pop2 1.0 0.980392
3800 pop1 1.0201 1.0001
3800 pop2 1.0 0.980392
3900 pop1 1.0201 1.0001
3900 pop2 1.0 0.980392
4000 pop1 1.0201 1.0001
4000 pop2 1.0 0.980392
4100 pop1 1.0201 1.0001
4100 pop2 1.0 0.980392
4200 pop1 1.0201 1.0001
4200 pop2 1.0 0.980392
4300 pop1 1.0201 1.0001
4300 pop2 1.0 0.980392
4400 pop1 1.0201 1.0001
4400 pop2 1.0 0.980392
4500 pop1 1.0201 1.0001
4500 pop2 1.0 0.980392
4600 pop1 1.0201 1.0001
4600 pop2 1.0 0.980392
4700 pop1 1.0201 1.0001
4700 pop2 1.0 0.980392
4800 pop1 1.0201 1.0001
4800 pop2 1.0 0.980392
4900 pop1 1.0201 1.0001
4900 pop2 1.0 0.980392
5000 pop1 1.0201 1.0001
5000 pop2 1.0 0.980392
