1 pop1 1.0 0.980392
1 pop2 1.0 0.980392
100 pop1 1.00514 0.985429
100 pop2 1.00744 0.987687
200 pop1 1.00466 0.98496
200 pop2 1.00563 0.985914
300 pop1 1.00482 0.985117
300 pop2 1.00527 0.985562
400 pop1 1.0059 0.98618
400 pop2 1.00271 0.983046
500 pop1 1.00735 0.987599
500 pop2 1.00439 0.984691
600 pop1 1.00684 0.987098
600 pop2 1.00392 0.98424
700 pop1 1.00694 0.987191
700 pop2 1.00268 0.983015
800 pop1 1.00717 0.98742
800 pop2 1.00421 0.984522
900 pop1 1.00979 0.989986
900 pop2 1.00222 0.982573
1000 pop1 1.00982 0.990016
1000 pop2 1.00021 0.980596
1100 pop1 1.00928 0.989487
1100 pop2 1.00767 0.987908
1200 pop1 1.01128 0.991446
1200 pop2 1.00752 0.987768
1300 pop1 1.0111 0.991276
1300 pop2 1.0105 0.990685
1400 pop1 1.01028 0.990474
1400 pop2 1.01182 0.991976
1500 pop1 1.01134 0.991508
1500 pop2 1.01252 0.992666
1600 pop1 1.00889 0.98911
1600 pop2 1.01228 0.992432
1700 pop1 1.00841 0.988636
1700 pop2 1.01519 0.995285
1800 pop1 1.00979 0.989991
1800 pop2 1.01399 0.994107
1900 pop1 1.00974 0.98994
1900 pop2 1.01509 0.995184
2000 pop1 1.00632 0.986589
2000 pop2 1.01622 0.99629
2100 pop1 1.00773 0.987973
2100 pop2 1.01593 0.996011
2200 pop1 1.00809 0.988325
2200 pop2 1.01511 0.995204
2300 pop1 1.00666 0.986917
2300 pop2 1.01666 0.996726
2400 pop1 1.0096 0.989808
2400 pop2 1.01364 0.993768
2500 pop1 1.00964 0.989842
2500 pop2 1.01494 0.995039
2600 pop1 1.0085 0.98873
2600 pop2 1.01374 0.993862
2700 pop1 1.0088 0.989022
2700 pop2 1.01516 0.995256
2800 pop1 1.00896 0.989177
2800 pop2 1.01389 0.994011
2900 pop1 1.01005 0.990246
2900 pop2 1.01266 0.992801
3000 pop1 1.00901 0.989223
3000 pop2 1.0149 0.994999
3100 pop1 1.01168 0.991848
3100 pop2 1.01371 0.993836
3200 pop1 1.01153 0.991693
3200 pop2 1.01228 0.992429
3300 pop1 1.01024 0.990428
3300 pop2 1.01374 0.993864
3400 pop1 1.00924 0.989452
3400 pop2 1.0149 0.994998
3500 pop1 1.01 0.990201
3500 pop2 1.01343 0.993558
3600 pop1 1.01095 0.991125
3600 pop2 1.01372 0.993846
3700 pop1 1.01097 0.991151
3700 pop2 1.01338 0.993505
3800 pop1 1.0111 0.991277
3800 pop2 1.01237 0.992515
3900 pop1 1.01078 0.990958
3900 pop2 1.0124 0.99255
4000 pop1 1.01071 0.990891
4000 pop2 1.01281 0.992954
4100 pop1 1.01041 0.990598
4100 pop2 1.01443 0.994539
4200 pop1 1.01088 0.99106
4200 pop2 1.01261 0.992752
4300 pop1 1.00998 0.990178
4300 pop2 1.01238 0.99253
4400 pop1 1.00849 0.988713
4400 pop2 1.01424 0.994353
4500 pop1 1.01098 0.991158
4500 pop2 1.01351 0.993634
4600 pop1 1.01136 0.991525
4600 pop2 1.01336 0.99349
4700 pop1 1.01107 0.991243
4700 pop2 1.01302 0.993157
4800 pop1 1.0108 0.990978
4800 pop2 1.01327 0.9934
4900 pop1 1.0118 0.991958
4900 pop2 1.01192 0.992079
5000 pop1 1.01276 0.992901
5000 pop2 1.01297 0.993104
