1 pop1 1.0 0.980392
1 pop2 1.0 0.980392
100 pop1 1.00037 0.980759
100 pop2 1.00032 0.980704
200 pop1 0.998813 0.979229
200 pop2 1.00188 0.982231
300 pop1 1.0001 0.98049
300 pop2 1.00126 0.981626
400 pop1 1.00002 0.980415
400 pop2 1.00057 0.980951
500 pop1 1.0007 0.981074
500 pop2 0.999623 0.980023
600 pop1 1.00017 0.98056
600 pop2 1.00044 0.980823
700 pop1 1.00114 0.98151
700 pop2 0.999906 0.9803
800 pop1 0.998056 0.978486
800 pop2 1.00252 0.982862
900 pop1 0.998322 0.978747
900 pop2 1.00143 0.981793
1000 pop1 0.998849 0.979264
1000 pop2 1.00183 0.98219
1100 pop1 1.00254 0.982881
1100 pop2 1.00808 0.988314
1200 pop1 1.00725 0.987497
1200 pop2 1.00764 0.987881
1300 pop1 1.00787 0.988105
1300 pop2 1.01058 0.990765
1400 pop1 1.0086 0.988827
1400 pop2 1.00962 0.989825
1500 pop1 1.00733 0.987582
1500 pop2 1.01071 0.990893
1600 pop1 1.00675 0.987013
1600 pop2 1.01232 0.992466
1700 pop1 1.0069 0.987152
1700 pop2 1.01248 0.992632
1800 pop1 1.00739 0.987642
1800 pop2 1.01236 0.992513
1900 pop1 1.00748 0.987726
1900 pop2 1.01273 0.992875
2000 pop1 1.00694 0.987192
2000 pop2 1.01265 0.992792
2100 pop1 1.00475 0.985053
2100 pop2 1.01508 0.995177
2200 pop1 1.00498 0.985271
2200 pop2 1.01478 0.994882
2300 pop1 1.00465 0.984953
2300 pop2 1.01486 0.994962
2400 pop1 1.00429 0.984599
2400 pop2 1.01591 0.995989
2500 pop1 1.00345 0.983771
2500 pop2 1.01608 0.99616
2600 pop1 1.0029 0.983236
2600 pop2 1.01749 0.997535
2700 pop1 1.00307 0.983399
2700 pop2 1.01662 0.996689
2800 pop1 1.00436 0.984665
2800 pop2 1.01571 0.995798
2900 pop1 1.00234 0.982683
2900 pop2 1.01738 0.997432
3000 pop1 1.00271 0.98305
3000 pop2 1.01735 0.997406
3100 pop1 1.00105 0.981418
3100 pop2 1.01873 0.998757
3200 pop1 1.00126 0.981624
3200 pop2 1.01902 0.999042
3300 pop1 1.00136 0.981728
3300 pop2 1.01883 0.998853
3400 pop1 1.00096 0.981336
3400 pop2 1.01897 0.998995
3500 pop1 1.00121 0.981581
3500 pop2 1.01876 0.998789
3600 pop1 1.00226 0.982611
3600 pop2 1.01788 0.997919
3700 pop1 1.00225 0.982601
3700 pop2 1.01796 0.997997
3800 pop1 1.00076 0.981137
3800 pop2 1.01925 0.999266
3900 pop1 1.00109 0.981465
3900 pop2 1.01905 0.999068
4000 pop1 1.00113 0.981504
4000 pop2 1.01884 0.998862
4100 pop1 1.00078 0.981159
4100 pop2 1.01932 0.999331
4200 pop1 1.00088 0.981256
4200 pop2 1.01918 0.999195
4300 pop1 1.00118 0.981544
4300 pop2 1.01904 0.999061
4400 pop1 1.00134 0.98171
4400 pop2 1.01869 0.998713
4500 pop1 1.00148 0.981844
4500 pop2 1.01868 0.998704
4600 pop1 1.00116 0.981531
4600 pop2 1.01892 0.998945
4700 pop1 1.00063 0.981013
4700 pop2 1.01942 0.99943
4800 pop1 1.00107 0.981441
4800 pop2 1.01894 0.998962
4900 pop1 1.00105 0.981425
4900 pop2 1.01919 0.999206
5000 pop1 1.00122 0.981587
5000 pop2 1.01887 0.99889
