1 pop1 1.0 0.909091
1 pop2 1.0 0.909091
100 pop1 1.0363 0.942087
100 pop2 1.02844 0.934943
200 pop1 1.0356 0.941453
200 pop2 1.03081 0.937101
300 pop1 1.02961 0.93601
300 pop2 1.03871 0.944286
400 pop1 1.03506 0.940961
400 pop2 1.03308 0.939159
500 pop1 1.02935 0.935772
500 pop2 1.03698 0.942711
600 pop1 1.03561 0.941462
600 pop2 1.0384 0.944001
700 pop1 1.04267 0.947884
700 pop2 1.02646 0.93315
800 pop1 1.03318 0.939259
800 pop2 1.03749 0.943177
900 pop1 1.03224 0.938402
900 pop2 1.0375 0.943185
1000 pop1 1.03357 0.93961
1000 pop2 1.03967 0.945151
1100 pop1 1.06485 0.968041
1100 pop2 1.0532 0.957456
1200 pop1 1.05225 0.956589
1200 pop2 1.06544 0.96858
1300 pop1 1.05695 0.96086
1300 pop2 1.06611 0.969188
1400 pop1 1.05611 0.9601
1400 pop2 1.06832 0.971202
1500 pop1 1.06401 0.967282
1500 pop2 1.06035 0.963955
1600 pop1 1.05745 0.961316
1600 pop2 1.06164 0.965132
1700 pop1 1.06124 0.96476
1700 pop2 1.0619 0.965363
1800 pop1 1.06337 0.9667
1800 pop2 1.05733 0.961205
1900 pop1 1.05923 0.962932
1900 pop2 1.05943 0.963115
2000 pop1 1.0575 0.961359
2000 pop2 1.06388 0.96716
2100 pop1 1.06149 0.964989
2100 pop2 1.05895 0.96268
2200 pop1 1.05801 0.961831
2200 pop2 1.06167 0.965154
2300 pop1 1.06457 0.967789
2300 pop2 1.06006 0.963689
2400 pop1 1.06172 0.965203
2400 pop2 1.05972 0.963382
2500 pop1 1.06089 0.964443
2500 pop2 1.06225 0.96568
2600 pop1 1.05871 0.962467
2600 pop2 1.06094 0.964494
2700 pop1 1.05288 0.957163
2700 pop2 1.0679 0.970815
2800 pop1 1.06054 0.96413
2800 pop2 1.06368 0.966984
2900 pop1 1.05983 0.963481
2900 pop2 1.06461 0.967831
3000 pop1 1.06538 0.968531
3000 pop2 1.05689 0.960806
3100 pop1 1.06682 0.969834
3100 pop2 1.06351 0.966827
3200 pop1 1.05941 0.963099
3200 pop2 1.06039 0.963987
3300 pop1 1.05732 0.961199
3300 pop2 1.05998 0.963618
3400 pop1 1.05122 0.955651
3400 pop2 1.06693 0.96994
3500 pop1 1.06422 0.967471
3500 pop2 1.05923 0.962939
3600 pop1 1.06374 0.96704
3600 pop2 1.06175 0.965232
3700 pop1 1.06465 0.967861
3700 pop2 1.0575 0.961368
3800 pop1 1.07122 0.973834
3800 pop2 1.05603 0.960023
3900 pop1 1.06573 0.968846
3900 pop2 1.05664 0.960583
4000 pop1 1.0678 0.970724
4000 pop2 1.05495 0.959042
4100 pop1 1.06164 0.965124
4100 pop2 1.06088 0.964436
4200 pop1 1.05801 0.961827
4200 pop2 1.06434 0.967582
4300 pop1 1.06363 0.96694
4300 pop2 1.0587 0.962454
4400 pop1 1.06358 0.966892
4400 pop2 1.06082 0.964386
4500 pop1 1.06218 0.965618
4500 pop2 1.06075 0.964316
4600 pop1 1.0668 0.969822
4600 pop2 1.05654 0.960489
4700 pop1 1.06167 0.965156
4700 pop2 1.06213 0.965571
4800 pop1 1.05898 0.96271
4800 pop2 1.0672 0.970185
4900 pop1 1.06162 0.965107
4900 pop2 1.06276 0.966142
5000 pop1 1.06333 0.966662
5000 pop2 1.05872 0.962476
