1 pop1 1.0 0.833333
1 pop2 1.0 0.833333
100 pop1 1.12358 0.936319
100 pop2 1.11886 0.932384
200 pop1 1.12586 0.938216
200 pop2 1.12981 0.941512
300 pop1 1.11786 0.931553
300 pop2 1.12185 0.934873
400 pop1 1.12456 0.937135
400 pop2 1.1184 0.931999
500 pop1 1.12029 0.933579
500 pop2 1.12083 0.934027
600 pop1 1.12015 0.933459
600 pop2 1.12242 0.935348
700 pop1 1.12389 0.936577
700 pop2 1.1224 0.93533
800 pop1 1.11918 0.932653
800 pop2 1.1246 0.937167
900 pop1 1.12701 0.939174
900 pop2 1.11987 0.933226
1000 pop1 1.11541 0.92951
1000 pop2 1.13078 0.942317
1100 pop1 1.14337 0.952805
1100 pop2 1.14799 0.956659
1200 pop1 1.13601 0.946673
1200 pop2 1.14396 0.953298
1300 pop1 1.13906 0.949219
1300 pop2 1.14466 0.953881
1400 pop1 1.13444 0.945366
1400 pop2 1.14768 0.956396
1500 pop1 1.13696 0.947465
1500 pop2 1.14928 0.957737
1600 pop1 1.1348 0.945663
1600 pop2 1.14386 0.95322
1700 pop1 1.14146 0.951214
1700 pop2 1.1414 0.951166
1800 pop1 1.14087 0.950723
1800 pop2 1.1484 0.956997
1900 pop1 1.13335 0.94446
1900 pop2 1.14625 0.955209
2000 pop1 1.13883 0.949026
2000 pop2 1.14724 0.95603
2100 pop1 1.13949 0.949571
2100 pop2 1.15029 0.958572
2200 pop1 1.14405 0.953371
2200 pop2 1.14472 0.953932
2300 pop1 1.13765 0.948042
2300 pop2 1.15342 0.961186
2400 pop1 1.14275 0.952289
2400 pop2 1.13751 0.947922
2500 pop1 1.14714 0.955952
2500 pop2 1.144 0.95333
2600 pop1 1.14448 0.953729
2600 pop2 1.14401 0.953344
2700 pop1 1.14623 0.955193
2700 pop2 1.13985 0.949874
2800 pop1 1.1471 0.955917
2800 pop2 1.13786 0.94822
2900 pop1 1.14265 0.952205
2900 pop2 1.14159 0.951323
3000 pop1 1.14417 0.953473
3000 pop2 1.14597 0.954977
3100 pop1 1.14383 0.953195
3100 pop2 1.13922 0.949347
3200 pop1 1.13798 0.94832
3200 pop2 1.14898 0.957482
3300 pop1 1.14952 0.957933
3300 pop2 1.13713 0.947611
3400 pop1 1.14552 0.954603
3400 pop2 1.14569 0.954742
3500 pop1 1.13814 0.948454
3500 pop2 1.13932 0.949437
3600 pop1 1.13839 0.948661
3600 pop2 1.14031 0.950255
3700 pop1 1.14447 0.953722
3700 pop2 1.14442 0.953687
3800 pop1 1.14504 0.954202
3800 pop2 1.13616 0.946802
3900 pop1 1.13926 0.94938
3900 pop2 1.13924 0.949366
4000 pop1 1.1447 0.953914
4000 pop2 1.14799 0.956661
4100 pop1 1.13717 0.947641
4100 pop2 1.14075 0.950626
4200 pop1 1.14222 0.951854
4200 pop2 1.14443 0.953689
4300 pop1 1.13732 0.947765
4300 pop2 1.14319 0.952662
4400 pop1 1.14793 0.956612
4400 pop2 1.13661 0.947176
4500 pop1 1.145 0.954168
4500 pop2 1.14189 0.951575
4600 pop1 1.1378 0.948163
4600 pop2 1.14616 0.95513
4700 pop1 1.14449 0.953742
4700 pop2 1.148 0.956669
4800 pop1 1.14342 0.952848
4800 pop2 1.13859 0.948829
4900 pop1 1.14217 0.951804
4900 pop2 1.14211 0.951758
5000 pop1 1.14518 0.95432
5000 pop2 1.14062 0.950516
