1 pop1 1.0 0.980392
1 pop2 1.0 0.980392
100 pop1 1.00217 0.982523
100 pop2 1.00137 0.981737
200 pop1 0.998799 0.979214
200 pop2 1.00313 0.983462
300 pop1 1.00007 0.980457
300 pop2 1.00323 0.983559
400 pop1 1.0003 0.980689
400 pop2 1.0014 0.981767
500 pop1 0.998464 0.978886
500 pop2 1.00286 0.983192
600 pop1 1.00138 0.981741
600 pop2 1.00048 0.980861
700 pop1 1.0013 0.981663
700 pop2 1.00037 0.980757
800 pop1 1.00031 0.980692
800 pop2 1.00116 0.981526
900 pop1 0.999431 0.979834
900 pop2 1.00361 0.983935
1000 pop1 0.997874 0.978307
1000 pop2 1.00412 0.984431
1100 pop1 1.0027 0.983039
1100 pop2 1.00566 0.985939
1200 pop1 1.00736 0.987605
1200 pop2 1.00686 0.987119
1300 pop1 1.00656 0.986823
1300 pop2 1.01021 0.990404
1400 pop1 1.0063 0.986569
1400 pop2 1.01253 0.992679
1500 pop1 1.0048 0.985096
1500 pop2 1.01401 0.994128
1600 pop1 1.00498 0.985277
1600 pop2 1.01388 0.994005
1700 pop1 1.00451 0.984813
1700 pop2 1.01545 0.995542
1800 pop1 1.00578 0.986055
1800 pop2 1.0144 0.994511
1900 pop1 1.00683 0.987092
1900 pop2 1.01404 0.994152
2000 pop1 1.00808 0.988312
2000 pop2 1.01263 0.992773
2100 pop1 1.00731 0.98756
2100 pop2 1.01304 0.993176
2200 pop1 1.00595 0.986227
2200 pop2 1.01465 0.994753
2300 pop1 1.00642 0.98669
2300 pop2 1.01379 0.993909
2400 pop1 1.00735 0.987598
2400 pop2 1.01386 0.993981
2500 pop1 1.00566 0.985941
2500 pop2 1.01531 0.9954
2600 pop1 1.00451 0.984815
2600 pop2 1.01626 0.99633
2700 pop1 1.0045 0.984808
2700 pop2 1.01639 0.99646
2800 pop1 1.00604 0.986314
2800 pop2 1.01493 0.995031
2900 pop1 1.00469 0.984986
2900 pop2 1.01563 0.995718
3000 pop1 1.00442 0.984728
3000 pop2 1.01608 0.996157
3100 pop1 1.00438 0.984683
3100 pop2 1.01601 0.996086
3200 pop1 1.00579 0.98607
3200 pop2 1.01493 0.995031
3300 pop1 1.00323 0.983556
3300 pop2 1.01683 0.996897
3400 pop1 1.00407 0.984378
3400 pop2 1.01633 0.996398
3500 pop1 1.00627 0.986541
3500 pop2 1.01489 0.994993
3600 pop1 1.00582 0.986094
3600 pop2 1.01484 0.994942
3700 pop1 1.0064 0.986671
3700 pop2 1.01402 0.994133
3800 pop1 1.00712 0.987375
3800 pop2 1.01335 0.993481
3900 pop1 1.00627 0.986537
3900 pop2 1.01442 0.994531
4000 pop1 1.00567 0.985953
4000 pop2 1.01517 0.995267
4100 pop1 1.00626 0.986529
4100 pop2 1.01457 0.994674
4200 pop1 1.00625 0.986518
4200 pop2 1.01392 0.994042
4300 pop1 1.00571 0.985993
4300 pop2 1.0151 0.9952
4400 pop1 1.00559 0.98587
4400 pop2 1.01483 0.994934
4500 pop1 1.00629 0.986554
4500 pop2 1.01439 0.994505
4600 pop1 1.00665 0.98691
4600 pop2 1.01397 0.994085
4700 pop1 1.0066 0.986866
4700 pop2 1.01396 0.994082
4800 pop1 1.00687 0.987126
4800 pop2 1.01448 0.99459
4900 pop1 1.0049 0.985194
4900 pop2 1.01543 0.995524
5000 pop1 1.00453 0.984831
5000 pop2 1.01678 0.996843
