1 pop1 1.0 0.833333
1 pop2 1.0 0.833333
100 pop1 1.18885 0.990712
100 pop2 1.19267 0.993894
200 pop1 1.1881 0.990081
200 pop2 1.19211 0.993425
300 pop1 1.19064 0.992196
300 pop2 1.19207 0.993394
400 pop1 1.18834 0.99028
400 pop2 1.19023 0.991857
500 pop1 1.19144 0.992868
500 pop2 1.18427 0.98689
600 pop1 1.19045 0.99204
600 pop2 1.18788 0.989904
700 pop1 1.18985 0.991541
700 pop2 1.19162 0.99302
800 pop1 1.18806 0.990046
800 pop2 1.19239 0.993655
900 pop1 1.18629 0.988579
900 pop2 1.19109 0.992579
1000 pop1 1.1911 0.992584
1000 pop2 1.19011 0.99176
1100 pop1 1.19323 0.994357
1100 pop2 1.18648 0.988734
1200 pop1 1.18953 0.991274
1200 pop2 1.19204 0.993368
1300 pop1 1.18768 0.989737
1300 pop2 1.18771 0.989762
1400 pop1 1.19263 0.993855
1400 pop2 1.18619 0.988492
1500 pop1 1.19343 0.994522
1500 pop2 1.19036 0.991968
1600 pop1 1.19203 0.993355
1600 pop2 1.18855 0.990461
1700 pop1 1.19234 0.99362
1700 pop2 1.19052 0.992099
1800 pop1 1.18789 0.989912
1800 pop2 1.18921 0.991008
1900 pop1 1.19051 0.992092
1900 pop2 1.18438 0.986983
2000 pop1 1.19469 0.995572
2000 pop2 1.187 0.989164
2100 pop1 1.18975 0.99146
2100 pop2 1.19008 0.991736
2200 pop1 1.18922 0.991018
2200 pop2 1.19223 0.993524
2300 pop1 1.19054 0.99212
2300 pop2 1.18743 0.989521
2400 pop1 1.19437 0.995309
2400 pop2 1.19316 0.994301
2500 pop1 1.18944 0.991201
2500 pop2 1.18893 0.990772
2600 pop1 1.19198 0.993316
2600 pop2 1.18958 0.991318
2700 pop1 1.19081 0.992342
2700 pop2 1.19489 0.995741
2800 pop1 1.19495 0.995794
2800 pop2 1.18934 0.991118
2900 pop1 1.19005 0.991711
2900 pop2 1.19111 0.992591
3000 pop1 1.18996 0.991632
3000 pop2 1.19042 0.992016
3100 pop1 1.18827 0.990222
3100 pop2 1.18926 0.991047
3200 pop1 1.18948 0.991231
3200 pop2 1.18898 0.990819
3300 pop1 1.19012 0.991765
3300 pop2 1.19038 0.991982
3400 pop1 1.18693 0.989107
3400 pop2 1.19338 0.99448
3500 pop1 1.1902 0.991832
3500 pop2 1.1946 0.9955
3600 pop1 1.18992 0.991601
3600 pop2 1.19214 0.993451
3700 pop1 1.18934 0.991117
3700 pop2 1.19223 0.993523
3800 pop1 1.1884 0.990335
3800 pop2 1.18908 0.990903
3900 pop1 1.19017 0.991809
3900 pop2 1.19043 0.992023
4000 pop1 1.1919 0.993253
4000 pop2 1.1875 0.989586
4100 pop1 1.19355 0.994627
4100 pop2 1.18338 0.986153
4200 pop1 1.18964 0.991367
4200 pop2 1.19056 0.992132
4300 pop1 1.19046 0.992049
4300 pop2 1.19181 0.993171
4400 pop1 1.18776 0.989797
4400 pop2 1.1874 0.989497
4500 pop1 1.18954 0.99128
4500 pop2 1.18864 0.990533
4600 pop1 1.1872 0.989331
4600 pop2 1.18984 0.991533
4700 pop1 1.1955 0.996249
4700 pop2 1.18328 0.98607
4800 pop1 1.18894 0.990786
4800 pop2 1.19133 0.992772
4900 pop1 1.18783 0.989857
4900 pop2 1.19313 0.994275
5000 pop1 1.19081 0.992346
5000 pop2 1.18943 0.99119
