1 pop1 1.0 0.833333
1 pop2 1.0 0.833333
100 pop1 1.11862 0.932187
100 pop2 1.12592 0.938265
200 pop1 1.13321 0.944341
200 pop2 1.12017 0.933475
300 pop1 1.12012 0.933437
300 pop2 1.12221 0.935171
400 pop1 1.11868 0.932237
400 pop2 1.1202 0.933499
500 pop1 1.13075 0.94229
500 pop2 1.1264 0.93867
600 pop1 1.12171 0.934754
600 pop2 1.12684 0.939035
700 pop1 1.1265 0.938746
700 pop2 1.12191 0.934925
800 pop1 1.12523 0.937693
800 pop2 1.11396 0.928303
900 pop1 1.12233 0.935278
900 pop2 1.1132 0.92767
1000 pop1 1.1141 0.928413
1000 pop2 1.12768 0.939735
1100 pop1 1.14751 0.956255
1100 pop2 1.1414 0.951169
1200 pop1 1.14227 0.951891
1200 pop2 1.14544 0.954537
1300 pop1 1.13708 0.947567
1300 pop2 1.14194 0.951619
1400 pop1 1.13114 0.94262
1400 pop2 1.141 0.95083
1500 pop1 1.1396 0.949667
1500 pop2 1.14853 0.957105
1600 pop1 1.13478 0.945649
1600 pop2 1.14785 0.956539
1700 pop1 1.13942 0.949516
1700 pop2 1.14677 0.955642
1800 pop1 1.14873 0.957276
1800 pop2 1.14162 0.951352
1900 pop1 1.14391 0.953257
1900 pop2 1.14763 0.956358
2000 pop1 1.13788 0.94823
2000 pop2 1.14677 0.955639
2100 pop1 1.13518 0.945982
2100 pop2 1.14884 0.957371
2200 pop1 1.1429 0.952419
2200 pop2 1.14206 0.951713
2300 pop1 1.13995 0.949959
2300 pop2 1.14787 0.956561
2400 pop1 1.13666 0.947218
2400 pop2 1.14976 0.958136
2500 pop1 1.135 0.94583
2500 pop2 1.1523 0.960246
2600 pop1 1.14378 0.953152
2600 pop2 1.13893 0.94911
2700 pop1 1.14158 0.951313
2700 pop2 1.14391 0.95326
2800 pop1 1.14394 0.953279
2800 pop2 1.1413 0.951087
2900 pop1 1.14399 0.953323
2900 pop2 1.13563 0.946362
3000 pop1 1.14458 0.95382
3000 pop2 1.14682 0.955682
3100 pop1 1.14277 0.952305
3100 pop2 1.14639 0.955326
3200 pop1 1.13814 0.948448
3200 pop2 1.14144 0.951202
3300 pop1 1.14258 0.952148
3300 pop2 1.13929 0.949408
3400 pop1 1.14466 0.95388
3400 pop2 1.14255 0.952123
3500 pop1 1.14581 0.954841
3500 pop2 1.14391 0.953261
3600 pop1 1.14429 0.953576
3600 pop2 1.14544 0.954535
3700 pop1 1.1392 0.949335
3700 pop2 1.13944 0.949536
3800 pop1 1.15153 0.959608
3800 pop2 1.1327 0.943915
3900 pop1 1.14311 0.952589
3900 pop2 1.14109 0.950905
4000 pop1 1.14148 0.951236
4000 pop2 1.13862 0.948852
4100 pop1 1.14395 0.953288
4100 pop2 1.14241 0.952008
4200 pop1 1.14443 0.953692
4200 pop2 1.14509 0.954238
4300 pop1 1.13933 0.94944
4300 pop2 1.13976 0.949804
4400 pop1 1.14446 0.95372
4400 pop2 1.14684 0.955697
4500 pop1 1.13848 0.948733
4500 pop2 1.1408 0.950665
4600 pop1 1.14268 0.952236
4600 pop2 1.1419 0.951587
4700 pop1 1.14492 0.954101
4700 pop2 1.14352 0.952936
4800 pop1 1.13628 0.946903
4800 pop2 1.14499 0.954159
4900 pop1 1.14327 0.952722
4900 pop2 1.14 0.949997
5000 pop1 1.14445 0.953709
5000 pop2 1.13509 0.94591
