1 pop1 1.0 0.833333
1 pop2 1.0 0.833333
100 pop1 1.06698 0.889148
100 pop2 1.068 0.890001
200 pop1 1.0711 0.892587
200 pop2 1.07692 0.897431
300 pop1 1.06978 0.891482
300 pop2 1.06729 0.889405
400 pop1 1.0658 0.888164
400 pop2 1.06777 0.889805
500 pop1 1.0659 0.888254
500 pop2 1.06864 0.890535
600 pop1 1.06958 0.891321
600 pop2 1.06554 0.887951
700 pop1 1.0693 0.891087
700 pop2 1.07878 0.898987
800 pop1 1.06596 0.888302
800 pop2 1.07704 0.897535
900 pop1 1.07046 0.892046
900 pop2 1.06922 0.891013
1000 pop1 1.0772 0.897664
1000 pop2 1.07949 0.899579
1100 pop1 1.11266 0.927217
1100 pop2 1.12293 0.935772
1200 pop1 1.11035 0.925291
1200 pop2 1.12977 0.941479
1300 pop1 1.10961 0.924676
1300 pop2 1.13945 0.949542
1400 pop1 1.11502 0.929181
1400 pop2 1.12778 0.939815
1500 pop1 1.12461 0.937174
1500 pop2 1.11821 0.931846
1600 pop1 1.12658 0.938818
1600 pop2 1.11583 0.929856
1700 pop1 1.12243 0.935357
1700 pop2 1.11448 0.928737
1800 pop1 1.13613 0.946776
1800 pop2 1.11416 0.928468
1900 pop1 1.12717 0.939311
1900 pop2 1.1159 0.929914
2000 pop1 1.12883 0.940691
2000 pop2 1.12213 0.935105
2100 pop1 1.12851 0.940427
2100 pop2 1.12144 0.934536
2200 pop1 1.11969 0.933075
2200 pop2 1.12217 0.935145
2300 pop1 1.12033 0.933607
2300 pop2 1.12084 0.934035
2400 pop1 1.12853 0.940444
2400 pop2 1.11589 0.929912
2500 pop1 1.13138 0.942817
2500 pop2 1.1132 0.927665
2600 pop1 1.13141 0.942846
2600 pop2 1.10758 0.922986
2700 pop1 1.12405 0.936711
2700 pop2 1.1229 0.935747
2800 pop1 1.13053 0.942107
2800 pop2 1.11515 0.929289
2900 pop1 1.12693 0.93911
2900 pop2 1.11897 0.932473
3000 pop1 1.12543 0.937856
3000 pop2 1.11927 0.932723
3100 pop1 1.12157 0.934642
3100 pop2 1.1215 0.934582
3200 pop1 1.12972 0.941435
3200 pop2 1.11808 0.931731
3300 pop1 1.13239 0.94366
3300 pop2 1.11051 0.925422
3400 pop1 1.11828 0.931902
3400 pop2 1.11894 0.932453
3500 pop1 1.12034 0.933614
3500 pop2 1.12206 0.935052
3600 pop1 1.11354 0.927952
3600 pop2 1.13018 0.941813
3700 pop1 1.12132 0.934435
3700 pop2 1.12711 0.939259
3800 pop1 1.12465 0.937208
3800 pop2 1.1229 0.935753
3900 pop1 1.12375 0.936456
3900 pop2 1.11848 0.932063
4000 pop1 1.11781 0.931512
4000 pop2 1.12132 0.934433
4100 pop1 1.12294 0.935787
4100 pop2 1.12691 0.939094
4200 pop1 1.12148 0.934566
4200 pop2 1.12249 0.935412
4300 pop1 1.13493 0.945777
4300 pop2 1.11374 0.928113
4400 pop1 1.13351 0.944589
4400 pop2 1.11312 0.9276
4500 pop1 1.12298 0.935819
4500 pop2 1.11698 0.930817
4600 pop1 1.12703 0.939195
4600 pop2 1.10752 0.922931
4700 pop1 1.13254 0.943787
4700 pop2 1.11191 0.92659
4800 pop1 1.12843 0.940354
4800 pop2 1.12081 0.934011
4900 pop1 1.12437 0.936977
4900 pop2 1.1164 0.93033
5000 pop1 1.12104 0.934196
5000 pop2 1.12217 0.935144
