1 pop1 1.0 0.833333
1 pop2 1.0 0.833333
100 pop1 1.13143 0.942861
100 pop2 1.11379 0.928162
200 pop1 1.12002 0.933349
200 pop2 1.13238 0.943649
300 pop1 1.12745 0.939541
300 pop2 1.12338 0.93615
400 pop1 1.13166 0.943048
400 pop2 1.11886 0.932381
500 pop1 1.13083 0.942354
500 pop2 1.12142 0.934515
600 pop1 1.12101 0.934177
600 pop2 1.11795 0.931621
700 pop1 1.12006 0.933381
700 pop2 1.12091 0.934088
800 pop1 1.12496 0.937467
800 pop2 1.11544 0.929534
900 pop1 1.12701 0.939172
900 pop2 1.12648 0.938732
1000 pop1 1.12298 0.935818
1000 pop2 1.12964 0.941363
1100 pop1 1.14025 0.950211
1100 pop2 1.13831 0.948593
1200 pop1 1.13677 0.947305
1200 pop2 1.1431 0.952582
1300 pop1 1.13736 0.947798
1300 pop2 1.14974 0.95812
1400 pop1 1.12487 0.937393
1400 pop2 1.1553 0.962746
1500 pop1 1.13915 0.949289
1500 pop2 1.14729 0.956072
1600 pop1 1.13047 0.942058
1600 pop2 1.15315 0.96096
1700 pop1 1.13567 0.946393
1700 pop2 1.14278 0.952318
1800 pop1 1.13522 0.946019
1800 pop2 1.144 0.953334
1900 pop1 1.13855 0.94879
1900 pop2 1.14735 0.956121
2000 pop1 1.1332 0.944334
2000 pop2 1.14825 0.956874
2100 pop1 1.13416 0.945136
2100 pop2 1.13835 0.948628
2200 pop1 1.13438 0.945315
2200 pop2 1.14474 0.953953
2300 pop1 1.13673 0.947276
2300 pop2 1.1449 0.954086
2400 pop1 1.13823 0.948528
2400 pop2 1.15118 0.959313
2500 pop1 1.13999 0.949992
2500 pop2 1.13746 0.947879
2600 pop1 1.14334 0.952786
2600 pop2 1.14266 0.952215
2700 pop1 1.14089 0.950743
2700 pop2 1.14546 0.954553
2800 pop1 1.13976 0.949801
2800 pop2 1.14207 0.951722
2900 pop1 1.14216 0.951801
2900 pop2 1.14225 0.951876
3000 pop1 1.14361 0.953004
3000 pop2 1.14086 0.950716
3100 pop1 1.14346 0.952887
3100 pop2 1.13821 0.94851
3200 pop1 1.14442 0.953683
3200 pop2 1.1402 0.950166
3300 pop1 1.14542 0.954515
3300 pop2 1.13804 0.948363
3400 pop1 1.15211 0.960092
3400 pop2 1.13952 0.9496
3500 pop1 1.14355 0.952962
3500 pop2 1.14656 0.955465
3600 pop1 1.14474 0.953949
3600 pop2 1.13701 0.94751
3700 pop1 1.14555 0.954629
3700 pop2 1.13762 0.948018
3800 pop1 1.15256 0.960469
3800 pop2 1.13443 0.945361
3900 pop1 1.14362 0.953019
3900 pop2 1.13577 0.946476
4000 pop1 1.14392 0.953263
4000 pop2 1.14471 0.953927
4100 pop1 1.14275 0.952294
4100 pop2 1.13943 0.949528
4200 pop1 1.14537 0.954478
4200 pop2 1.14153 0.951275
4300 pop1 1.14773 0.956439
4300 pop2 1.14322 0.952681
4400 pop1 1.14369 0.953071
4400 pop2 1.13782 0.948183
4500 pop1 1.15448 0.962066
4500 pop2 1.13844 0.948703
4600 pop1 1.14962 0.958018
4600 pop2 1.13899 0.949155
4700 pop1 1.13978 0.949813
4700 pop2 1.14962 0.958014
4800 pop1 1.14476 0.95397
4800 pop2 1.13601 0.946671
4900 pop1 1.14079 0.95066
4900 pop2 1.13752 0.94793
5000 pop1 1.13849 0.948742
5000 pop2 1.13984 0.949869
