1 pop1 1.0 0.833333
1 pop2 1.0 0.833333
100 pop1 1.11682 0.930687
100 pop2 1.12633 0.938605
200 pop1 1.12176 0.934802
200 pop2 1.12459 0.937157
300 pop1 1.11971 0.933094
300 pop2 1.12484 0.937367
400 pop1 1.13168 0.94307
400 pop2 1.1213 0.934413
500 pop1 1.12831 0.94026
500 pop2 1.12226 0.935219
600 pop1 1.12471 0.937261
600 pop2 1.12871 0.940593
700 pop1 1.12794 0.939951
700 pop2 1.12708 0.939231
800 pop1 1.12352 0.936264
800 pop2 1.11911 0.932595
900 pop1 1.1177 0.931414
900 pop2 1.11633 0.930278
1000 pop1 1.12183 0.934855
1000 pop2 1.11399 0.928323
1100 pop1 1.14098 0.950813
1100 pop2 1.14453 0.953777
1200 pop1 1.12849 0.940406
1200 pop2 1.15252 0.960432
1300 pop1 1.14522 0.954352
1300 pop2 1.14995 0.958296
1400 pop1 1.13921 0.949341
1400 pop2 1.15067 0.958892
1500 pop1 1.13949 0.949575
1500 pop2 1.14568 0.954736
1600 pop1 1.14703 0.955857
1600 pop2 1.1375 0.947919
1700 pop1 1.14124 0.951037
1700 pop2 1.14208 0.951731
1800 pop1 1.13863 0.948854
1800 pop2 1.14985 0.958206
1900 pop1 1.13541 0.946173
1900 pop2 1.1408 0.950666
2000 pop1 1.13833 0.948607
2000 pop2 1.14405 0.953376
2100 pop1 1.13715 0.947625
2100 pop2 1.14218 0.951818
2200 pop1 1.1429 0.952414
2200 pop2 1.14006 0.95005
2300 pop1 1.13869 0.948905
2300 pop2 1.13637 0.946978
2400 pop1 1.14231 0.951929
2400 pop2 1.14077 0.950642
2500 pop1 1.14257 0.952138
2500 pop2 1.13547 0.946223
2600 pop1 1.14988 0.958231
2600 pop2 1.14052 0.950432
2700 pop1 1.14613 0.955108
2700 pop2 1.13622 0.946851
2800 pop1 1.14437 0.953638
2800 pop2 1.14583 0.954859
2900 pop1 1.14337 0.952807
2900 pop2 1.1454 0.954503
3000 pop1 1.13743 0.947857
3000 pop2 1.14651 0.955422
3100 pop1 1.13174 0.943113
3100 pop2 1.14454 0.95378
3200 pop1 1.13933 0.949444
3200 pop2 1.14043 0.950358
3300 pop1 1.14947 0.957895
3300 pop2 1.13321 0.944344
3400 pop1 1.13652 0.947099
3400 pop2 1.14776 0.956471
3500 pop1 1.14462 0.953854
3500 pop2 1.14375 0.953127
3600 pop1 1.15126 0.959383
3600 pop2 1.13524 0.946033
3700 pop1 1.14131 0.951088
3700 pop2 1.13886 0.949052
3800 pop1 1.14266 0.952221
3800 pop2 1.1373 0.94775
3900 pop1 1.14634 0.955279
3900 pop2 1.13646 0.947052
4000 pop1 1.14837 0.956978
4000 pop2 1.1368 0.947334
4100 pop1 1.14874 0.957281
4100 pop2 1.14066 0.950554
4200 pop1 1.1523 0.960248
4200 pop2 1.13554 0.946282
4300 pop1 1.14512 0.954265
4300 pop2 1.13931 0.949429
4400 pop1 1.14658 0.955483
4400 pop2 1.14383 0.953194
4500 pop1 1.14242 0.952019
4500 pop2 1.14097 0.950807
4600 pop1 1.14641 0.955345
4600 pop2 1.132 0.943337
4700 pop1 1.14207 0.951724
4700 pop2 1.1428 0.95233
4800 pop1 1.14568 0.954731
4800 pop2 1.14124 0.951037
4900 pop1 1.14484 0.954036
4900 pop2 1.13693 0.947438
5000 pop1 1.14055 0.950459
5000 pop2 1.13836 0.948635
