1 pop1 1.0 0.980392
1 pop2 1.0 0.980392
100 pop1 1.00916 0.989376
100 pop2 1.00617 0.986443
200 pop1 1.00928 0.989495
200 pop2 1.00883 0.989051
300 pop1 1.00887 0.989089
300 pop2 1.00819 0.98842
400 pop1 1.01015 0.990342
400 pop2 1.00649 0.986755
500 pop1 1.00897 0.989189
500 pop2 1.00489 0.985187
600 pop1 1.00947 0.989676
600 pop2 1.00884 0.989058
700 pop1 1.00827 0.988503
700 pop2 1.00703 0.987287
800 pop1 1.00792 0.988155
800 pop2 1.00918 0.989397
900 pop1 1.00605 0.986322
900 pop2 1.00918 0.989396
1000 pop1 1.00578 0.986062
1000 pop2 1.01012 0.990309
1100 pop1 1.01047 0.990657
1100 pop2 0.996912 0.977365
1200 pop1 1.0133 0.993435
1200 pop2 0.997983 0.978414
1300 pop1 1.01599 0.996072
1300 pop2 0.997683 0.978121
1400 pop1 1.01756 0.99761
1400 pop2 0.998126 0.978555
1500 pop1 1.0194 0.999411
1500 pop2 0.997611 0.97805
1600 pop1 1.01951 0.999517
1600 pop2 0.998963 0.979375
1700 pop1 1.02 0.999997
1700 pop2 0.999437 0.979841
1800 pop1 1.0201 1.0001
1800 pop2 0.999964 0.980357
1900 pop1 1.0201 1.0001
1900 pop2 1.0 0.980392
2000 pop1 1.0201 1.0001
2000 pop2 1.0 0.980392
2100 pop1 1.0201 1.0001
2100 pop2 1.0 0.980392
2200 pop1 1.0201 1.0001
2200 pop2 1.0 0.980392
2300 pop1 1.0201 1.0001
2300 pop2 1.0 0.980392
2400 pop1 1.0201 1.0001
2400 pop2 1.0 0.980392
2500 pop1 1.0201 1.0001
2500 pop2 1.0 0.980392
2600 pop1 1.0201 1.0001
2600 pop2 1.0 0.980392
2700 pop1 1.0201 1.0001
2700 pop2 1.0 0.980392
2800 pop1 1.0201 1.0001
2800 pop2 1.0 0.980392
2900 pop1 1.0201 1.0001
2900 pop2 1.0 0.980392
3000 pop1 1.0201 1.0001
3000 pop2 1.0 0.980392
3100 pop1 1.0201 1.0001
3100 pop2 1.0 0.980392
3200 pop1 1.0201 1.0001
3200 pop2 1.0 0.980392
3300 pop1 1.0201 1.0001
3300 pop2 1.0 0.980392
3400 pop1 1.0201 1.0001
3400 pop2 1.0 0.980392
3500 pop1 1.0201 1.0001
3500 pop2 1.0 0.980392
3600 pop1 1.0201 1.0001
3600 pop2 1.0 0.980392
3700 pop1 1.0201 1.0001
3700 pop2 1.0 0.980392
3800 pop1 1.0201 1.0001
3800 pop2 1.0 0.980392
3900 pop1 1.0201 1.0001
3900 pop2 1.0 0.980392
4000 pop1 1.0201 1.0001
4000 pop2 1.0 0.980392
4100 pop1 1.0201 1.0001
4100 pop2 1.0 0.980392
4200 pop1 1.0201 1.0001
4200 pop2 1.0 0.980392
4300 pop1 1.0201 1.0001
4300 pop2 1.0 0.980392
4400 pop1 1.0201 1.0001
4400 pop2 1.0 0.980392
4500 pop1 1.0201 1.0001
4500 pop2 1.0 0.980392
4600 pop1 1.0201 1.0001
4600 pop2 1.0 0.980392
4700 pop1 1.0201 1.0001
4700 pop2 1.0 0.980392
4800 pop1 1.0201 1.0001
4800 pop2 1.0 0.980392
4900 pop1 1.0201 1.0001
4900 pop2 1.0 0.980392
5000 pop1 1.0201 1.0001
5000 pop2 1.0 0.980392
