1 pop1 1.0 0.909091
1 pop2 1.0 0.909091
100 pop1 1.0773 0.979365
100 pop2 1.08208 0.983707
200 pop1 1.0856 0.98691
200 pop2 1.08334 0.984857
300 pop1 1.08747 0.988611
300 pop2 1.08467 0.986068
400 pop1 1.08588 0.98716
400 pop2 1.08442 0.985836
500 pop1 1.08368 0.985167
500 pop2 1.08159 0.983265
600 pop1 1.08421 0.985649
600 pop2 1.08198 0.983616
700 pop1 1.08367 0.985156
700 pop2 1.0829 0.984455
800 pop1 1.08343 0.984939
800 pop2 1.08304 0.984582
900 pop1 1.0837 0.985185
900 pop2 1.08452 0.985931
1000 pop1 1.08501 0.986374
1000 pop2 1.08319 0.984717
1100 pop1 1.08995 0.990863
1100 pop2 0.996287 0.905715
1200 pop1 1.09667 0.996972
1200 pop2 0.99844 0.907672
1300 pop1 1.09923 0.999297
1300 pop2 0.999072 0.908247
1400 pop1 1.10137 1.00124
1400 pop2 0.999763 0.908875
1500 pop1 1.10189 1.00172
1500 pop2 0.999743 0.908857
1600 pop1 1.1025 1.00227
1600 pop2 1.0 0.909091
1700 pop1 1.1015 1.00137
1700 pop2 1.0 0.909091
1800 pop1 1.1025 1.00227
1800 pop2 1.0 0.909091
1900 pop1 1.10192 1.00174
1900 pop2 1.0 0.909091
2000 pop1 1.1025 1.00227
2000 pop2 1.0 0.909091
2100 pop1 1.1025 1.00227
2100 pop2 1.0 0.909091
2200 pop1 1.1025 1.00227
2200 pop2 1.0 0.909091
2300 pop1 1.1025 1.00227
2300 pop2 1.0 0.909091
2400 pop1 1.1025 1.00227
2400 pop2 1.0 0.909091
2500 pop1 1.1025 1.00227
2500 pop2 1.0 0.909091
2600 pop1 1.1025 1.00227
2600 pop2 1.0 0.909091
2700 pop1 1.1025 1.00227
2700 pop2 1.0 0.909091
2800 pop1 1.1025 1.00227
2800 pop2 1.0 0.909091
2900 pop1 1.1025 1.00227
2900 pop2 1.0 0.909091
3000 pop1 1.1025 1.00227
3000 pop2 1.0 0.909091
3100 pop1 1.1025 1.00227
3100 pop2 1.0 0.909091
3200 pop1 1.1025 1.00227
3200 pop2 1.0 0.909091
3300 pop1 1.1025 1.00227
3300 pop2 1.0 0.909091
3400 pop1 1.1025 1.00227
3400 pop2 1.0 0.909091
3500 pop1 1.1025 1.00227
3500 pop2 1.0 0.909091
3600 pop1 1.1025 1.00227
3600 pop2 1.0 0.909091
3700 pop1 1.1025 1.00227
3700 pop2 1.0 0.909091
3800 pop1 1.1025 1.00227
3800 pop2 1.0 0.909091
3900 pop1 1.1025 1.00227
3900 pop2 1.0 0.909091
4000 pop1 1.1025 1.00227
4000 pop2 1.0 0.909091
4100 pop1 1.1025 1.00227
4100 pop2 1.0 0.909091
4200 pop1 1.1025 1.00227
4200 pop2 1.0 0.909091
4300 pop1 1.1025 1.00227
4300 pop2 1.0 0.909091
4400 pop1 1.1025 1.00227
4400 pop2 1.0 0.909091
4500 pop1 1.1025 1.00227
4500 pop2 1.0 0.909091
4600 pop1 1.1025 1.00227
4600 pop2 1.0 0.909091
4700 pop1 1.1025 1.00227
4700 pop2 1.0 0.909091
4800 pop1 1.1025 1.00227
4800 pop2 1.0 0.909091
4900 pop1 1.1025 1.00227
4900 pop2 1.0 0.909091
5000 pop1 1.1025 1.00227
5000 pop2 1.0 0.909091
