1 pop1 1.0 0.980392
1 pop2 1.0 0.980392
100 pop1 1.00776 0.987998
100 pop2 1.00418 0.98449
200 pop1 1.00772 0.98796
200 pop2 1.00509 0.985381
300 pop1 1.00566 0.985937
300 pop2 1.00568 0.985958
400 pop1 1.00404 0.98435
400 pop2 1.00532 0.985603
500 pop1 1.00725 0.987497
500 pop2 1.00317 0.983504
600 pop1 1.0046 0.984907
600 pop2 1.00449 0.98479
700 pop1 1.00767 0.987908
700 pop2 1.00445 0.984757
800 pop1 1.003 0.98333
800 pop2 1.00571 0.985992
900 pop1 1.00658 0.986839
900 pop2 1.00508 0.985377
1000 pop1 1.00623 0.986497
1000 pop2 1.00294 0.98327
1100 pop1 1.00968 0.989887
1100 pop2 1.00499 0.985287
1200 pop1 1.01009 0.990289
1200 pop2 1.00764 0.987882
1300 pop1 1.01212 0.992277
1300 pop2 1.01094 0.991114
1400 pop1 1.01391 0.994031
1400 pop2 1.01006 0.990253
1500 pop1 1.01234 0.992492
1500 pop2 1.01184 0.992
1600 pop1 1.01296 0.993099
1600 pop2 1.01148 0.991645
1700 pop1 1.01323 0.993363
1700 pop2 1.01154 0.991703
1800 pop1 1.013 0.993142
1800 pop2 1.01062 0.990803
1900 pop1 1.01242 0.992568
1900 pop2 1.01146 0.991623
2000 pop1 1.01284 0.992976
2000 pop2 1.01207 0.992229
2100 pop1 1.01064 0.990827
2100 pop2 1.01256 0.992706
2200 pop1 1.01097 0.991148
2200 pop2 1.0133 0.993432
2300 pop1 1.01194 0.992099
2300 pop2 1.01388 0.994004
2400 pop1 1.01157 0.991734
2400 pop2 1.01266 0.992804
2500 pop1 1.00947 0.989675
2500 pop2 1.01359 0.993711
2600 pop1 1.00973 0.989928
2600 pop2 1.01345 0.993575
2700 pop1 1.01091 0.991085
2700 pop2 1.01374 0.993865
2800 pop1 1.00992 0.990121
2800 pop2 1.01439 0.994495
2900 pop1 1.01033 0.990517
2900 pop2 1.01463 0.994731
3000 pop1 1.01133 0.991503
3000 pop2 1.01415 0.994266
3100 pop1 1.01228 0.992435
3100 pop2 1.01272 0.992865
3200 pop1 1.01252 0.992664
3200 pop2 1.01226 0.992411
3300 pop1 1.01204 0.992196
3300 pop2 1.01289 0.993032
3400 pop1 1.01092 0.991099
3400 pop2 1.0124 0.992554
3500 pop1 1.0114 0.991567
3500 pop2 1.01362 0.993741
3600 pop1 1.01089 0.991064
3600 pop2 1.01462 0.994726
3700 pop1 1.01069 0.990869
3700 pop2 1.01392 0.994035
3800 pop1 1.0117 0.991863
3800 pop2 1.01346 0.993593
3900 pop1 1.01281 0.992948
3900 pop2 1.01111 0.991283
4000 pop1 1.01228 0.992429
4000 pop2 1.01008 0.990278
4100 pop1 1.0141 0.994215
4100 pop2 1.01088 0.991059
4200 pop1 1.01423 0.994339
4200 pop2 1.01076 0.990938
4300 pop1 1.01399 0.994109
4300 pop2 1.01078 0.990957
4400 pop1 1.01278 0.992919
4400 pop2 1.01306 0.993195
4500 pop1 1.01328 0.99341
4500 pop2 1.01409 0.994208
4600 pop1 1.01139 0.991563
4600 pop2 1.01297 0.993107
4700 pop1 1.01134 0.991511
4700 pop2 1.0136 0.99373
4800 pop1 1.00953 0.989736
4800 pop2 1.01482 0.994926
4900 pop1 1.00961 0.989815
4900 pop2 1.01484 0.994941
5000 pop1 1.01005 0.990247
5000 pop2 1.01274 0.992886
