1 pop1 1.0 0.833333
1 pop2 1.0 0.833333
100 pop1 1.19073 0.992272
100 pop2 1.19401 0.995004
200 pop1 1.1915 0.99292
200 pop2 1.19234 0.993616
300 pop1 1.19136 0.992797
300 pop2 1.18779 0.989824
400 pop1 1.19206 0.993384
400 pop2 1.18946 0.991216
500 pop1 1.19119 0.99266
500 pop2 1.18607 0.988395
600 pop1 1.19194 0.993282
600 pop2 1.18896 0.990802
700 pop1 1.1863 0.988581
700 pop2 1.18966 0.991386
800 pop1 1.19037 0.991977
800 pop2 1.18956 0.991301
900 pop1 1.19069 0.992244
900 pop2 1.19342 0.994519
1000 pop1 1.18834 0.990285
1000 pop2 1.18983 0.991524
1100 pop1 1.19303 0.994188
1100 pop2 1.18863 0.990523
1200 pop1 1.19485 0.99571
1200 pop2 1.18898 0.990813
1300 pop1 1.19142 0.992854
1300 pop2 1.18902 0.99085
1400 pop1 1.1875 0.989587
1400 pop2 1.19196 0.993302
1500 pop1 1.19013 0.991775
1500 pop2 1.19235 0.993626
1600 pop1 1.19091 0.992429
1600 pop2 1.18774 0.989782
1700 pop1 1.19554 0.996286
1700 pop2 1.18954 0.991279
1800 pop1 1.19419 0.995157
1800 pop2 1.19241 0.993672
1900 pop1 1.18598 0.98832
1900 pop2 1.19238 0.993651
2000 pop1 1.18937 0.991142
2000 pop2 1.19119 0.992657
2100 pop1 1.19177 0.993138
2100 pop2 1.19189 0.993244
2200 pop1 1.19123 0.992693
2200 pop2 1.19119 0.99266
2300 pop1 1.18932 0.991102
2300 pop2 1.19202 0.993349
2400 pop1 1.19306 0.994215
2400 pop2 1.19002 0.991684
2500 pop1 1.19046 0.992051
2500 pop2 1.18874 0.990619
2600 pop1 1.18795 0.989955
2600 pop2 1.19541 0.996171
2700 pop1 1.19038 0.991983
2700 pop2 1.19156 0.992967
2800 pop1 1.18969 0.991412
2800 pop2 1.191 0.992502
2900 pop1 1.19153 0.992938
2900 pop2 1.18722 0.989349
3000 pop1 1.18946 0.99122
3000 pop2 1.19102 0.992514
3100 pop1 1.1926 0.99383
3100 pop2 1.18645 0.988709
3200 pop1 1.19356 0.994634
3200 pop2 1.19059 0.992154
3300 pop1 1.19152 0.992935
3300 pop2 1.18857 0.990471
3400 pop1 1.19521 0.99601
3400 pop2 1.1902 0.991836
3500 pop1 1.19178 0.993148
3500 pop2 1.18823 0.990196
3600 pop1 1.19081 0.992341
3600 pop2 1.19276 0.993965
3700 pop1 1.18836 0.990304
3700 pop2 1.18669 0.988907
3800 pop1 1.1883 0.990249
3800 pop2 1.19315 0.99429
3900 pop1 1.19246 0.993719
3900 pop2 1.19121 0.992676
4000 pop1 1.19067 0.992223
4000 pop2 1.18907 0.990888
4100 pop1 1.19023 0.991857
4100 pop2 1.19206 0.993382
4200 pop1 1.18989 0.991579
4200 pop2 1.19171 0.99309
4300 pop1 1.19098 0.992486
4300 pop2 1.19538 0.996152
4400 pop1 1.19088 0.992398
4400 pop2 1.1916 0.992997
4500 pop1 1.19013 0.991776
4500 pop2 1.19139 0.992828
4600 pop1 1.1918 0.993165
4600 pop2 1.19064 0.992199
4700 pop1 1.18925 0.991041
4700 pop2 1.19033 0.991938
4800 pop1 1.18885 0.990709
4800 pop2 1.19285 0.994041
4900 pop1 1.19233 0.993606
4900 pop2 1.18964 0.991366
5000 pop1 1.18553 0.987945
5000 pop2 1.18859 0.990492
