1 pop1 1.0 0.980392
1 pop2 1.0 0.980392
100 pop1 1.0083 0.988528
100 pop2 1.00749 0.987737
200 pop1 1.00695 0.987205
200 pop2 1.00592 0.986193
300 pop1 1.00433 0.984635
300 pop2 1.00753 0.987777
400 pop1 1.00237 0.982711
400 pop2 1.00764 0.987881
500 pop1 1.00346 0.983784
500 pop2 1.00668 0.986942
600 pop1 1.00415 0.984459
600 pop2 1.00758 0.987822
700 pop1 1.00153 0.98189
700 pop2 1.00906 0.989273
800 pop1 1.00197 0.982326
800 pop2 1.0093 0.989512
900 pop1 1.00161 0.981966
900 pop2 1.0091 0.989309
1000 pop1 1.00319 0.983522
1000 pop2 1.0074 0.987643
1100 pop1 1.00878 0.989
1100 pop2 1.00621 0.986479
1200 pop1 1.01123 0.991407
1200 pop2 1.01018 0.990368
1300 pop1 1.01221 0.992362
1300 pop2 1.01137 0.99154
1400 pop1 1.01144 0.991611
1400 pop2 1.01503 0.995123
1500 pop1 1.00893 0.989145
1500 pop2 1.01507 0.995171
1600 pop1 1.0076 0.987843
1600 pop2 1.0153 0.995396
1700 pop1 1.0088 0.989019
1700 pop2 1.01614 0.996211
1800 pop1 1.00725 0.987495
1800 pop2 1.01578 0.995862
1900 pop1 1.00813 0.988362
1900 pop2 1.01625 0.99632
2000 pop1 1.00965 0.989854
2000 pop2 1.01472 0.994827
2100 pop1 1.00946 0.989671
2100 pop2 1.01398 0.994098
2200 pop1 1.00894 0.989153
2200 pop2 1.01461 0.994718
2300 pop1 1.00876 0.98898
2300 pop2 1.01454 0.994644
2400 pop1 1.01183 0.991992
2400 pop2 1.01411 0.994223
2500 pop1 1.01079 0.990975
2500 pop2 1.01143 0.991595
2600 pop1 1.01146 0.991625
2600 pop2 1.01169 0.991854
2700 pop1 1.01269 0.992832
2700 pop2 1.01214 0.992294
2800 pop1 1.01138 0.991552
2800 pop2 1.01204 0.992201
2900 pop1 1.01048 0.990664
2900 pop2 1.01419 0.994299
3000 pop1 1.00927 0.989484
3000 pop2 1.01403 0.994145
3100 pop1 1.00866 0.988878
3100 pop2 1.01553 0.995616
3200 pop1 1.00861 0.988835
3200 pop2 1.01449 0.994603
3300 pop1 1.01032 0.990514
3300 pop2 1.01418 0.994294
3400 pop1 1.01233 0.992479
3400 pop2 1.01301 0.993143
3500 pop1 1.01063 0.990815
3500 pop2 1.01223 0.992387
3600 pop1 1.01093 0.991112
3600 pop2 1.01327 0.993403
3700 pop1 1.01005 0.990242
3700 pop2 1.01482 0.994922
3800 pop1 1.00965 0.989853
3800 pop2 1.01501 0.995109
3900 pop1 1.00956 0.989761
3900 pop2 1.01544 0.995527
4000 pop1 1.00933 0.989536
4000 pop2 1.01439 0.9945
4100 pop1 1.01038 0.990574
4100 pop2 1.01455 0.994655
4200 pop1 1.01142 0.991588
4200 pop2 1.01398 0.994097
4300 pop1 1.01024 0.990435
4300 pop2 1.01473 0.994832
4400 pop1 1.00911 0.989321
4400 pop2 1.01503 0.995124
4500 pop1 1.01139 0.991558
4500 pop2 1.01316 0.993291
4600 pop1 1.00967 0.989871
4600 pop2 1.01381 0.993933
4700 pop1 1.0099 0.990096
4700 pop2 1.01408 0.994198
4800 pop1 1.01154 0.991703
4800 pop2 1.01416 0.994277
4900 pop1 1.01165 0.991818
4900 pop2 1.01338 0.993511
5000 pop1 1.01136 0.991533
5000 pop2 1.01359 0.993712
