1 pop1 1.0 0.909091
1 pop2 1.0 0.909091
100 pop1 1.04152 0.946839
100 pop2 1.03418 0.940166
200 pop1 1.0296 0.935996
200 pop2 1.03723 0.942938
300 pop1 1.03486 0.940783
300 pop2 1.03722 0.942925
400 pop1 1.03204 0.938216
400 pop2 1.03301 0.939103
500 pop1 1.03046 0.936778
500 pop2 1.03876 0.944325
600 pop1 1.03404 0.940035
600 pop2 1.03298 0.939068
700 pop1 1.0397 0.945185
700 pop2 1.03212 0.93829
800 pop1 1.03907 0.944605
800 pop2 1.03342 0.939468
900 pop1 1.03708 0.942798
900 pop2 1.03179 0.937987
1000 pop1 1.03704 0.942765
1000 pop2 1.0325 0.938638
1100 pop1 1.07386 0.976234
1100 pop2 1.04832 0.953021
1200 pop1 1.07243 0.974941
1200 pop2 1.04964 0.954215
1300 pop1 1.06405 0.96732
1300 pop2 1.05737 0.961245
1400 pop1 1.06746 0.970414
1400 pop2 1.05421 0.958377
1500 pop1 1.0657 0.968818
1500 pop2 1.05675 0.960686
1600 pop1 1.06346 0.966781
1600 pop2 1.05829 0.962079
1700 pop1 1.06229 0.96572
1700 pop2 1.05961 0.963279
1800 pop1 1.05852 0.962289
1800 pop2 1.06599 0.969077
1900 pop1 1.05907 0.962788
1900 pop2 1.06241 0.965832
2000 pop1 1.06363 0.966939
2000 pop2 1.05703 0.960936
2100 pop1 1.06156 0.965053
2100 pop2 1.06119 0.964717
2200 pop1 1.05918 0.962893
2200 pop2 1.06553 0.968663
2300 pop1 1.05247 0.956791
2300 pop2 1.06713 0.970119
2400 pop1 1.05883 0.96257
2400 pop2 1.06319 0.966532
2500 pop1 1.06018 0.963802
2500 pop2 1.06179 0.965262
2600 pop1 1.06322 0.96656
2600 pop2 1.06265 0.966045
2700 pop1 1.05679 0.960718
2700 pop2 1.06563 0.968753
2800 pop1 1.05939 0.963083
2800 pop2 1.06532 0.96847
2900 pop1 1.06505 0.96823
2900 pop2 1.05739 0.961264
3000 pop1 1.0646 0.967821
3000 pop2 1.05825 0.962046
3100 pop1 1.06262 0.966016
3100 pop2 1.05816 0.96196
3200 pop1 1.0641 0.967367
3200 pop2 1.06185 0.96532
3300 pop1 1.06053 0.964116
3300 pop2 1.06192 0.965382
3400 pop1 1.06259 0.965993
3400 pop2 1.06001 0.963641
3500 pop1 1.05636 0.960323
3500 pop2 1.06033 0.963935
3600 pop1 1.06202 0.965475
3600 pop2 1.05908 0.962797
3700 pop1 1.06253 0.965934
3700 pop2 1.06106 0.964603
3800 pop1 1.06033 0.963939
3800 pop2 1.06279 0.96617
3900 pop1 1.06312 0.966474
3900 pop2 1.06065 0.964224
4000 pop1 1.05988 0.963531
4000 pop2 1.06522 0.968384
4100 pop1 1.06227 0.965697
4100 pop2 1.06193 0.965392
4200 pop1 1.05522 0.95929
4200 pop2 1.06634 0.969398
4300 pop1 1.05612 0.960105
4300 pop2 1.06369 0.966987
4400 pop1 1.0611 0.964634
4400 pop2 1.0646 0.967822
4500 pop1 1.06378 0.967073
4500 pop2 1.06054 0.964124
4600 pop1 1.06431 0.967555
4600 pop2 1.05721 0.961098
4700 pop1 1.06924 0.972041
4700 pop2 1.05247 0.956791
4800 pop1 1.06678 0.969803
4800 pop2 1.05544 0.95949
4900 pop1 1.06932 0.97211
4900 pop2 1.05319 0.957441
5000 pop1 1.05823 0.962024
5000 pop2 1.06894 0.971768
