1 pop1 1.0 0.980392
1 pop2 1.0 0.980392
100 pop1 0.999461 0.979864
100 pop2 1.00281 0.983147
200 pop1 0.99957 0.979971
200 pop2 1.00227 0.982619
300 pop1 1.00144 0.981803
300 pop2 1.00196 0.982311
400 pop1 1.00113 0.981504
400 pop2 1.0008 0.981179
500 pop1 0.999749 0.980146
500 pop2 1.00064 0.981018
600 pop1 0.999906 0.9803
600 pop2 1.00218 0.982531
700 pop1 0.997841 0.978276
700 pop2 1.00332 0.983643
800 pop1 1.00018 0.980571
800 pop2 1.00212 0.982466
900 pop1 0.999397 0.979801
900 pop2 1.00262 0.98296
1000 pop1 1.00084 0.981218
1000 pop2 1.00055 0.980934
1100 pop1 1.00249 0.98283
1100 pop2 1.01259 0.992731
1200 pop1 1.00486 0.985162
1200 pop2 1.01211 0.992262
1300 pop1 1.00559 0.985877
1300 pop2 1.01321 0.993342
1400 pop1 1.00413 0.984442
1400 pop2 1.01409 0.994203
1500 pop1 1.00581 0.986092
1500 pop2 1.0133 0.99343
1600 pop1 1.00638 0.986643
1600 pop2 1.01269 0.992836
1700 pop1 1.00538 0.985663
1700 pop2 1.01398 0.994099
1800 pop1 1.00569 0.985967
1800 pop2 1.0124 0.992547
1900 pop1 1.00555 0.985829
1900 pop2 1.01364 0.993764
2000 pop1 1.00485 0.985152
2000 pop2 1.01436 0.994474
2100 pop1 1.00474 0.98504
2100 pop2 1.01502 0.99512
2200 pop1 1.00319 0.983523
2200 pop2 1.0168 0.996865
2300 pop1 1.00284 0.983172
2300 pop2 1.01661 0.996676
2400 pop1 1.00478 0.985081
2400 pop2 1.01464 0.994743
2500 pop1 1.00647 0.986737
2500 pop2 1.01311 0.993248
2600 pop1 1.00592 0.986194
2600 pop2 1.0132 0.993336
2700 pop1 1.00677 0.987033
2700 pop2 1.0138 0.993925
2800 pop1 1.00658 0.986847
2800 pop2 1.01338 0.993511
2900 pop1 1.0062 0.986467
2900 pop2 1.01383 0.993948
3000 pop1 1.00673 0.986994
3000 pop2 1.01282 0.992959
3100 pop1 1.00712 0.987373
3100 pop2 1.01184 0.992005
3200 pop1 1.00654 0.986808
3200 pop2 1.01214 0.992295
3300 pop1 1.00679 0.987045
3300 pop2 1.01317 0.993309
3400 pop1 1.00746 0.987706
3400 pop2 1.01134 0.991509
3500 pop1 1.00677 0.987029
3500 pop2 1.01269 0.992835
3600 pop1 1.00589 0.986171
3600 pop2 1.01395 0.994071
3700 pop1 1.00538 0.985667
3700 pop2 1.01445 0.994561
3800 pop1 1.00598 0.986257
3800 pop2 1.01389 0.99401
3900 pop1 1.00591 0.986186
3900 pop2 1.01406 0.994179
4000 pop1 1.00521 0.985504
4000 pop2 1.01436 0.994471
4100 pop1 1.00422 0.98453
4100 pop2 1.01559 0.995677
4200 pop1 1.00461 0.984908
4200 pop2 1.0145 0.994612
4300 pop1 1.00664 0.986899
4300 pop2 1.01318 0.993313
4400 pop1 1.00498 0.985279
4400 pop2 1.01468 0.994785
4500 pop1 1.00466 0.984965
4500 pop2 1.01527 0.995363
4600 pop1 1.00703 0.987281
4600 pop2 1.01268 0.992822
4700 pop1 1.00664 0.986901
4700 pop2 1.01389 0.994006
4800 pop1 1.00673 0.986994
4800 pop2 1.01249 0.992637
4900 pop1 1.0066 0.986863
4900 pop2 1.01305 0.99319
5000 pop1 1.00673 0.986987
5000 pop2 1.01269 0.992834
