1 pop1 1 0.909091
1 pop2 1 0.909091
100 pop1 1.05131 0.955736
100 pop2 1.05741 0.961285
200 pop1 1.05102 0.955472
200 pop2 1.04914 0.95376
300 pop1 1.0564 0.960364
300 pop2 1.0486 0.953272
400 pop1 1.05247 0.956795
400 pop2 1.05176 0.956147
500 pop1 1.05424 0.958399
500 pop2 1.04783 0.952572
600 pop1 1.05158 0.955979
600 pop2 1.04461 0.949649
700 pop1 1.05134 0.955768
700 pop2 1.05294 0.957214
800 pop1 1.0548 0.958909
800 pop2 1.05269 0.956988
900 pop1 1.05034 0.954854
900 pop2 1.04885 0.953502
1000 pop1 1.05085 0.955317
1000 pop2 1.05331 0.957551
1100 pop1 1.07251 0.975011
1100 pop2 1.07009 0.972806
1200 pop1 1.06674 0.969767
1200 pop2 1.07723 0.9793
1300 pop1 1.06605 0.969137
1300 pop2 1.07558 0.977797
1400 pop1 1.06752 0.970471
1400 pop2 1.07252 0.975014
1500 pop1 1.07092 0.973566
1500 pop2 1.06858 0.971439
1600 pop1 1.07192 0.974474
1600 pop2 1.06873 0.971572
1700 pop1 1.06757 0.970517
1700 pop2 1.07287 0.975338
1800 pop1 1.06967 0.972423
1800 pop2 1.07136 0.973965
1900 pop1 1.07351 0.975917
1900 pop2 1.06892 0.971744
2000 pop1 1.06666 0.96969
2000 pop2 1.07333 0.975754
2100 pop1 1.07196 0.974512
2100 pop2 1.06974 0.972494
2200 pop1 1.07052 0.973198
2200 pop2 1.06985 0.972592
2300 pop1 1.06615 0.969228
2300 pop2 1.07031 0.97301
2400 pop1 1.07258 0.97507
2400 pop2 1.0716 0.974178
2500 pop1 1.07134 0.973943
2500 pop2 1.0678 0.970725
2600 pop1 1.07353 0.975933
2600 pop2 1.07004 0.972761
2700 pop1 1.07732 0.979382
2700 pop2 1.07001 0.972733
2800 pop1 1.07774 0.979766
2800 pop2 1.06381 0.9671
2900 pop1 1.07354 0.975943
2900 pop2 1.06863 0.971482
3000 pop1 1.06823 0.971114
3000 pop2 1.07421 0.976558
3100 pop1 1.07157 0.974156
3100 pop2 1.07057 0.973242
3200 pop1 1.07219 0.974716
3200 pop2 1.07459 0.976899
3300 pop1 1.07233 0.974845
3300 pop2 1.06608 0.969166
3400 pop1 1.06895 0.971773
3400 pop2 1.07413 0.976484
3500 pop1 1.07172 0.974295
3500 pop2 1.06828 0.971165
3600 pop1 1.06792 0.970836
3600 pop2 1.07312 0.975567
3700 pop1 1.06977 0.972522
3700 pop2 1.06951 0.972284
3800 pop1 1.07022 0.972924
3800 pop2 1.07341 0.975824
3900 pop1 1.06398 0.967255
3900 pop2 1.07633 0.978484
4000 pop1 1.06962 0.972379
4000 pop2 1.07345 0.975862
4100 pop1 1.07124 0.973853
4100 pop2 1.07258 0.975076
4200 pop1 1.07045 0.97314
4200 pop2 1.07269 0.97517
4300 pop1 1.06734 0.970313
4300 pop2 1.0735 0.97591
4400 pop1 1.07627 0.978424
4400 pop2 1.07011 0.972831
4500 pop1 1.0695 0.972272
4500 pop2 1.06952 0.972287
4600 pop1 1.06731 0.970281
4600 pop2 1.07612 0.978295
4700 pop1 1.07484 0.977131
4700 pop2 1.06914 0.971947
4800 pop1 1.06872 0.971565
4800 pop2 1.07114 0.973761
4900 pop1 1.07018 0.972895
4900 pop2 1.07356 0.975967
5000 pop1 1.06738 0.970347
5000 pop2 1.07434 0.976673
