1 pop1 1 0.909091
1 pop2 1 0.909091
100 pop1 1.08302 0.984562
100 pop2 1.08386 0.985327
200 pop1 1.08174 0.983404
200 pop2 1.08215 0.983768
300 pop1 1.0837 0.985179
300 pop2 1.08245 0.984048
400 pop1 1.08358 0.985073
400 pop2 1.08405 0.985501
500 pop1 1.08216 0.983786
500 pop2 1.08242 0.984017
600 pop1 1.08305 0.984589
600 pop2 1.08393 0.985387
700 pop1 1.08618 0.987439
700 pop2 1.07908 0.980983
800 pop1 1.08262 0.984201
800 pop2 1.08187 0.983523
900 pop1 1.0837 0.985183
900 pop2 1.07952 0.981384
1000 pop1 1.08032 0.982113
1000 pop2 1.08207 0.983703
1100 pop1 1.08974 0.990676
1100 pop2 1.07543 0.977664
1200 pop1 1.08552 0.986838
1200 pop2 1.08755 0.988681
1300 pop1 1.08743 0.988574
1300 pop2 1.08541 0.986733
1400 pop1 1.08408 0.985527
1400 pop2 1.08531 0.986647
1500 pop1 1.08728 0.988435
1500 pop2 1.08997 0.990886
1600 pop1 1.0848 0.986179
1600 pop2 1.08422 0.985653
1700 pop1 1.08699 0.988177
1700 pop2 1.08574 0.987035
1800 pop1 1.0881 0.989179
1800 pop2 1.08578 0.987074
1900 pop1 1.08837 0.989429
1900 pop2 1.0888 0.989817
2000 pop1 1.08858 0.989614
2000 pop2 1.08678 0.987985
2100 pop1 1.08832 0.989382
2100 pop2 1.08108 0.982804
2200 pop1 1.08589 0.987173
2200 pop2 1.08366 0.985146
2300 pop1 1.08191 0.983555
2300 pop2 1.08824 0.989306
2400 pop1 1.08531 0.986649
2400 pop2 1.08875 0.989775
2500 pop1 1.0849 0.98627
2500 pop2 1.0848 0.986183
2600 pop1 1.08457 0.985972
2600 pop2 1.08681 0.988005
2700 pop1 1.0883 0.989367
2700 pop2 1.08348 0.984983
2800 pop1 1.08456 0.98596
2800 pop2 1.08466 0.986052
2900 pop1 1.08301 0.984554
2900 pop2 1.0841 0.985545
3000 pop1 1.08572 0.987017
3000 pop2 1.08565 0.98695
3100 pop1 1.08639 0.987629
3100 pop2 1.08384 0.985312
3200 pop1 1.08755 0.988683
3200 pop2 1.08563 0.986933
3300 pop1 1.08662 0.987841
3300 pop2 1.08896 0.98996
3400 pop1 1.086 0.987275
3400 pop2 1.08726 0.988419
3500 pop1 1.0839 0.985367
3500 pop2 1.0875 0.988637
3600 pop1 1.08083 0.982575
3600 pop2 1.08902 0.990018
3700 pop1 1.08747 0.98861
3700 pop2 1.08623 0.987479
3800 pop1 1.08776 0.988869
3800 pop2 1.08614 0.987404
3900 pop1 1.08614 0.987402
3900 pop2 1.087 0.98818
4000 pop1 1.08322 0.984745
4000 pop2 1.08817 0.989248
4100 pop1 1.08225 0.983862
4100 pop2 1.08663 0.987847
4200 pop1 1.0871 0.988273
4200 pop2 1.08253 0.984117
4300 pop1 1.0851 0.986459
4300 pop2 1.08651 0.987737
4400 pop1 1.08623 0.98748
4400 pop2 1.08199 0.98363
4500 pop1 1.08644 0.987675
4500 pop2 1.08895 0.989954
4600 pop1 1.08769 0.988808
4600 pop2 1.0798 0.981638
4700 pop1 1.08661 0.987831
4700 pop2 1.08579 0.987085
4800 pop1 1.08286 0.984421
4800 pop2 1.0844 0.985822
4900 pop1 1.08844 0.989487
4900 pop2 1.08761 0.988739
5000 pop1 1.08697 0.988155
5000 pop2 1.08335 0.984867
