1 pop1 1 0.909091
1 pop2 1 0.909091
100 pop1 1.03737 0.943061
100 pop2 1.04024 0.945673
200 pop1 1.03861 0.944187
200 pop2 1.04346 0.948598
300 pop1 1.04271 0.947916
300 pop2 1.03926 0.944781
400 pop1 1.04413 0.949211
400 pop2 1.03773 0.943395
500 pop1 1.03754 0.943216
500 pop2 1.03951 0.945007
600 pop1 1.04099 0.946357
600 pop2 1.03908 0.944615
700 pop1 1.04139 0.946715
700 pop2 1.0438 0.948907
800 pop1 1.0397 0.945186
800 pop2 1.04217 0.947425
900 pop1 1.0387 0.944271
900 pop2 1.0401 0.945542
1000 pop1 1.04 0.945456
1000 pop2 1.03965 0.945136
1100 pop1 1.03795 0.943594
1100 pop2 1.03928 0.944798
1200 pop1 1.03811 0.943735
1200 pop2 1.04038 0.945796
1300 pop1 1.03734 0.943039
1300 pop2 1.0382 0.943817
1400 pop1 1.03997 0.945426
1400 pop2 1.04189 0.947174
1500 pop1 1.04248 0.947706
1500 pop2 1.03757 0.943242
1600 pop1 1.03924 0.944762
1600 pop2 1.04092 0.94629
1700 pop1 1.04019 0.945628
1700 pop2 1.04051 0.945921
1800 pop1 1.03678 0.942526
1800 pop2 1.04397 0.949062
1900 pop1 1.04066 0.946056
1900 pop2 1.04384 0.948942
2000 pop1 1.04144 0.946763
2000 pop2 1.04152 0.946835
2100 pop1 1.03439 0.94035
2100 pop2 1.0412 0.946547
2200 pop1 1.04469 0.949717
2200 pop2 1.03709 0.942812
2300 pop1 1.03561 0.941461
2300 pop2 1.04222 0.947474
2400 pop1 1.04197 0.947243
2400 pop2 1.0371 0.942816
2500 pop1 1.03896 0.944505
2500 pop2 1.03843 0.944025
2600 pop1 1.09955 0.999592
2600 pop2 0.999338 0.908489
2700 pop1 1.10246 1.00224
2700 pop2 0.999684 0.908804
2800 pop1 1.1025 1.00227
2800 pop2 0.99999 0.909082
2900 pop1 1.1025 1.00227
2900 pop2 1 0.909091
3000 pop1 1.1025 1.00227
3000 pop2 1 0.909091
3100 pop1 1.1025 1.00227
3100 pop2 1 0.909091
3200 pop1 1.1025 1.00227
3200 pop2 1 0.909091
3300 pop1 1.1025 1.00227
3300 pop2 1 0.909091
3400 pop1 1.1025 1.00227
3400 pop2 1 0.909091
3500 pop1 1.1025 1.00227
3500 pop2 1 0.909091
3600 pop1 1.1025 1.00227
3600 pop2 1 0.909091
3700 pop1 1.1025 1.00227
3700 pop2 1 0.909091
3800 pop1 1.1025 1.00227
3800 pop2 1 0.909091
3900 pop1 1.1025 1.00227
3900 pop2 1 0.909091
4000 pop1 1.1025 1.00227
4000 pop2 1 0.909091
4100 pop1 1.1025 1.00227
4100 pop2 1 0.909091
4200 pop1 1.1025 1.00227
4200 pop2 1 0.909091
4300 pop1 1.1025 1.00227
4300 pop2 1 0.909091
4400 pop1 1.1025 1.00227
4400 pop2 1 0.909091
4500 pop1 1.1025 1.00227
4500 pop2 1 0.909091
4600 pop1 1.1025 1.00227
4600 pop2 1 0.909091
4700 pop1 1.1025 1.00227
4700 pop2 1 0.909091
4800 pop1 1.1025 1.00227
4800 pop2 1 0.909091
4900 pop1 1.1025 1.00227
4900 pop2 1 0.909091
5000 pop1 1.1025 1.00227
5000 pop2 1 0.909091
