1 pop1 1 0.97561
1 pop2 1 0.97561
100 pop1 1.0033 0.978827
100 pop2 1.00225 0.977801
200 pop1 1.0039 0.97941
200 pop2 1.00078 0.976367
300 pop1 1.00251 0.978061
300 pop2 1.00364 0.979156
400 pop1 1.00086 0.97645
400 pop2 1.00446 0.979964
500 pop1 1.00039 0.975989
500 pop2 1.0046 0.980102
600 pop1 1.00085 0.976443
600 pop2 1.00523 0.980712
700 pop1 1.00267 0.978218
700 pop2 1.00289 0.978434
800 pop1 1.00445 0.979953
800 pop2 1.00138 0.976956
900 pop1 1.0034 0.978926
900 pop2 1.00386 0.979379
1000 pop1 1.00377 0.979286
1000 pop2 1.00171 0.977279
1100 pop1 1.00281 0.978348
1100 pop2 1.00218 0.97774
1200 pop1 1.0035 0.979022
1200 pop2 1.00222 0.977772
1300 pop1 1.00355 0.979072
1300 pop2 1.00335 0.978881
1400 pop1 1.0019 0.977463
1400 pop2 1.00287 0.978414
1500 pop1 1.00263 0.978177
1500 pop2 1.00347 0.978995
1600 pop1 1.00378 0.979296
1600 pop2 1.00083 0.976421
1700 pop1 1.00512 0.980606
1700 pop2 1.00092 0.976504
1800 pop1 1.00479 0.980278
1800 pop2 1.00085 0.976436
1900 pop1 1.0062 0.981657
1900 pop2 1.00086 0.976448
2000 pop1 1.00595 0.981412
2000 pop2 0.999452 0.975075
2100 pop1 1.00396 0.979478
2100 pop2 1.00103 0.976613
2200 pop1 1.00458 0.980082
2200 pop2 1.00169 0.977254
2300 pop1 1.0033 0.978827
2300 pop2 1.00269 0.978231
2400 pop1 1.00227 0.977823
2400 pop2 1.00272 0.978261
2500 pop1 1.00324 0.978775
2500 pop2 1.0025 0.978046
2600 pop1 1.01414 0.989404
2600 pop2 0.995209 0.970936
2700 pop1 1.01972 0.994851
2700 pop2 0.994569 0.970311
2800 pop1 1.02266 0.99772
2800 pop2 0.994861 0.970596
2900 pop1 1.02368 0.998711
2900 pop2 0.995546 0.971264
3000 pop1 1.02496 0.999957
3000 pop2 0.996446 0.972143
3100 pop1 1.02515 1.00014
3100 pop2 0.998125 0.97378
3200 pop1 1.02516 1.00016
3200 pop2 0.998396 0.974045
3300 pop1 1.02516 1.00016
3300 pop2 0.999243 0.974871
3400 pop1 1.02516 1.00015
3400 pop2 0.999257 0.974885
3500 pop1 1.02516 1.00015
3500 pop2 0.999459 0.975082
3600 pop1 1.02516 1.00015
3600 pop2 0.999477 0.975099
3700 pop1 1.02516 1.00015
3700 pop2 0.999861 0.975474
3800 pop1 1.02516 1.00015
3800 pop2 0.999998 0.975607
3900 pop1 1.02516 1.00015
3900 pop2 1 0.97561
4000 pop1 1.02516 1.00015
4000 pop2 1 0.97561
4100 pop1 1.02516 1.00015
4100 pop2 1 0.97561
4200 pop1 1.02516 1.00015
4200 pop2 1 0.97561
4300 pop1 1.02516 1.00015
4300 pop2 1 0.97561
4400 pop1 1.02516 1.00015
4400 pop2 1 0.97561
4500 pop1 1.02516 1.00015
4500 pop2 1 0.97561
4600 pop1 1.02516 1.00015
4600 pop2 1 0.97561
4700 pop1 1.02516 1.00015
4700 pop2 1 0.97561
4800 pop1 1.02516 1.00015
4800 pop2 1 0.97561
4900 pop1 1.02516 1.00015
4900 pop2 1 0.97561
5000 pop1 1.02516 1.00015
5000 pop2 1 0.97561
