1 pop1 1 0.909091
1 pop2 1 0.909091
100 pop1 1.08371 0.98519
100 pop2 1.08369 0.98517
200 pop1 1.08306 0.984603
200 pop2 1.0839 0.98536
300 pop1 1.08032 0.982109
300 pop2 1.08617 0.987427
400 pop1 1.08502 0.98638
400 pop2 1.08409 0.985539
500 pop1 1.0841 0.985546
500 pop2 1.08295 0.9845
600 pop1 1.08433 0.985757
600 pop2 1.08255 0.984137
700 pop1 1.08196 0.983599
700 pop2 1.08298 0.984527
800 pop1 1.08047 0.982248
800 pop2 1.08415 0.985588
900 pop1 1.08782 0.988924
900 pop2 1.07761 0.979648
1000 pop1 1.0829 0.984455
1000 pop2 1.08111 0.982825
1100 pop1 1.09352 0.994109
1100 pop2 0.998874 0.908067
1200 pop1 1.09801 0.998191
1200 pop2 0.999585 0.908714
1300 pop1 1.10153 1.00139
1300 pop2 0.999467 0.908606
1400 pop1 1.10097 1.00089
1400 pop2 0.999842 0.908947
1500 pop1 1.10252 1.00229
1500 pop2 0.999941 0.909037
1600 pop1 1.1025 1.00227
1600 pop2 0.99996 0.909055
1700 pop1 1.1025 1.00227
1700 pop2 1 0.909091
1800 pop1 1.1025 1.00227
1800 pop2 1 0.909091
1900 pop1 1.1025 1.00227
1900 pop2 1 0.909091
2000 pop1 1.1025 1.00227
2000 pop2 1 0.909091
2100 pop1 1.1025 1.00227
2100 pop2 1 0.909091
2200 pop1 1.1025 1.00227
2200 pop2 1 0.909091
2300 pop1 1.1025 1.00227
2300 pop2 1 0.909091
2400 pop1 1.1025 1.00227
2400 pop2 1 0.909091
2500 pop1 1.1025 1.00227
2500 pop2 1 0.909091
2600 pop1 1.1025 1.00227
2600 pop2 1 0.909091
2700 pop1 1.1025 1.00227
2700 pop2 1 0.909091
2800 pop1 1.1025 1.00227
2800 pop2 1 0.909091
2900 pop1 1.1025 1.00227
2900 pop2 1 0.909091
3000 pop1 1.1025 1.00227
3000 pop2 1 0.909091
3100 pop1 1.1025 1.00227
3100 pop2 1 0.909091
3200 pop1 1.1025 1.00227
3200 pop2 1 0.909091
3300 pop1 1.1025 1.00227
3300 pop2 1 0.909091
3400 pop1 1.1025 1.00227
3400 pop2 1 0.909091
3500 pop1 1.1025 1.00227
3500 pop2 1 0.909091
3600 pop1 1.1025 1.00227
3600 pop2 1 0.909091
3700 pop1 1.1025 1.00227
3700 pop2 1 0.909091
3800 pop1 1.1025 1.00227
3800 pop2 1 0.909091
3900 pop1 1.1025 1.00227
3900 pop2 1 0.909091
4000 pop1 1.1025 1.00227
4000 pop2 1 0.909091
4100 pop1 1.1025 1.00227
4100 pop2 1 0.909091
4200 pop1 1.1025 1.00227
4200 pop2 1 0.909091
4300 pop1 1.1025 1.00227
4300 pop2 1 0.909091
4400 pop1 1.1025 1.00227
4400 pop2 1 0.909091
4500 pop1 1.1025 1.00227
4500 pop2 1 0.909091
4600 pop1 1.1025 1.00227
4600 pop2 1 0.909091
4700 pop1 1.1025 1.00227
4700 pop2 1 0.909091
4800 pop1 1.1025 1.00227
4800 pop2 1 0.909091
4900 pop1 1.1025 1.00227
4900 pop2 1 0.909091
5000 pop1 1.1025 1.00227
5000 pop2 1 0.909091
