1 pop1 1 0.909091
1 pop2 1 0.909091
100 pop1 1.06234 0.965765
100 pop2 1.06744 0.970403
200 pop1 1.06056 0.964147
200 pop2 1.07157 0.974156
300 pop1 1.06874 0.971577
300 pop2 1.06202 0.965477
400 pop1 1.06478 0.967985
400 pop2 1.06308 0.966436
500 pop1 1.05976 0.963423
500 pop2 1.06666 0.969695
600 pop1 1.06094 0.964494
600 pop2 1.05991 0.963555
700 pop1 1.06033 0.963934
700 pop2 1.06628 0.969349
800 pop1 1.06252 0.965929
800 pop2 1.06138 0.964887
900 pop1 1.06101 0.964556
900 pop2 1.05711 0.961007
1000 pop1 1.06247 0.965877
1000 pop2 1.06072 0.964293
1100 pop1 1.08519 0.986533
1100 pop2 0.983219 0.893836
1200 pop1 1.08756 0.988687
1200 pop2 0.982561 0.893237
1300 pop1 1.09063 0.991486
1300 pop2 0.985204 0.89564
1400 pop1 1.09675 0.997041
1400 pop2 0.990402 0.900366
1500 pop1 1.09952 0.999563
1500 pop2 0.994035 0.903669
1600 pop1 1.10126 1.00115
1600 pop2 0.9984 0.907637
1700 pop1 1.10226 1.00205
1700 pop2 0.99996 0.909055
1800 pop1 1.10252 1.00229
1800 pop2 0.999506 0.908642
1900 pop1 1.10252 1.00229
1900 pop2 0.999526 0.90866
2000 pop1 1.1025 1.00227
2000 pop2 0.99998 0.909073
2100 pop1 1.1025 1.00227
2100 pop2 1 0.909091
2200 pop1 1.1025 1.00227
2200 pop2 1 0.909091
2300 pop1 1.1025 1.00227
2300 pop2 1 0.909091
2400 pop1 1.1025 1.00227
2400 pop2 1 0.909091
2500 pop1 1.1025 1.00227
2500 pop2 1 0.909091
2600 pop1 1.1025 1.00227
2600 pop2 1 0.909091
2700 pop1 1.1025 1.00227
2700 pop2 1 0.909091
2800 pop1 1.1025 1.00227
2800 pop2 1 0.909091
2900 pop1 1.1025 1.00227
2900 pop2 1 0.909091
3000 pop1 1.1025 1.00227
3000 pop2 1 0.909091
3100 pop1 1.1025 1.00227
3100 pop2 1 0.909091
3200 pop1 1.1025 1.00227
3200 pop2 1 0.909091
3300 pop1 1.1025 1.00227
3300 pop2 1 0.909091
3400 pop1 1.1025 1.00227
3400 pop2 1 0.909091
3500 pop1 1.1025 1.00227
3500 pop2 1 0.909091
3600 pop1 1.1025 1.00227
3600 pop2 1 0.909091
3700 pop1 1.1025 1.00227
3700 pop2 1 0.909091
3800 pop1 1.1025 1.00227
3800 pop2 1 0.909091
3900 pop1 1.1025 1.00227
3900 pop2 1 0.909091
4000 pop1 1.1025 1.00227
4000 pop2 1 0.909091
4100 pop1 1.1025 1.00227
4100 pop2 1 0.909091
4200 pop1 1.1025 1.00227
4200 pop2 1 0.909091
4300 pop1 1.1025 1.00227
4300 pop2 1 0.909091
4400 pop1 1.1025 1.00227
4400 pop2 1 0.909091
4500 pop1 1.1025 1.00227
4500 pop2 1 0.909091
4600 pop1 1.1025 1.00227
4600 pop2 1 0.909091
4700 pop1 1.1025 1.00227
4700 pop2 1 0.909091
4800 pop1 1.1025 1.00227
4800 pop2 1 0.909091
4900 pop1 1.1025 1.00227
4900 pop2 1 0.909091
5000 pop1 1.1025 1.00227
5000 pop2 1 0.909091
