1 pop1 1 0.909091
1 pop2 1 0.909091
100 pop1 1.08178 0.983438
100 pop2 1.07726 0.979332
200 pop1 1.0831 0.984634
200 pop2 1.0736 0.976
300 pop1 1.083 0.984544
300 pop2 1.08384 0.985312
400 pop1 1.08157 0.983242
400 pop2 1.08043 0.98221
500 pop1 1.07536 0.977599
500 pop2 1.07906 0.980961
600 pop1 1.08254 0.984125
600 pop2 1.08078 0.982526
700 pop1 1.08656 0.987785
700 pop2 1.08283 0.98439
800 pop1 1.08102 0.982743
800 pop2 1.08435 0.985771
900 pop1 1.08282 0.984382
900 pop2 1.08343 0.984933
1000 pop1 1.08249 0.984084
1000 pop2 1.08289 0.984444
1100 pop1 1.08473 0.986121
1100 pop2 1.07481 0.977102
1200 pop1 1.08296 0.984508
1200 pop2 1.08805 0.98914
1300 pop1 1.08837 0.989427
1300 pop2 1.08616 0.987421
1400 pop1 1.08784 0.98895
1400 pop2 1.08447 0.985884
1500 pop1 1.08221 0.983829
1500 pop2 1.0855 0.986816
1600 pop1 1.08511 0.986463
1600 pop2 1.0896 0.990548
1700 pop1 1.08519 0.986536
1700 pop2 1.08448 0.985893
1800 pop1 1.08521 0.986554
1800 pop2 1.08695 0.988134
1900 pop1 1.08465 0.986042
1900 pop2 1.08557 0.986881
2000 pop1 1.08783 0.988937
2000 pop2 1.08634 0.987584
2100 pop1 1.08531 0.986645
2100 pop2 1.08872 0.989747
2200 pop1 1.08577 0.987062
2200 pop2 1.08394 0.985397
2300 pop1 1.08258 0.984162
2300 pop2 1.08828 0.989342
2400 pop1 1.08671 0.987921
2400 pop2 1.08352 0.985018
2500 pop1 1.08602 0.987292
2500 pop2 1.08891 0.989914
2600 pop1 1.08603 0.987301
2600 pop2 1.08378 0.985255
2700 pop1 1.0842 0.985632
2700 pop2 1.08547 0.986792
2800 pop1 1.08279 0.98435
2800 pop2 1.08031 0.9821
2900 pop1 1.08298 0.984526
2900 pop2 1.085 0.98636
3000 pop1 1.08597 0.987243
3000 pop2 1.08432 0.985747
3100 pop1 1.08164 0.983309
3100 pop2 1.0874 0.988544
3200 pop1 1.08288 0.984438
3200 pop2 1.08833 0.989389
3300 pop1 1.08685 0.98805
3300 pop2 1.08345 0.984957
3400 pop1 1.08172 0.98338
3400 pop2 1.08551 0.986823
3500 pop1 1.08477 0.986151
3500 pop2 1.08007 0.981882
3600 pop1 1.08242 0.98402
3600 pop2 1.08342 0.984927
3700 pop1 1.08898 0.989983
3700 pop2 1.08621 0.987464
3800 pop1 1.08941 0.990374
3800 pop2 1.08477 0.98615
3900 pop1 1.08644 0.987674
3900 pop2 1.08606 0.987324
4000 pop1 1.08171 0.983372
4000 pop2 1.08753 0.988666
4100 pop1 1.08728 0.988441
4100 pop2 1.08483 0.986213
4200 pop1 1.08593 0.98721
4200 pop2 1.08428 0.985709
4300 pop1 1.08705 0.988228
4300 pop2 1.08672 0.987929
4400 pop1 1.08148 0.983166
4400 pop2 1.08528 0.986615
4500 pop1 1.08528 0.986615
4500 pop2 1.08476 0.986147
4600 pop1 1.08668 0.987888
4600 pop2 1.08203 0.983663
4700 pop1 1.08701 0.988195
4700 pop2 1.08311 0.984642
4800 pop1 1.08366 0.985144
4800 pop2 1.08538 0.98671
4900 pop1 1.08327 0.984788
4900 pop2 1.08332 0.984834
5000 pop1 1.08442 0.985839
5000 pop2 1.08798 0.989075
