1 pop1 1 0.909091
1 pop2 1 0.909091
100 pop1 1.04162 0.946929
100 pop2 1.03796 0.9436
200 pop1 1.04209 0.947354
200 pop2 1.03494 0.940856
300 pop1 1.03837 0.943968
300 pop2 1.03989 0.945352
400 pop1 1.0349 0.940821
400 pop2 1.03651 0.942284
500 pop1 1.0368 0.942546
500 pop2 1.04237 0.947612
600 pop1 1.03974 0.94522
600 pop2 1.03409 0.94008
700 pop1 1.03565 0.941501
700 pop2 1.04187 0.947157
800 pop1 1.03883 0.944388
800 pop2 1.04503 0.950027
900 pop1 1.03824 0.943859
900 pop2 1.04183 0.947117
1000 pop1 1.03635 0.942138
1000 pop2 1.04454 0.949586
1100 pop1 1.08959 0.990535
1100 pop2 0.978472 0.88952
1200 pop1 1.09653 0.996841
1200 pop2 0.97911 0.8901
1300 pop1 1.10102 1.00092
1300 pop2 0.992613 0.902376
1400 pop1 1.10231 1.0021
1400 pop2 0.999111 0.908283
1500 pop1 1.1025 1.00228
1500 pop2 0.999842 0.908947
1600 pop1 1.1025 1.00227
1600 pop2 1 0.909091
1700 pop1 1.1025 1.00227
1700 pop2 1 0.909091
1800 pop1 1.1025 1.00227
1800 pop2 1 0.909091
1900 pop1 1.1025 1.00227
1900 pop2 1 0.909091
2000 pop1 1.1025 1.00227
2000 pop2 1 0.909091
2100 pop1 1.1025 1.00227
2100 pop2 1 0.909091
2200 pop1 1.1025 1.00227
2200 pop2 1 0.909091
2300 pop1 1.1025 1.00227
2300 pop2 1 0.909091
2400 pop1 1.1025 1.00227
2400 pop2 1 0.909091
2500 pop1 1.1025 1.00227
2500 pop2 1 0.909091
2600 pop1 1.1025 1.00227
2600 pop2 1 0.909091
2700 pop1 1.1025 1.00227
2700 pop2 1 0.909091
2800 pop1 1.1025 1.00227
2800 pop2 1 0.909091
2900 pop1 1.1025 1.00227
2900 pop2 1 0.909091
3000 pop1 1.1025 1.00227
3000 pop2 1 0.909091
3100 pop1 1.1025 1.00227
3100 pop2 1 0.909091
3200 pop1 1.1025 1.00227
3200 pop2 1 0.909091
3300 pop1 1.1025 1.00227
3300 pop2 1 0.909091
3400 pop1 1.1025 1.00227
3400 pop2 1 0.909091
3500 pop1 1.1025 1.00227
3500 pop2 1 0.909091
3600 pop1 1.1025 1.00227
3600 pop2 1 0.909091
3700 pop1 1.1025 1.00227
3700 pop2 1 0.909091
3800 pop1 1.1025 1.00227
3800 pop2 1 0.909091
3900 pop1 1.1025 1.00227
3900 pop2 1 0.909091
4000 pop1 1.1025 1.00227
4000 pop2 1 0.909091
4100 pop1 1.1025 1.00227
4100 pop2 1 0.909091
4200 pop1 1.1025 1.00227
4200 pop2 1 0.909091
4300 pop1 1.1025 1.00227
4300 pop2 1 0.909091
4400 pop1 1.1025 1.00227
4400 pop2 1 0.909091
4500 pop1 1.1025 1.00227
4500 pop2 1 0.909091
4600 pop1 1.1025 1.00227
4600 pop2 1 0.909091
4700 pop1 1.1025 1.00227
4700 pop2 1 0.909091
4800 pop1 1.1025 1.00227
4800 pop2 1 0.909091
4900 pop1 1.1025 1.00227
4900 pop2 1 0.909091
5000 pop1 1.1025 1.00227
5000 pop2 1 0.909091
