1 pop1 1 0.909091
1 pop2 1 0.909091
100 pop1 1.08308 0.984619
100 pop2 1.08547 0.986787
200 pop1 1.0837 0.985186
200 pop2 1.08124 0.982949
300 pop1 1.08625 0.9875
300 pop2 1.08391 0.985371
400 pop1 1.08164 0.983311
400 pop2 1.08519 0.986533
500 pop1 1.08478 0.986167
500 pop2 1.08619 0.987447
600 pop1 1.08353 0.985026
600 pop2 1.08841 0.98946
700 pop1 1.08553 0.986844
700 pop2 1.0869 0.988092
800 pop1 1.08437 0.985792
800 pop2 1.08195 0.983591
900 pop1 1.08457 0.985974
900 pop2 1.08263 0.984209
1000 pop1 1.08471 0.986098
1000 pop2 1.08414 0.985581
1100 pop1 1.09301 0.993645
1100 pop2 0.996129 0.905572
1200 pop1 1.09697 0.997241
1200 pop2 0.996642 0.906039
1300 pop1 1.10031 1.00028
1300 pop2 0.997669 0.906972
1400 pop1 1.10135 1.00123
1400 pop2 0.998696 0.907906
1500 pop1 1.10245 1.00223
1500 pop2 0.997906 0.907188
1600 pop1 1.10255 1.00232
1600 pop2 0.999427 0.90857
1700 pop1 1.10253 1.0023
1700 pop2 0.999723 0.908839
1800 pop1 1.1025 1.00228
1800 pop2 0.999862 0.908965
1900 pop1 1.1025 1.00227
1900 pop2 1 0.909091
2000 pop1 1.1025 1.00227
2000 pop2 1 0.909091
2100 pop1 1.1025 1.00227
2100 pop2 1 0.909091
2200 pop1 1.1025 1.00227
2200 pop2 1 0.909091
2300 pop1 1.1025 1.00227
2300 pop2 1 0.909091
2400 pop1 1.1025 1.00227
2400 pop2 1 0.909091
2500 pop1 1.1025 1.00227
2500 pop2 1 0.909091
2600 pop1 1.1025 1.00227
2600 pop2 1 0.909091
2700 pop1 1.1025 1.00227
2700 pop2 1 0.909091
2800 pop1 1.1025 1.00227
2800 pop2 1 0.909091
2900 pop1 1.1025 1.00227
2900 pop2 1 0.909091
3000 pop1 1.1025 1.00227
3000 pop2 1 0.909091
3100 pop1 1.1025 1.00227
3100 pop2 1 0.909091
3200 pop1 1.1025 1.00227
3200 pop2 1 0.909091
3300 pop1 1.1025 1.00227
3300 pop2 1 0.909091
3400 pop1 1.1025 1.00227
3400 pop2 1 0.909091
3500 pop1 1.1025 1.00227
3500 pop2 1 0.909091
3600 pop1 1.1025 1.00227
3600 pop2 1 0.909091
3700 pop1 1.1025 1.00227
3700 pop2 1 0.909091
3800 pop1 1.1025 1.00227
3800 pop2 1 0.909091
3900 pop1 1.1025 1.00227
3900 pop2 1 0.909091
4000 pop1 1.1025 1.00227
4000 pop2 1 0.909091
4100 pop1 1.1025 1.00227
4100 pop2 1 0.909091
4200 pop1 1.1025 1.00227
4200 pop2 1 0.909091
4300 pop1 1.1025 1.00227
4300 pop2 1 0.909091
4400 pop1 1.1025 1.00227
4400 pop2 1 0.909091
4500 pop1 1.1025 1.00227
4500 pop2 1 0.909091
4600 pop1 1.1025 1.00227
4600 pop2 1 0.909091
4700 pop1 1.1025 1.00227
4700 pop2 1 0.909091
4800 pop1 1.1025 1.00227
4800 pop2 1 0.909091
4900 pop1 1.1025 1.00227
4900 pop2 1 0.909091
5000 pop1 1.1025 1.00227
5000 pop2 1 0.909091
