1 pop1 1 0.909091
1 pop2 1 0.909091
100 pop1 1.06671 0.969732
100 pop2 1.06489 0.96808
200 pop1 1.06323 0.966574
200 pop2 1.06002 0.963657
300 pop1 1.06574 0.96885
300 pop2 1.0649 0.968092
400 pop1 1.0685 0.971365
400 pop2 1.0593 0.963001
500 pop1 1.05927 0.962973
500 pop2 1.06465 0.967863
600 pop1 1.06703 0.970028
600 pop2 1.06034 0.963945
700 pop1 1.06368 0.966986
700 pop2 1.05911 0.962825
800 pop1 1.06421 0.967462
800 pop2 1.06534 0.968491
900 pop1 1.06079 0.964359
900 pop2 1.05921 0.96292
1000 pop1 1.06085 0.964409
1000 pop2 1.06058 0.964165
1100 pop1 1.09085 0.991685
1100 pop2 0.980773 0.891611
1200 pop1 1.09177 0.992521
1200 pop2 0.980877 0.891706
1300 pop1 1.09324 0.993856
1300 pop2 0.983477 0.89407
1400 pop1 1.09204 0.992767
1400 pop2 0.985881 0.896255
1500 pop1 1.09633 0.996664
1500 pop2 0.983668 0.894243
1600 pop1 1.10054 1.00049
1600 pop2 0.990184 0.900167
1700 pop1 1.10093 1.00084
1700 pop2 0.99605 0.9055
1800 pop1 1.10242 1.0022
1800 pop2 0.997748 0.907044
1900 pop1 1.10252 1.00229
1900 pop2 0.99923 0.908391
2000 pop1 1.1025 1.00227
2000 pop2 0.999802 0.908911
2100 pop1 1.1025 1.00227
2100 pop2 1 0.909091
2200 pop1 1.1025 1.00227
2200 pop2 1 0.909091
2300 pop1 1.1025 1.00227
2300 pop2 1 0.909091
2400 pop1 1.1025 1.00227
2400 pop2 1 0.909091
2500 pop1 1.1025 1.00227
2500 pop2 1 0.909091
2600 pop1 1.1025 1.00227
2600 pop2 1 0.909091
2700 pop1 1.1025 1.00227
2700 pop2 1 0.909091
2800 pop1 1.1025 1.00227
2800 pop2 1 0.909091
2900 pop1 1.1025 1.00227
2900 pop2 1 0.909091
3000 pop1 1.1025 1.00227
3000 pop2 1 0.909091
3100 pop1 1.1025 1.00227
3100 pop2 1 0.909091
3200 pop1 1.1025 1.00227
3200 pop2 1 0.909091
3300 pop1 1.1025 1.00227
3300 pop2 1 0.909091
3400 pop1 1.1025 1.00227
3400 pop2 1 0.909091
3500 pop1 1.1025 1.00227
3500 pop2 1 0.909091
3600 pop1 1.1025 1.00227
3600 pop2 1 0.909091
3700 pop1 1.1025 1.00227
3700 pop2 1 0.909091
3800 pop1 1.1025 1.00227
3800 pop2 1 0.909091
3900 pop1 1.1025 1.00227
3900 pop2 1 0.909091
4000 pop1 1.1025 1.00227
4000 pop2 1 0.909091
4100 pop1 1.1025 1.00227
4100 pop2 1 0.909091
4200 pop1 1.1025 1.00227
4200 pop2 1 0.909091
4300 pop1 1.1025 1.00227
4300 pop2 1 0.909091
4400 pop1 1.1025 1.00227
4400 pop2 1 0.909091
4500 pop1 1.1025 1.00227
4500 pop2 1 0.909091
4600 pop1 1.1025 1.00227
4600 pop2 1 0.909091
4700 pop1 1.1025 1.00227
4700 pop2 1 0.909091
4800 pop1 1.1025 1.00227
4800 pop2 1 0.909091
4900 pop1 1.1025 1.00227
4900 pop2 1 0.909091
5000 pop1 1.1025 1.00227
5000 pop2 1 0.909091
