1 pop1 1 0.909091
1 pop2 1 0.909091
100 pop1 1.08405 0.985502
100 pop2 1.08623 0.987484
200 pop1 1.08473 0.986122
200 pop2 1.08103 0.982751
300 pop1 1.08287 0.984427
300 pop2 1.08655 0.987768
400 pop1 1.08562 0.986925
400 pop2 1.08144 0.983123
500 pop1 1.08026 0.982054
500 pop2 1.08745 0.988588
600 pop1 1.08401 0.985463
600 pop2 1.08267 0.984244
700 pop1 1.08397 0.985428
700 pop2 1.08554 0.986853
800 pop1 1.08511 0.98646
800 pop2 1.08401 0.985464
900 pop1 1.08398 0.985439
900 pop2 1.0794 0.981271
1000 pop1 1.08688 0.988072
1000 pop2 1.089 0.990003
1100 pop1 1.09384 0.994398
1100 pop2 0.997808 0.907098
1200 pop1 1.09783 0.998024
1200 pop2 0.99842 0.907654
1300 pop1 1.10107 1.00098
1300 pop2 0.999388 0.908534
1400 pop1 1.10017 1.00016
1400 pop2 0.999723 0.908839
1500 pop1 1.1023 1.00209
1500 pop2 0.999526 0.90866
1600 pop1 1.10176 1.0016
1600 pop2 0.999289 0.908444
1700 pop1 1.10238 1.00216
1700 pop2 0.999842 0.908947
1800 pop1 1.1025 1.00227
1800 pop2 1 0.909091
1900 pop1 1.1025 1.00227
1900 pop2 1 0.909091
2000 pop1 1.1025 1.00227
2000 pop2 1 0.909091
2100 pop1 1.1025 1.00227
2100 pop2 1 0.909091
2200 pop1 1.1025 1.00227
2200 pop2 1 0.909091
2300 pop1 1.1025 1.00227
2300 pop2 1 0.909091
2400 pop1 1.1025 1.00227
2400 pop2 1 0.909091
2500 pop1 1.1025 1.00227
2500 pop2 1 0.909091
2600 pop1 1.1025 1.00227
2600 pop2 1 0.909091
2700 pop1 1.1025 1.00227
2700 pop2 1 0.909091
2800 pop1 1.1025 1.00227
2800 pop2 1 0.909091
2900 pop1 1.1025 1.00227
2900 pop2 1 0.909091
3000 pop1 1.1025 1.00227
3000 pop2 1 0.909091
3100 pop1 1.1025 1.00227
3100 pop2 1 0.909091
3200 pop1 1.1025 1.00227
3200 pop2 1 0.909091
3300 pop1 1.1025 1.00227
3300 pop2 1 0.909091
3400 pop1 1.1025 1.00227
3400 pop2 1 0.909091
3500 pop1 1.1025 1.00227
3500 pop2 1 0.909091
3600 pop1 1.1025 1.00227
3600 pop2 1 0.909091
3700 pop1 1.1025 1.00227
3700 pop2 1 0.909091
3800 pop1 1.1025 1.00227
3800 pop2 1 0.909091
3900 pop1 1.1025 1.00227
3900 pop2 1 0.909091
4000 pop1 1.1025 1.00227
4000 pop2 1 0.909091
4100 pop1 1.1025 1.00227
4100 pop2 1 0.909091
4200 pop1 1.1025 1.00227
4200 pop2 1 0.909091
4300 pop1 1.1025 1.00227
4300 pop2 1 0.909091
4400 pop1 1.1025 1.00227
4400 pop2 1 0.909091
4500 pop1 1.1025 1.00227
4500 pop2 1 0.909091
4600 pop1 1.1025 1.00227
4600 pop2 1 0.909091
4700 pop1 1.1025 1.00227
4700 pop2 1 0.909091
4800 pop1 1.1025 1.00227
4800 pop2 1 0.909091
4900 pop1 1.1025 1.00227
4900 pop2 1 0.909091
5000 pop1 1.1025 1.00227
5000 pop2 1 0.909091
