1 pop1 1 0.909091
1 pop2 1 0.909091
100 pop1 1.08597 0.987244
100 pop2 1.08481 0.986188
200 pop1 1.08433 0.985755
200 pop2 1.08332 0.984838
300 pop1 1.08257 0.984154
300 pop2 1.08648 0.987707
400 pop1 1.0849 0.986276
400 pop2 1.08197 0.983605
500 pop1 1.08207 0.983703
500 pop2 1.08182 0.983471
600 pop1 1.08519 0.986537
600 pop2 1.08226 0.983873
700 pop1 1.0869 0.988094
700 pop2 1.08261 0.98419
800 pop1 1.08101 0.982737
800 pop2 1.08337 0.984882
900 pop1 1.08691 0.988102
900 pop2 1.08192 0.983568
1000 pop1 1.08184 0.98349
1000 pop2 1.08411 0.985551
1100 pop1 1.09272 0.993382
1100 pop2 0.993999 0.903635
1200 pop1 1.09162 0.992385
1200 pop2 0.9913 0.901182
1300 pop1 1.0965 0.996814
1300 pop2 0.989659 0.89969
1400 pop1 1.09545 0.995864
1400 pop2 0.992954 0.902685
1500 pop1 1.09515 0.995594
1500 pop2 0.991076 0.900978
1600 pop1 1.09456 0.995056
1600 pop2 0.991023 0.90093
1700 pop1 1.09553 0.995933
1700 pop2 0.992515 0.902286
1800 pop1 1.09586 0.996239
1800 pop2 0.992989 0.902717
1900 pop1 1.09846 0.998597
1900 pop2 0.996445 0.905859
2000 pop1 1.10066 1.0006
2000 pop2 0.99842 0.907654
2100 pop1 1.10144 1.00131
2100 pop2 0.999546 0.908678
2200 pop1 1.10167 1.00152
2200 pop2 1 0.909091
2300 pop1 1.1025 1.00227
2300 pop2 1 0.909091
2400 pop1 1.1025 1.00227
2400 pop2 1 0.909091
2500 pop1 1.1025 1.00227
2500 pop2 1 0.909091
2600 pop1 1.1025 1.00227
2600 pop2 1 0.909091
2700 pop1 1.1025 1.00227
2700 pop2 1 0.909091
2800 pop1 1.1025 1.00227
2800 pop2 1 0.909091
2900 pop1 1.1025 1.00227
2900 pop2 1 0.909091
3000 pop1 1.1025 1.00227
3000 pop2 1 0.909091
3100 pop1 1.1025 1.00227
3100 pop2 1 0.909091
3200 pop1 1.1025 1.00227
3200 pop2 1 0.909091
3300 pop1 1.1025 1.00227
3300 pop2 1 0.909091
3400 pop1 1.1025 1.00227
3400 pop2 1 0.909091
3500 pop1 1.1025 1.00227
3500 pop2 1 0.909091
3600 pop1 1.1025 1.00227
3600 pop2 1 0.909091
3700 pop1 1.1025 1.00227
3700 pop2 1 0.909091
3800 pop1 1.1025 1.00227
3800 pop2 1 0.909091
3900 pop1 1.1025 1.00227
3900 pop2 1 0.909091
4000 pop1 1.1025 1.00227
4000 pop2 1 0.909091
4100 pop1 1.1025 1.00227
4100 pop2 1 0.909091
4200 pop1 1.1025 1.00227
4200 pop2 1 0.909091
4300 pop1 1.1025 1.00227
4300 pop2 1 0.909091
4400 pop1 1.1025 1.00227
4400 pop2 1 0.909091
4500 pop1 1.1025 1.00227
4500 pop2 1 0.909091
4600 pop1 1.1025 1.00227
4600 pop2 1 0.909091
4700 pop1 1.1025 1.00227
4700 pop2 1 0.909091
4800 pop1 1.1025 1.00227
4800 pop2 1 0.909091
4900 pop1 1.1025 1.00227
4900 pop2 1 0.909091
5000 pop1 1.1025 1.00227
5000 pop2 1 0.909091
