1 pop1 1 0.909091
1 pop2 1 0.909091
100 pop1 1.08209 0.983716
100 pop2 1.07854 0.980489
200 pop1 1.07908 0.98098
200 pop2 1.08045 0.982225
300 pop1 1.08144 0.983123
300 pop2 1.0792 0.981087
400 pop1 1.0759 0.978093
400 pop2 1.07938 0.981257
500 pop1 1.07812 0.980105
500 pop2 1.08282 0.984385
600 pop1 1.07684 0.978949
600 pop2 1.08103 0.982754
700 pop1 1.08512 0.986471
700 pop2 1.07958 0.981435
800 pop1 1.08005 0.981865
800 pop2 1.07893 0.980844
900 pop1 1.07766 0.979693
900 pop2 1.08224 0.983851
1000 pop1 1.08108 0.9828
1000 pop2 1.07695 0.979045
1100 pop1 1.08929 0.990268
1100 pop2 1.07744 0.979491
1200 pop1 1.08301 0.984555
1200 pop2 1.08332 0.984833
1300 pop1 1.08528 0.986616
1300 pop2 1.08237 0.983973
1400 pop1 1.08494 0.986308
1400 pop2 1.08519 0.986537
1500 pop1 1.08526 0.986602
1500 pop2 1.0846 0.985997
1600 pop1 1.07875 0.980679
1600 pop2 1.08805 0.989136
1700 pop1 1.08312 0.984654
1700 pop2 1.08535 0.986681
1800 pop1 1.08364 0.985131
1800 pop2 1.08556 0.986877
1900 pop1 1.08333 0.984843
1900 pop2 1.08702 0.988197
2000 pop1 1.08412 0.985561
2000 pop2 1.08512 0.986471
2100 pop1 1.08592 0.987197
2100 pop2 1.08686 0.988058
2200 pop1 1.08803 0.989117
2200 pop2 1.08526 0.986599
2300 pop1 1.08631 0.987553
2300 pop2 1.08812 0.989204
2400 pop1 1.08555 0.986865
2400 pop2 1.08546 0.986782
2500 pop1 1.08782 0.988927
2500 pop2 1.08585 0.987139
2600 pop1 1.08547 0.986787
2600 pop2 1.08405 0.9855
2700 pop1 1.08113 0.982842
2700 pop2 1.08563 0.986939
2800 pop1 1.08578 0.987076
2800 pop2 1.08654 0.987762
2900 pop1 1.08559 0.9869
2900 pop2 1.08669 0.987896
3000 pop1 1.08534 0.986675
3000 pop2 1.08788 0.98898
3100 pop1 1.08432 0.985747
3100 pop2 1.08813 0.989212
3200 pop1 1.08777 0.988886
3200 pop2 1.08346 0.984963
3300 pop1 1.08329 0.98481
3300 pop2 1.0872 0.988367
3400 pop1 1.08642 0.987652
3400 pop2 1.08391 0.985377
3500 pop1 1.08585 0.987133
3500 pop2 1.08243 0.984025
3600 pop1 1.08737 0.988519
3600 pop2 1.08331 0.984827
3700 pop1 1.08566 0.986965
3700 pop2 1.08542 0.986741
3800 pop1 1.08811 0.989195
3800 pop2 1.08662 0.987838
3900 pop1 1.08776 0.988871
3900 pop2 1.08537 0.986701
4000 pop1 1.08733 0.988484
4000 pop2 1.08567 0.986974
4100 pop1 1.08212 0.983749
4100 pop2 1.08592 0.987199
4200 pop1 1.08405 0.985497
4200 pop2 1.08539 0.986714
4300 pop1 1.0824 0.983998
4300 pop2 1.08462 0.986016
4400 pop1 1.08373 0.985208
4400 pop2 1.08408 0.985527
4500 pop1 1.08233 0.983939
4500 pop2 1.08389 0.985352
4600 pop1 1.08375 0.98523
4600 pop2 1.08385 0.985318
4700 pop1 1.08235 0.983954
4700 pop2 1.08543 0.986753
4800 pop1 1.0823 0.983905
4800 pop2 1.08547 0.986787
4900 pop1 1.08498 0.986349
4900 pop2 1.08467 0.986067
5000 pop1 1.08174 0.983399
5000 pop2 1.08672 0.987928
