1 pop1 1 0.909091
1 pop2 1 0.909091
100 pop1 1.03731 0.943006
100 pop2 1.04405 0.949134
200 pop1 1.03929 0.944813
200 pop2 1.0419 0.947181
300 pop1 1.03955 0.945045
300 pop2 1.03862 0.944204
400 pop1 1.0411 0.946457
400 pop2 1.0371 0.942818
500 pop1 1.04002 0.945475
500 pop2 1.0409 0.946268
600 pop1 1.03857 0.944158
600 pop2 1.04153 0.946846
700 pop1 1.04164 0.946944
700 pop2 1.03628 0.942075
800 pop1 1.03695 0.942683
800 pop2 1.04102 0.946386
900 pop1 1.04272 0.947931
900 pop2 1.03947 0.944975
1000 pop1 1.04024 0.94567
1000 pop2 1.04047 0.945878
1100 pop1 1.09491 0.995369
1100 pop2 0.987897 0.898088
1200 pop1 1.10177 1.00161
1200 pop2 0.997416 0.906742
1300 pop1 1.10251 1.00228
1300 pop2 0.999521 0.908655
1400 pop1 1.1025 1.00227
1400 pop2 1 0.909091
1500 pop1 1.1025 1.00227
1500 pop2 1 0.909091
1600 pop1 1.1025 1.00227
1600 pop2 1 0.909091
1700 pop1 1.1025 1.00227
1700 pop2 1 0.909091
1800 pop1 1.1025 1.00227
1800 pop2 1 0.909091
1900 pop1 1.1025 1.00227
1900 pop2 1 0.909091
2000 pop1 1.1025 1.00227
2000 pop2 1 0.909091
2100 pop1 1.1025 1.00227
2100 pop2 1 0.909091
2200 pop1 1.1025 1.00227
2200 pop2 1 0.909091
2300 pop1 1.1025 1.00227
2300 pop2 1 0.909091
2400 pop1 1.1025 1.00227
2400 pop2 1 0.909091
2500 pop1 1.1025 1.00227
2500 pop2 1 0.909091
2600 pop1 1.1025 1.00227
2600 pop2 1 0.909091
2700 pop1 1.1025 1.00227
2700 pop2 1 0.909091
2800 pop1 1.1025 1.00227
2800 pop2 1 0.909091
2900 pop1 1.1025 1.00227
2900 pop2 1 0.909091
3000 pop1 1.1025 1.00227
3000 pop2 1 0.909091
3100 pop1 1.1025 1.00227
3100 pop2 1 0.909091
3200 pop1 1.1025 1.00227
3200 pop2 1 0.909091
3300 pop1 1.1025 1.00227
3300 pop2 1 0.909091
3400 pop1 1.1025 1.00227
3400 pop2 1 0.909091
3500 pop1 1.1025 1.00227
3500 pop2 1 0.909091
3600 pop1 1.1025 1.00227
3600 pop2 1 0.909091
3700 pop1 1.1025 1.00227
3700 pop2 1 0.909091
3800 pop1 1.1025 1.00227
3800 pop2 1 0.909091
3900 pop1 1.1025 1.00227
3900 pop2 1 0.909091
4000 pop1 1.1025 1.00227
4000 pop2 1 0.909091
4100 pop1 1.1025 1.00227
4100 pop2 1 0.909091
4200 pop1 1.1025 1.00227
4200 pop2 1 0.909091
4300 pop1 1.1025 1.00227
4300 pop2 1 0.909091
4400 pop1 1.1025 1.00227
4400 pop2 1 0.909091
4500 pop1 1.1025 1.00227
4500 pop2 1 0.909091
4600 pop1 1.1025 1.00227
4600 pop2 1 0.909091
4700 pop1 1.1025 1.00227
4700 pop2 1 0.909091
4800 pop1 1.1025 1.00227
4800 pop2 1 0.909091
4900 pop1 1.1025 1.00227
4900 pop2 1 0.909091
5000 pop1 1.1025 1.00227
5000 pop2 1 0.909091
