1 pop1 1 0.952381
1 pop2 1 0.952381
100 pop1 1.00929 0.961232
100 pop2 1.01399 0.965704
200 pop1 1.00903 0.960985
200 pop2 1.00951 0.961435
300 pop1 1.0108 0.962664
300 pop2 1.01315 0.964908
400 pop1 1.01361 0.965343
400 pop2 1.01168 0.963506
500 pop1 1.01193 0.96374
500 pop2 1.00978 0.961695
600 pop1 1.01049 0.962369
600 pop2 1.01192 0.963732
700 pop1 1.01028 0.962174
700 pop2 1.01282 0.964595
800 pop1 1.0127 0.964475
800 pop2 1.00725 0.959288
900 pop1 1.01253 0.964316
900 pop2 1.00547 0.957591
1000 pop1 1.01147 0.963307
1000 pop2 1.00987 0.961778
1100 pop1 1.0074 0.959427
1100 pop2 1.01011 0.962008
1200 pop1 1.01112 0.962975
1200 pop2 1.00922 0.96116
1300 pop1 1.00846 0.960434
1300 pop2 1.01068 0.962554
1400 pop1 1.00868 0.960652
1400 pop2 1.01087 0.962735
1500 pop1 1.01232 0.964118
1500 pop2 1.01071 0.962578
1600 pop1 1.00747 0.959494
1600 pop2 1.0109 0.962763
1700 pop1 1.0089 0.96086
1700 pop2 1.01267 0.96445
1800 pop1 1.01469 0.966372
1800 pop2 1.0084 0.960378
1900 pop1 1.01263 0.96441
1900 pop2 1.01275 0.964523
2000 pop1 1.01006 0.961959
2000 pop2 1.01293 0.964698
2100 pop1 1.00712 0.959162
2100 pop2 1.01469 0.96637
2200 pop1 1.00717 0.959209
2200 pop2 1.01297 0.964737
2300 pop1 1.01457 0.96626
2300 pop2 1.00875 0.960712
2400 pop1 1.01155 0.963383
2400 pop2 1.01309 0.964851
2500 pop1 1.01143 0.963267
2500 pop2 1.00856 0.960535
2600 pop1 1.04107 0.991496
2600 pop2 0.991452 0.94424
2700 pop1 1.04807 0.998161
2700 pop2 0.994506 0.947148
2800 pop1 1.05012 1.00011
2800 pop2 0.997492 0.949992
2900 pop1 1.05013 1.00013
2900 pop2 0.999438 0.951846
3000 pop1 1.05025 1.00024
3000 pop2 0.999896 0.952282
3100 pop1 1.0506 1.00058
3100 pop2 1 0.952381
3200 pop1 1.05062 1.0006
3200 pop2 1 0.952381
3300 pop1 1.05062 1.0006
3300 pop2 1 0.952381
3400 pop1 1.05062 1.0006
3400 pop2 1 0.952381
3500 pop1 1.05062 1.0006
3500 pop2 1 0.952381
3600 pop1 1.05062 1.0006
3600 pop2 1 0.952381
3700 pop1 1.05062 1.0006
3700 pop2 1 0.952381
3800 pop1 1.05062 1.0006
3800 pop2 1 0.952381
3900 pop1 1.05062 1.0006
3900 pop2 1 0.952381
4000 pop1 1.05062 1.0006
4000 pop2 1 0.952381
4100 pop1 1.05062 1.0006
4100 pop2 1 0.952381
4200 pop1 1.05062 1.0006
4200 pop2 1 0.952381
4300 pop1 1.05062 1.0006
4300 pop2 1 0.952381
4400 pop1 1.05062 1.0006
4400 pop2 1 0.952381
4500 pop1 1.05062 1.0006
4500 pop2 1 0.952381
4600 pop1 1.05062 1.0006
4600 pop2 1 0.952381
4700 pop1 1.05062 1.0006
4700 pop2 1 0.952381
4800 pop1 1.05062 1.0006
4800 pop2 1 0.952381
4900 pop1 1.05062 1.0006
4900 pop2 1 0.952381
5000 pop1 1.05062 1.0006
5000 pop2 1 0.952381
