1 pop1 1 0.909091
1 pop2 1 0.909091
100 pop1 1.037 0.942724
100 pop2 1.03918 0.944705
200 pop1 1.03813 0.943752
200 pop2 1.04733 0.952115
300 pop1 1.0422 0.947453
300 pop2 1.04231 0.947552
400 pop1 1.03734 0.943034
400 pop2 1.03867 0.944249
500 pop1 1.04179 0.947083
500 pop2 1.03511 0.941013
600 pop1 1.03873 0.944296
600 pop2 1.04183 0.947121
700 pop1 1.04232 0.947564
700 pop2 1.03835 0.943955
800 pop1 1.04605 0.950957
800 pop2 1.04066 0.946051
900 pop1 1.03518 0.941071
900 pop2 1.04047 0.945886
1000 pop1 1.0386 0.944178
1000 pop2 1.03719 0.942896
1100 pop1 1.0974 0.997641
1100 pop2 0.991415 0.901286
1200 pop1 1.10147 1.00134
1200 pop2 0.998144 0.907404
1300 pop1 1.10252 1.00229
1300 pop2 0.999388 0.908534
1400 pop1 1.1025 1.00227
1400 pop2 1 0.909091
1500 pop1 1.1025 1.00227
1500 pop2 1 0.909091
1600 pop1 1.1025 1.00227
1600 pop2 1 0.909091
1700 pop1 1.1025 1.00227
1700 pop2 1 0.909091
1800 pop1 1.1025 1.00227
1800 pop2 1 0.909091
1900 pop1 1.1025 1.00227
1900 pop2 1 0.909091
2000 pop1 1.1025 1.00227
2000 pop2 1 0.909091
2100 pop1 1.1025 1.00227
2100 pop2 1 0.909091
2200 pop1 1.1025 1.00227
2200 pop2 1 0.909091
2300 pop1 1.1025 1.00227
2300 pop2 1 0.909091
2400 pop1 1.1025 1.00227
2400 pop2 1 0.909091
2500 pop1 1.1025 1.00227
2500 pop2 1 0.909091
2600 pop1 1.1025 1.00227
2600 pop2 1 0.909091
2700 pop1 1.1025 1.00227
2700 pop2 1 0.909091
2800 pop1 1.1025 1.00227
2800 pop2 1 0.909091
2900 pop1 1.1025 1.00227
2900 pop2 1 0.909091
3000 pop1 1.1025 1.00227
3000 pop2 1 0.909091
3100 pop1 1.1025 1.00227
3100 pop2 1 0.909091
3200 pop1 1.1025 1.00227
3200 pop2 1 0.909091
3300 pop1 1.1025 1.00227
3300 pop2 1 0.909091
3400 pop1 1.1025 1.00227
3400 pop2 1 0.909091
3500 pop1 1.1025 1.00227
3500 pop2 1 0.909091
3600 pop1 1.1025 1.00227
3600 pop2 1 0.909091
3700 pop1 1.1025 1.00227
3700 pop2 1 0.909091
3800 pop1 1.1025 1.00227
3800 pop2 1 0.909091
3900 pop1 1.1025 1.00227
3900 pop2 1 0.909091
4000 pop1 1.1025 1.00227
4000 pop2 1 0.909091
4100 pop1 1.1025 1.00227
4100 pop2 1 0.909091
4200 pop1 1.1025 1.00227
4200 pop2 1 0.909091
4300 pop1 1.1025 1.00227
4300 pop2 1 0.909091
4400 pop1 1.1025 1.00227
4400 pop2 1 0.909091
4500 pop1 1.1025 1.00227
4500 pop2 1 0.909091
4600 pop1 1.1025 1.00227
4600 pop2 1 0.909091
4700 pop1 1.1025 1.00227
4700 pop2 1 0.909091
4800 pop1 1.1025 1.00227
4800 pop2 1 0.909091
4900 pop1 1.1025 1.00227
4900 pop2 1 0.909091
5000 pop1 1.1025 1.00227
5000 pop2 1 0.909091
