1 pop1 1 0.909091
1 pop2 1 0.909091
100 pop1 1.05812 0.961924
100 pop2 1.06166 0.965143
200 pop1 1.05546 0.95951
200 pop2 1.06065 0.964223
300 pop1 1.0569 0.96082
300 pop2 1.06087 0.964427
400 pop1 1.0593 0.963004
400 pop2 1.05839 0.962171
500 pop1 1.06409 0.967356
500 pop2 1.05394 0.958127
600 pop1 1.05735 0.961225
600 pop2 1.06216 0.965597
700 pop1 1.06229 0.965723
700 pop2 1.05859 0.962351
800 pop1 1.0612 0.964731
800 pop2 1.05979 0.963442
900 pop1 1.06231 0.965734
900 pop2 1.05489 0.958992
1000 pop1 1.06402 0.967288
1000 pop2 1.06291 0.966283
1100 pop1 1.07569 0.977899
1100 pop2 1.06588 0.968981
1200 pop1 1.07519 0.977449
1200 pop2 1.0705 0.973179
1300 pop1 1.07288 0.975344
1300 pop2 1.07062 0.973292
1400 pop1 1.07166 0.97424
1400 pop2 1.0729 0.975363
1500 pop1 1.06892 0.971746
1500 pop2 1.07216 0.974693
1600 pop1 1.0635 0.966814
1600 pop2 1.07711 0.979187
1700 pop1 1.06471 0.967918
1700 pop2 1.07942 0.981295
1800 pop1 1.0714 0.973997
1800 pop2 1.07374 0.976128
1900 pop1 1.07128 0.973889
1900 pop2 1.07242 0.974925
2000 pop1 1.07465 0.976956
2000 pop2 1.07154 0.974126
2100 pop1 1.06942 0.972196
2100 pop2 1.07196 0.97451
2200 pop1 1.07332 0.975743
2200 pop2 1.07257 0.975062
2300 pop1 1.0717 0.974273
2300 pop2 1.0668 0.969814
2400 pop1 1.07561 0.977832
2400 pop2 1.07217 0.9747
2500 pop1 1.07261 0.975103
2500 pop2 1.06877 0.971608
2600 pop1 1.0736 0.976002
2600 pop2 1.07096 0.973601
2700 pop1 1.0743 0.976634
2700 pop2 1.06962 0.97238
2800 pop1 1.07356 0.975961
2800 pop2 1.07238 0.974889
2900 pop1 1.07281 0.975278
2900 pop2 1.07066 0.973329
3000 pop1 1.06955 0.972316
3000 pop2 1.07344 0.975853
3100 pop1 1.07205 0.974589
3100 pop2 1.07368 0.97607
3200 pop1 1.06549 0.968626
3200 pop2 1.07308 0.975531
3300 pop1 1.07107 0.973701
3300 pop2 1.07095 0.973589
3400 pop1 1.06655 0.96959
3400 pop2 1.07093 0.973572
3500 pop1 1.0723 0.974815
3500 pop2 1.06908 0.971888
3600 pop1 1.07229 0.974807
3600 pop2 1.06721 0.970195
3700 pop1 1.07428 0.976622
3700 pop2 1.06492 0.968113
3800 pop1 1.0733 0.975725
3800 pop2 1.07059 0.973266
3900 pop1 1.06448 0.967709
3900 pop2 1.07628 0.978434
4000 pop1 1.07191 0.974462
4000 pop2 1.0705 0.973183
4100 pop1 1.0753 0.977542
4100 pop2 1.07085 0.973501
4200 pop1 1.07174 0.974307
4200 pop2 1.06847 0.971333
4300 pop1 1.07182 0.974385
4300 pop2 1.07413 0.976485
4400 pop1 1.07191 0.974462
4400 pop2 1.07174 0.974309
4500 pop1 1.06881 0.971642
4500 pop2 1.07172 0.97429
4600 pop1 1.07123 0.973847
4600 pop2 1.06729 0.970268
4700 pop1 1.07373 0.97612
4700 pop2 1.06624 0.969309
4800 pop1 1.071 0.97364
4800 pop2 1.06918 0.97198
4900 pop1 1.07224 0.97476
4900 pop2 1.07473 0.977026
5000 pop1 1.06796 0.970873
5000 pop2 1.07296 0.975415
