1 pop1 1 0.909091
1 pop2 1 0.909091
100 pop1 1.03456 0.940505
100 pop2 1.03574 0.941585
200 pop1 1.0321 0.938274
200 pop2 1.03559 0.941447
300 pop1 1.03187 0.938062
300 pop2 1.04014 0.945586
400 pop1 1.0312 0.937452
400 pop2 1.0274 0.934001
500 pop1 1.04047 0.945885
500 pop2 1.0366 0.94236
600 pop1 1.02886 0.935329
600 pop2 1.03635 0.942136
700 pop1 1.02761 0.934191
700 pop2 1.03851 0.944097
800 pop1 1.03778 0.943437
800 pop2 1.0308 0.937091
900 pop1 1.03135 0.937595
900 pop2 1.03264 0.938767
1000 pop1 1.03413 0.940121
1000 pop2 1.03434 0.940312
1100 pop1 1.06791 0.970831
1100 pop2 1.04189 0.94717
1200 pop1 1.05809 0.961903
1200 pop2 1.05816 0.961966
1300 pop1 1.05703 0.960935
1300 pop2 1.0637 0.967002
1400 pop1 1.04943 0.954026
1400 pop2 1.06991 0.972641
1500 pop1 1.05981 0.963464
1500 pop2 1.05922 0.962931
1600 pop1 1.06063 0.964205
1600 pop2 1.05929 0.962995
1700 pop1 1.05699 0.960898
1700 pop2 1.05957 0.963243
1800 pop1 1.05557 0.959612
1800 pop2 1.06514 0.968313
1900 pop1 1.05974 0.963403
1900 pop2 1.06236 0.965786
2000 pop1 1.06486 0.968056
2000 pop2 1.05613 0.960121
2100 pop1 1.06558 0.968705
2100 pop2 1.05881 0.962559
2200 pop1 1.05725 0.961134
2200 pop2 1.06058 0.964165
2300 pop1 1.05893 0.962666
2300 pop2 1.06438 0.967618
2400 pop1 1.06426 0.967509
2400 pop2 1.06016 0.963783
2500 pop1 1.06393 0.967212
2500 pop2 1.06384 0.967125
2600 pop1 1.06305 0.966407
2600 pop2 1.06096 0.964511
2700 pop1 1.06412 0.967382
2700 pop2 1.05628 0.96025
2800 pop1 1.0674 0.970366
2800 pop2 1.05781 0.961646
2900 pop1 1.06414 0.967402
2900 pop2 1.0561 0.960091
3000 pop1 1.06211 0.965555
3000 pop2 1.06561 0.968735
3100 pop1 1.06437 0.967606
3100 pop2 1.0586 0.962365
3200 pop1 1.06505 0.968226
3200 pop2 1.0583 0.962087
3300 pop1 1.06099 0.964538
3300 pop2 1.05845 0.962232
3400 pop1 1.06227 0.965704
3400 pop2 1.06072 0.964292
3500 pop1 1.05981 0.963467
3500 pop2 1.06132 0.964834
3600 pop1 1.06043 0.96403
3600 pop2 1.06219 0.96563
3700 pop1 1.05697 0.960886
3700 pop2 1.06205 0.965497
3800 pop1 1.06102 0.964565
3800 pop2 1.06584 0.968942
3900 pop1 1.05937 0.96306
3900 pop2 1.06335 0.966678
4000 pop1 1.06336 0.966691
4000 pop2 1.062 0.965457
4100 pop1 1.0597 0.963362
4100 pop2 1.06258 0.965984
4200 pop1 1.06282 0.966199
4200 pop2 1.06347 0.966793
4300 pop1 1.06343 0.966752
4300 pop2 1.05947 0.963156
4400 pop1 1.06096 0.964506
4400 pop2 1.06562 0.968747
4500 pop1 1.06363 0.966938
4500 pop2 1.06038 0.963985
4600 pop1 1.06094 0.964493
4600 pop2 1.06025 0.963864
4700 pop1 1.06407 0.967332
4700 pop2 1.05922 0.962931
4800 pop1 1.06296 0.966331
4800 pop2 1.05697 0.960882
4900 pop1 1.06581 0.968917
4900 pop2 1.05752 0.961382
5000 pop1 1.06425 0.967504
5000 pop2 1.05598 0.959982
